230	552
304	97
417	378
274	202
293	309
353	546
278	388
291	366
290	48
483	367
326	215
223	408
292	406
506	134
390	274
273	379
402	479
96	337
519	406
454	331
317	504
301	306
244	318
466	286
302	332
310	426
177	155
497	210
299	286
263	124
330	557
472	128
340	416
300	212
97	270
343	467
390	114
447	120
232	237
318	214
246	96
298	78
182	344
315	358
300	248
156	278
305	556
367	419
295	430
350	34
443	158
302	590
246	436
409	355
188	334
226	244
329	343
261	515
395	238
488	384
246	219
423	352
456	306
187	276
342	314
352	513
256	208
321	584
288	193
147	247
345	61
257	399
397	269
308	419
342	30
364	569
149	364
322	170
169	332
315	24
226	127
315	216
278	154
262	490
476	352
306	384
362	371
334	172
193	461
90	320
287	230
304	349
300	276
265	423
331	525
110	274
386	237
331	157
290	289
333	313
298	19
134	287
201	142
200	110
217	81
284	384
340	418
294	172
225	245
120	348
427	165
315	353
296	563
342	301
289	202
293	315
307	253
278	350
586	300
191	136
366	436
91	294
303	385
523	323
328	252
522	258
300	589
302	287
342	218
373	494
305	267
243	549
198	175
335	267
94	309
439	393
214	296
154	433
417	341
307	546
379	302
318	108
392	284
300	81
241	201
324	140
335	437
251	224
342	292
168	474
327	273
46	340
269	240
503	363
201	434
219	484
414	414
388	228
350	453
290	233
344	273
268	535
281	30
311	382
316	469
237	540
136	232
72	338
303	451
98	352
380	435
571	215
110	148
185	91
329	50
102	212
460	282
282	447
440	459
319	35
226	209
300	403
345	263
283	88
436	175
509	327
259	482
392	291
210	474
289	70
219	339
60	383
335	129
402	456
299	517
388	192
273	312
294	104
329	473
123	282
120	385
399	342
168	358
288	77
260	303
366	209
307	86
251	310
162	57
289	63
226	436
452	487
427	476
307	585
309	479
246	258
325	299
247	302
239	56
201	492
233	441
358	279
316	307
278	435
399	432
301	238
301	184
466	290
387	202
273	53
317	56
412	562
385	423
311	27
321	379
315	412
353	517
267	267
399	427
468	379
178	249
426	444
374	433
309	262
321	321
297	274
110	410
333	344
324	110
460	437
538	355
253	27
233	185
331	516
242	340
191	241
509	244
313	178
273	187
270	572
289	110
271	488
403	136
383	329
172	157
146	232
186	158
348	257
197	283
445	145
218	241
476	135
387	220
304	162
299	171
263	23
136	443
275	165
337	342
274	228
528	313
299	159
274	104
263	252
551	360
452	311
236	299
288	14
277	565
294	289
312	563
278	163
515	229
443	497
436	359
49	310
57	372
289	255
225	117
299	454
287	110
466	183
317	126
455	424
313	453
375	247
453	340
206	380
284	353
191	400
192	414
314	406
118	254
395	507
226	239
302	597
442	281
239	265
508	411
475	316
446	322
273	205
119	213
251	301
208	472
197	44
154	84
581	231
306	470
470	147
305	309
306	114
322	212
292	359
295	228
108	471
121	364
372	330
385	26
461	400
280	562
400	156
347	544
403	233
348	332
435	283
227	201
251	319
338	524
407	304
304	500
372	403
476	197
448	162
325	199
235	431
175	320
287	466
297	362
317	45
231	174
299	301
143	324
79	194
212	255
332	276
271	514
457	221
240	234
311	455
94	459
387	382
345	465
300	394
242	284
216	62
284	173
261	508
315	323
322	292
467	296
300	228
349	284
311	275
460	118
234	444
300	202
545	307
308	535
344	421
306	304
518	260
126	497
526	258
206	45
209	88
300	452
422	194
124	417
111	264
318	75
307	272
377	85
280	213
258	265
188	404
285	560
431	219
339	488
237	494
316	282
521	339
205	536
300	588
308	184
193	285
262	142
315	247
140	472
412	309
91	446
378	340
289	545
297	141
323	142
391	539
481	131
468	390
310	350
456	229
439	436
111	397
312	153
130	256
561	313
346	307
242	192
316	553
444	317
310	316
467	140
331	520
331	303
162	422
304	494
300	140
338	67
352	228
366	476
310	186
218	253
305	410
278	96
413	304
295	232
314	306
242	474
284	482
486	156
223	337
233	314
300	328
330	83
338	259
461	259
334	579
294	205
233	319
149	397
164	83
291	233
466	240
300	372
209	450
300	225
377	241
347	346
188	309
249	442
333	364
320	138
389	144
141	126
63	395
196	27
327	182
274	98
413	273
359	159
313	177
423	380
103	344
300	173
481	135
300	262
330	260
240	532
162	329
374	220
273	83
319	26
459	99
226	501
343	343
199	182
182	208
380	550
292	285
299	79
212	420
357	471
181	221
222	374
377	173
309	435
309	88
239	303
293	530
368	287
363	366
306	9
300	104
193	336
338	514
339	43
232	224
448	149
422	448
259	283
306	469
310	505
311	186
264	360
322	416
249	478
341	351
280	15
503	203
304	229
386	392
356	222
351	246
254	215
325	153
300	41
364	273
183	147
302	218
425	402
298	291
104	235
228	417
277	441
261	233
509	213
456	339
336	271
302	105
291	97
393	422
314	487
429	539
392	284
312	237
275	336
294	334
442	125
552	177
138	512
374	319
161	478
514	434
302	129
310	73
232	380
367	373
240	542
398	278
161	144
73	383
279	344
278	498
236	320
308	233
19	300
364	529
204	404
299	420
232	530
289	444
378	130
261	364
377	516
409	477
271	76
363	320
349	261
258	152
428	167
453	324
226	377
89	367
202	225
62	373
461	328
243	147
257	334
249	365
499	366
285	278
173	273
237	439
512	349
294	415
275	355
477	307
355	281
327	327
225	532
127	300
233	363
303	261
520	253
403	303
307	48
305	300
482	323
190	390
227	335
437	422
542	334
397	295
394	250
295	20
310	341
346	394
344	567
319	250
368	328
246	496
130	435
287	118
206	257
222	97
132	260
204	475
263	541
324	303
329	424
392	290
284	334
181	261
531	419
312	352
560	317
201	244
99	381
321	204
546	423
366	256
324	204
309	200
282	377
268	315
335	227
141	352
319	215
309	366
293	514
344	425
135	193
373	278
307	287
292	318
209	409
204	498
277	437
246	278
205	498
365	129
308	300
373	131
351	124
237	412
192	114
145	336
53	275
286	513
183	449
163	201
419	449
203	53
442	366
365	475
170	292
345	240
367	241
369	178
293	120
307	575
292	322
389	298
150	407
302	343
332	403
281	234
194	280
470	223
397	267
301	12
299	69
310	162
374	287
293	500
177	495
162	194
363	204
195	450
453	481
126	256
350	17
162	464
410	269
130	140
246	449
287	355
328	380
423	412
173	403
348	86
504	300
287	493
493	247
244	60
256	427
290	469
420	524
162	276
223	315
451	212
205	533
292	370
435	454
266	267
300	507
266	283
309	159
227	31
318	43
315	465
328	403
345	497
271	350
347	358
167	262
292	500
389	110
359	96
510	316
273	314
292	186
299	262
274	243
435	277
266	326
309	67
211	420
125	197
216	373
256	314
288	344
314	458
289	313
219	261
344	66
348	283
551	300
349	585
300	549
312	357
175	92
284	300
98	436
369	212
247	108
290	320
109	230
293	489
322	307
243	127
380	143
322	91
356	474
471	193
374	231
204	468
108	449
303	207
395	379
252	480
308	574
252	389
186	495
360	311
222	70
412	302
431	419
222	158
270	282
372	183
205	253
215	430
304	155
248	219
115	435
195	215
221	356
300	565
240	388
320	419
464	323
451	433
329	152
300	429
309	550
261	117
195	227
131	246
333	321
324	464
269	81
114	188
319	182
225	330
252	296
542	348
345	357
308	558
330	534
194	215
297	416
429	157
324	255
399	316
302	581
79	460
369	378
206	298
357	237
303	515
170	99
303	379
326	164
297	207
379	400
207	387
286	59
368	296
276	93
274	72
199	557
210	466
59	427
300	231
309	547
182	477
400	221
315	495
231	47
236	39
284	299
343	28
245	195
487	222
239	408
157	408
263	303
319	515
136	358
302	208
356	248
282	245
328	202
342	122
315	458
299	328
375	21
60	195
300	496
300	453
321	28
565	326
191	465
165	327
265	402
285	418
220	31
226	456
88	303
253	187
288	113
511	315
444	171
429	320
341	188
260	376
408	345
302	520
306	194
213	294
186	95
235	371
272	478
300	284
347	388
45	282
400	475
301	248
457	418
297	300
366	428
133	284
195	254
320	523
294	422
419	296
261	367
32	230
428	373
181	297
308	322
161	410
365	107
470	293
367	225
312	479
230	366
572	242
267	430
251	230
464	479
488	259
431	92
343	304
308	284
301	378
224	427
341	379
301	70
136	304
390	453
368	557
565	404
83	254
223	570
265	559
405	400
214	463
280	126
317	517
434	297
353	200
536	388
299	444
331	92
395	45
207	378
243	169
103	254
301	433
339	586
364	197
365	252
231	525
308	153
197	344
307	32
237	312
214	412
288	274
296	441
370	336
352	323
479	356
310	166
307	284
243	320
422	107
108	153
377	346
259	109
401	475
299	219
222	315
356	66
125	288
391	428
540	227
297	87
306	116
153	279
435	502
224	505
541	316
453	242
59	388
232	504
295	57
421	288
336	51
300	382
257	315
433	50
234	205
176	224
314	318
423	512
389	508
350	263
423	253
254	323
548	307
435	314
425	309
317	274
263	197
300	524
464	439
213	317
541	421
442	185
384	366
305	200
178	434
527	228
277	219
407	298
106	486
520	277
250	464
285	200
252	346
298	506
321	384
238	415
447	202
178	426
299	197
164	430
100	177
441	302
353	463
424	313
272	470
273	450
196	99
300	590
407	220
243	383
300	338
310	303
314	302
206	403
268	206
112	430
296	120
316	282
218	489
431	429
398	502
161	449
229	267
360	548
127	439
294	126
218	430
370	478
495	253
429	308
476	349
340	481
297	153
332	549
304	321
235	361
269	532
246	32
279	120
47	232
359	120
301	41
247	310
526	413
220	248
237	420
330	183
323	493
56	266
437	334
346	349
275	478
307	262
244	349
318	26
61	341
290	202
288	98
244	176
311	464
346	31
287	319
329	365
60	373
211	73
322	129
270	292
224	70
115	394
428	347
314	563
168	193
42	263
309	172
327	249
230	143
286	519
153	68
300	328
380	371
257	534
266	397
129	474
418	412
450	138
277	464
382	87
186	259
339	393
409	406
321	316
116	382
64	307
295	128
301	357
438	106
453	275
260	281
242	256
165	282
280	105
362	463
397	101
311	283
209	142
282	342
369	68
230	426
449	185
75	396
292	250
296	565
215	551
281	595
320	96
181	200
300	126
520	281
308	163
115	287
271	443
252	480
148	303
338	556
165	249
21	279
324	439
304	51
91	160
356	80
141	321
311	101
462	399
330	355
77	409
96	364
276	343
290	83
407	265
147	374
314	486
320	310
261	76
111	496
300	21
283	212
30	256
379	101
406	156
271	309
373	137
301	335
382	493
318	157
272	391
116	240
83	300
396	202
225	512
325	243
312	182
361	486
319	339
356	277
331	140
206	396
218	314
296	254
31	391
155	344
233	296
533	369
297	290
268	274
190	243
373	307
418	343
300	372
324	152
318	221
495	287
231	533
181	152
305	571
388	518
297	287
272	360
292	243
320	120
337	95
237	379
86	294
469	153
261	507
454	179
378	332
210	341
174	358
222	343
277	516
315	203
131	68
408	394
300	274
27	320
219	191
281	432
358	335
355	424
346	327
324	515
294	403
418	283
547	206
212	337
81	203
300	59
182	155
315	47
173	227
316	102
401	540
345	110
347	190
335	457
304	386
333	281
254	13
260	432
319	262
396	202
364	50
331	550
277	497
228	325
271	300
401	399
174	436
484	98
19	324
305	530
434	82
299	233
297	136
315	585
131	510
281	232
328	213
149	166
196	308
437	324
28	267
273	160
268	351
401	360
294	546
303	278
189	457
183	61
295	334
424	444
275	265
398	232
426	253
307	211
197	300
300	344
71	193
313	296
317	507
370	316
192	54
169	156
295	343
395	354
516	400
335	322
438	310
95	379
384	397
329	257
472	244
454	353
389	293
295	347
425	349
258	32
503	252
386	83
175	248
289	216
302	419
199	511
243	152
306	466
316	509
163	217
276	114
319	221
301	470
300	326
479	263
393	319
365	328
239	467
245	174
307	283
318	330
198	164
298	373
232	109
278	281
432	543
244	194
247	151
557	201
349	191
275	490
265	35
293	448
345	338
257	427
300	151
218	201
280	464
248	301
387	241
252	227
320	472
248	59
401	441
313	287
364	403
300	511
331	254
205	449
399	297
311	201
158	428
196	427
290	337
288	374
317	561
242	146
273	490
300	233
137	346
238	32
300	307
266	449
355	319
306	377
401	117
243	409
358	331
434	79
295	496
255	115
166	316
517	323
271	567
312	297
148	442
254	27
335	295
349	476
337	41
208	131
301	326
290	49
334	311
234	148
200	247
306	579
329	432
496	387
289	286
375	80
396	403
327	560
216	418
251	60
204	398
325	352
412	225
236	392
407	221
306	280
521	365
296	69
186	181
304	255
351	257
304	384
205	332
295	154
269	511
251	404
287	165
379	364
201	462
438	349
272	158
319	563
254	345
137	277
416	218
381	146
356	142
251	354
321	198
504	345
128	337
308	546
252	41
242	470
329	565
59	385
299	589
141	403
364	144
159	402
302	451
389	406
265	534
321	207
248	259
134	363
322	454
321	282
382	318
546	283
391	49
423	316
239	385
374	113
304	215
279	402
256	417
291	547
199	251
332	411
494	346
393	514
253	337
282	470
300	198
300	139
291	393
450	199
232	334
175	450
390	383
256	315
443	462
141	270
341	197
293	135
384	227
31	229
443	395
363	280
215	378
288	498
361	42
331	392
167	375
274	292
298	140
261	277
365	301
259	420
422	269
306	339
327	107
293	570
369	50
252	65
355	367
293	210
503	330
360	235
247	110
413	435
398	130
349	301
300	471
281	121
226	365
493	358
204	311
339	521
239	466
288	145
517	290
94	392
270	131
254	350
288	353
308	486
253	130
323	38
284	420
306	564
318	558
337	406
441	306
233	249
269	396
490	206
449	380
376	87
319	539
341	108
331	481
335	149
210	284
349	340
238	394
292	147
474	312
298	145
102	158
242	47
148	240
291	380
287	536
128	242
321	373
306	451
274	392
265	476
411	221
289	68
288	238
442	276
334	28
365	502
363	201
264	458
419	333
299	263
406	404
206	282
90	102
555	360
274	328
440	173
191	129
322	314
339	144
267	194
335	165
250	560
172	273
300	268
405	61
302	405
352	145
188	294
506	206
271	157
319	361
376	453
427	250
246	347
231	112
316	396
243	64
362	412
288	547
168	224
249	406
405	241
319	538
234	346
387	364
204	563
476	227
305	519
278	323
340	181
345	109
112	255
164	404
269	276
204	539
314	35
262	479
265	184
415	220
139	444
340	530
327	573
327	287
419	145
261	185
264	461
283	242
467	262
144	300
251	161
305	474
291	242
218	515
303	157
482	493
148	500
284	345
380	233
410	487
303	67
521	174
448	299
316	272
250	306
320	408
274	342
240	205
290	538
264	279
231	193
200	274
169	86
300	359
298	254
322	161
364	242
496	487
196	227
56	291
298	103
282	514
186	465
436	132
258	169
323	385
377	497
340	33
212	297
500	299
80	333
199	280
110	315
427	456
296	113
123	347
283	273
443	280
305	397
321	533
234	326
314	356
311	309
209	432
390	126
304	128
310	247
371	153
317	256
262	12
415	270
253	166
362	545
301	489
520	301
234	496
260	261
451	121
163	183
248	85
243	308
410	63
481	280
297	176
246	125
170	299
307	137
378	323
306	206
422	389
239	296
343	60
321	382
273	294
306	467
241	548
573	359
272	229
270	96
292	539
153	465
329	484
88	279
383	299
255	513
350	346
308	218
309	566
162	503
305	104
79	234
330	479
198	105
305	380
532	261
287	350
285	554
317	439
291	540
316	198
242	162
416	347
259	188
271	503
231	564
258	338
413	211
286	152
276	355
83	294
324	256
133	270
309	132
299	406
200	246
292	292
145	324
413	528
223	318
477	412
299	463
384	397
430	501
232	503
95	356
252	344
428	120
255	370
270	132
159	313
414	141
327	354
245	275
364	428
358	415
209	128
296	277
379	442
425	324
301	235
231	138
432	150
350	429
277	308
394	516
321	404
309	458
536	191
280	22
533	218
317	54
297	300
304	27
185	215
247	371
330	458
479	379
291	338
279	498
419	114
239	229
303	475
286	396
352	516
179	254
456	339
268	271
439	219
449	454
183	393
418	375
293	574
355	144
261	393
298	565
366	411
286	233
228	533
300	61
463	243
155	393
290	458
431	351
474	223
396	20
418	250
481	452
180	368
271	297
324	459
344	214
172	177
303	362
271	136
317	371
414	434
420	494
303	151
483	255
278	326
378	423
254	461
84	306
278	140
245	429
391	329
503	414
269	523
257	428
294	578
252	352
374	357
222	541
183	267
188	248
300	512
215	322
421	327
209	538
242	371
251	425
274	296
272	197
145	198
387	306
305	377
212	109
338	530
476	313
297	175
237	398
333	327
85	376
268	443
521	302
362	414
325	168
482	330
331	316
285	565
370	144
432	419
169	302
419	228
342	408
310	265
148	481
314	529
300	356
259	153
388	475
291	321
370	461
457	206
293	288
53	254
459	195
409	128
192	410
531	481
335	260
318	568
338	516
283	350
328	462
259	418
43	279
233	300
388	229
324	529
249	269
281	296
290	391
574	381
295	124
328	295
216	334
253	300
279	227
300	95
289	110
322	258
268	287
138	268
336	455
340	445
218	117
296	236
459	493
339	584
402	352
441	404
300	470
474	137
257	320
24	277
214	486
453	241
150	424
341	269
399	397
293	426
300	40
435	367
404	398
298	90
76	489
236	516
259	283
324	558
314	533
295	134
389	492
373	127
299	556
358	485
408	258
459	197
324	251
393	335
311	430
248	201
297	152
332	76
257	281
137	108
301	116
352	336
381	209
349	509
363	455
183	111
366	300
403	186
278	431
370	539
220	259
297	319
397	251
231	475
425	296
282	241
222	441
300	351
292	163
357	460
236	146
246	518
297	360
302	208
217	300
107	235
419	523
209	113
375	67
306	420
314	318
332	319
310	542
280	478
305	415
256	436
238	214
295	359
285	470
501	471
151	243
151	452
311	267
454	390
339	341
281	452
297	104
43	244
155	238
316	523
506	344
309	59
350	467
205	506
353	401
498	336
385	370
231	407
287	369
196	83
255	336
280	298
126	234
313	480
336	586
339	93
114	362
290	557
140	182
312	477
224	84
171	383
398	228
205	354
306	437
405	118
91	122
229	383
355	373
468	143
252	136
407	249
344	436
266	131
304	293
452	158
334	134
435	165
438	341
303	136
429	394
118	96
218	360
213	335
217	339
303	143
290	246
55	259
412	103
215	204
280	94
170	197
349	463
467	405
323	506
221	258
502	229
292	128
336	345
389	289
73	193
307	471
171	331
300	264
403	536
242	271
333	415
304	246
302	401
278	147
300	575
363	311
277	17
390	35
130	326
296	181
288	556
214	215
435	414
421	204
448	105
314	405
292	95
300	64
156	241
333	71
352	324
86	405
337	527
162	281
294	286
175	137
392	428
259	482
212	362
202	284
299	186
186	506
380	221
302	398
62	400
210	292
193	459
244	427
268	343
299	307
212	401
202	450
295	428
339	378
186	247
146	438
264	296
273	162
340	365
368	423
155	425
327	281
300	237
441	247
339	384
289	341
299	401
126	362
261	486
470	249
62	188
297	260
299	161
229	432
452	370
305	251
273	490
313	394
136	254
423	382
308	472
198	311
286	270
261	157
311	290
455	439
382	137
263	62
182	242
483	441
107	129
187	184
129	414
252	24
365	73
289	163
379	319
261	368
306	183
286	343
321	76
176	300
319	408
300	173
318	351
167	454
306	302
206	188
249	447
295	93
376	333
199	388
167	263
315	426
344	574
169	263
370	320
290	129
289	127
282	135
274	78
242	403
381	468
209	372
226	384
243	360
269	209
254	560
222	34
301	532
150	286
312	414
395	113
340	471
38	373
414	181
304	204
203	68
344	79
264	504
509	131
381	250
493	350
318	158
381	314
236	124
462	163
421	364
278	207
229	376
238	311
194	374
258	229
312	564
325	469
301	324
283	358
263	493
342	114
294	49
66	304
314	377
291	283
439	77
298	403
134	70
143	294
503	143
300	119
318	366
417	325
302	288
256	340
297	545
340	118
250	58
324	582
348	452
210	206
57	379
277	431
277	513
285	222
364	517
302	555
101	461
231	63
566	411
285	423
283	574
458	385
276	171
347	252
450	174
235	536
359	356
421	297
313	183
63	325
269	396
242	343
274	103
122	260
64	345
290	382
300	191
418	518
326	327
299	266
527	418
387	216
271	241
349	71
385	432
422	334
332	414
138	346
270	368
326	168
260	300
279	226
308	571
369	258
307	182
230	427
370	283
303	127
291	507
259	229
317	275
322	381
293	415
243	126
308	144
210	531
97	298
86	401
382	492
74	164
250	304
350	474
272	511
291	266
135	273
311	241
452	81
187	420
150	476
339	336
244	432
310	521
206	538
285	78
318	31
358	429
307	583
269	138
324	341
244	435
392	219
46	267
265	189
360	305
260	443
333	158
265	475
300	530
301	235
280	235
131	255
179	223
159	399
180	475
290	529
35	421
150	157
384	79
271	144
327	428
326	455
113	337
238	164
399	208
258	362
228	461
315	418
331	64
489	285
432	235
252	26
473	185
296	123
298	538
233	366
303	95
324	138
368	340
363	273
223	300
311	212
454	218
258	182
245	383
280	120
481	287
337	136
394	427
136	303
287	103
232	451
269	299
320	307
135	222
154	163
242	513
523	248
300	233
557	301
300	374
49	218
323	468
162	266
300	68
335	23
280	308
305	64
320	498
423	246
332	207
379	418
296	109
291	102
380	478
207	466
300	406
314	342
320	163
401	270
300	256
297	416
39	254
332	215
559	334
314	515
231	232
105	230
472	268
245	381
304	293
131	405
406	319
472	284
338	164
186	487
292	425
376	111
303	261
260	91
405	555
399	116
291	128
304	472
320	293
404	140
88	278
393	350
291	461
193	225
242	80
377	235
423	367
299	329
325	185
252	140
367	267
258	345
430	385
304	239
127	365
311	77
314	315
379	505
407	137
300	348
455	429
455	117
389	320
444	233
292	494
440	199
310	167
213	367
318	558
315	142
225	557
445	337
300	392
420	173
378	387
317	236
418	323
303	63
204	551
123	345
377	119
265	322
335	167
407	471
112	271
383	110
246	542
426	278
299	340
410	444
367	30
413	82
326	49
285	361
376	519
400	316
52	368
300	338
213	177
308	329
135	286
195	228
340	482
365	192
311	104
266	507
309	194
230	347
407	271
164	140
286	133
386	377
404	375
297	89
310	100
547	377
244	532
191	277
300	297
503	162
300	360
297	318
287	91
427	307
367	218
166	506
309	156
468	517
456	374
340	32
455	300
152	449
457	253
186	376
364	187
292	282
327	472
149	344
304	23
79	213
313	551
522	433
79	445
284	555
273	339
211	319
302	429
338	355
293	511
187	322
297	557
236	39
293	389
318	184
306	475
270	179
251	33
316	54
68	481
234	336
308	392
225	167
54	296
306	570
369	264
224	170
215	419
573	317
150	300
96	458
351	404
410	107
436	422
217	460
208	236
208	475
140	295
253	515
347	389
475	349
514	274
378	251
271	257
385	312
389	335
318	351
372	80
287	303
253	330
303	455
334	393
315	329
529	414
411	251
163	400
304	186
322	469
299	146
336	289
321	220
295	497
306	579
245	397
249	335
22	284
441	271
188	415
248	56
149	399
340	202
495	365
506	138
204	490
227	515
461	365
363	221
198	505
213	226
146	152
285	424
407	413
60	361
236	106
470	173
449	323
300	64
92	253
246	274
406	355
304	23
330	435
147	211
26	260
269	170
245	484
405	333
452	219
346	124
415	228
431	102
187	248
70	424
79	234
505	275
414	300
284	181
455	360
371	29
263	236
446	197
478	512
345	521
337	295
286	53
562	221
254	437
310	69
319	351
301	245
352	326
303	119
129	340
525	289
292	177
361	284
326	183
313	396
178	188
399	131
95	341
318	84
261	415
466	401
313	228
362	123
503	261
265	318
145	142
292	5
108	462
260	569
333	337
283	486
254	488
219	320
371	434
456	502
343	325
458	141
303	68
77	338
280	507
319	60
56	230
203	434
257	427
309	427
199	184
113	270
165	260
174	523
71	206
229	335
223	530
151	188
191	296
330	166
126	97
518	420
212	281
341	406
372	310
131	337
334	232
206	226
498	315
393	108
269	307
369	168
201	308
175	370
154	198
282	26
350	505
353	320
184	266
227	233
290	320
323	128
302	336
350	386
339	468
300	519
329	398
369	200
291	150
327	112
428	307
247	423
138	229
337	60
433	65
134	233
262	392
327	224
79	341
185	442
309	388
203	457
274	253
202	347
421	233
345	365
312	323
267	328
275	333
361	261
487	123
387	53
276	594
343	192
214	414
299	529
183	270
281	538
326	359
218	464
405	192
298	496
397	242
261	405
152	247
172	252
397	451
125	309
211	460
253	202
214	392
413	346
397	408
402	306
46	260
484	380
445	272
395	174
379	375
320	252
443	294
296	443
435	298
324	440
370	268
368	215
398	206
74	362
458	426
238	249
300	381
354	391
331	171
272	318
409	451
258	304
311	536
499	265
497	124
267	300
289	127
483	493
425	268
93	223
378	51
205	305
265	151
234	436
312	309
369	235
166	202
252	239
211	51
366	315
387	286
330	342
174	217
314	500
495	344
253	89
233	337
278	418
304	174
127	390
316	456
314	514
137	252
305	208
81	284
322	415
158	382
258	423
250	321
346	272
283	568
349	164
301	354
408	558
478	473
321	442
226	457
159	88
283	305
376	158
301	111
247	272
319	104
288	590
377	304
270	326
247	174
407	458
351	209
265	318
309	158
283	221
35	229
271	146
336	555
440	445
471	466
198	209
390	399
305	460
319	365
238	440
303	462
301	334
223	208
404	330
290	435
180	74
244	355
403	196
275	389
391	98
229	50
349	48
263	334
386	525
379	411
319	78
228	134
190	518
123	230
313	483
300	260
374	208
343	232
303	236
298	466
227	287
330	274
274	542
285	494
395	204
285	257
338	125
347	433
363	59
501	151
450	184
304	77
331	101
338	254
280	518
473	358
327	466
140	380
430	242
416	148
301	151
224	499
311	151
175	322
307	236
220	316
300	305
293	294
304	418
307	315
291	461
297	198
256	161
359	235
298	315
471	307
302	33
312	516
370	214
314	553
547	413
180	443
419	122
196	53
271	298
386	303
150	103
305	325
304	339
184	326
388	407
274	302
464	289
393	501
339	73
331	445
277	285
278	438
245	258
352	258
395	129
251	321
302	124
380	296
221	136
329	551
377	173
288	329
257	234
324	335
403	148
421	95
187	447
338	398
221	29
352	317
303	443
300	65
380	217
318	516
496	427
331	303
300	18
354	454
117	196
300	66
406	250
436	138
247	362
489	436
226	265
388	460
213	348
181	498
305	159
220	429
506	332
573	341
158	365
157	351
417	306
289	472
409	559
379	455
245	252
88	411
314	332
429	490
238	109
320	524
186	298
360	89
223	325
317	352
265	338
311	39
399	235
302	77
43	262
255	54
306	36
583	242
204	269
323	250
243	401
92	457
277	587
366	257
264	27
339	36
298	9
322	156
197	426
115	201
295	343
508	284
358	353
311	151
426	362
402	59
362	487
208	183
370	128
297	38
401	212
239	513
299	165
350	510
277	309
206	205
540	449
530	381
359	383
365	210
214	262
377	61
341	451
331	409
85	288
314	174
285	427
414	276
344	60
311	158
283	276
244	245
299	9
268	287
242	374
82	417
357	360
262	383
234	299
304	214
148	465
299	191
502	336
187	520
114	262
203	88
259	358
265	107
302	45
207	120
296	406
340	436
154	423
311	459
262	79
439	339
465	176
283	124
317	101
305	250
385	268
325	316
124	233
237	128
464	271
214	380
352	74
372	492
363	463
243	70
307	354
325	567
242	226
348	193
365	374
48	209
407	351
247	363
198	318
267	457
120	350
287	266
324	287
134	269
275	531
436	525
282	120
172	548
183	352
208	66
121	280
321	527
374	99
308	120
284	443
359	361
320	175
277	381
265	274
361	37
267	521
373	303
122	451
498	348
294	321
332	347
318	537
107	134
110	116
295	25
387	447
231	229
448	203
124	209
271	374
329	259
274	183
360	143
398	283
343	463
360	82
471	318
318	401
230	326
274	461
371	371
314	159
350	129
452	341
271	433
47	300
221	267
268	591
275	483
368	76
380	233
360	49
364	193
279	532
125	200
414	348
193	209
494	219
356	449
356	281
569	372
311	526
318	523
232	507
294	293
300	318
207	420
203	160
289	34
301	136
494	370
320	365
339	396
197	367
219	326
432	297
421	414
314	403
154	412
435	245
312	278
520	221
389	381
214	405
215	291
393	394
298	188
424	252
210	356
258	394
232	184
300	68
294	242
322	191
279	21
403	164
301	380
186	330
236	300
362	381
29	254
324	350
109	178
152	208
303	416
268	410
117	304
314	447
192	299
253	70
326	206
270	354
331	115
123	149
391	466
233	456
418	406
213	471
307	543
309	447
525	281
140	250
169	319
115	322
380	211
378	352
243	300
325	195
397	333
379	388
299	222
309	260
295	340
345	369
153	539
190	319
457	397
463	295
301	339
332	373
94	304
194	469
68	276
300	7
462	142
291	132
94	346
367	280
334	149
448	409
326	428
83	248
293	473
160	282
339	541
140	367
301	227
283	5
235	396
239	460
296	138
364	291
339	252
291	292
313	208
309	51
483	357
239	182
217	511
424	344
411	208
331	212
307	422
269	180
511	396
268	433
444	325
304	336
132	278
392	376
514	305
445	340
549	304
207	235
195	234
293	523
78	312
25	364
133	201
325	369
315	273
365	74
304	228
244	567
143	275
228	222
169	228
560	198
226	375
377	207
372	113
297	227
469	155
186	450
187	131
221	155
284	207
328	302
371	261
320	239
270	463
558	274
126	237
385	414
351	254
332	381
160	388
335	109
232	212
453	394
225	224
426	370
324	411
460	134
69	376
301	559
278	318
82	395
482	482
174	286
559	314
83	384
328	309
104	332
423	456
390	458
139	463
317	314
302	351
347	21
301	307
427	497
307	111
295	122
280	313
223	216
167	76
416	299
339	446
177	96
548	333
84	204
225	272
473	199
466	257
289	452
579	347
296	261
400	402
501	476
327	231
219	300
298	350
228	233
209	119
222	97
250	419
410	287
333	184
269	443
313	115
208	211
213	234
311	539
139	177
227	258
301	343
477	234
299	300
303	271
325	137
361	90
343	451
252	56
481	176
300	142
321	195
442	205
399	195
310	255
282	189
303	158
291	235
239	273
462	195
356	475
403	299
466	466
289	452
214	449
185	287
243	341
216	163
317	330
222	457
306	430
324	235
182	93
219	129
223	363
315	82
330	467
360	398
295	210
429	81
279	493
227	309
282	71
558	239
179	304
93	405
238	545
258	235
141	465
181	66
531	311
353	333
407	228
180	558
296	245
377	49
170	235
297	554
401	511
286	191
300	276
463	352
118	368
389	418
214	361
393	242
48	345
319	492
418	246
274	376
381	198
375	179
339	312
255	356
296	314
249	516
300	235
288	15
439	189
237	256
68	400
232	166
500	239
273	218
168	507
305	493
351	385
494	361
419	295
236	219
217	510
234	394
270	201
251	583
209	518
381	351
183	208
217	283
279	317
393	525
132	305
239	473
465	187
392	244
333	380
300	512
215	492
271	256
332	202
467	429
523	359
194	276
298	143
203	192
199	410
193	217
244	417
338	507
81	283
475	222
356	590
222	198
275	108
216	465
300	364
153	148
341	459
447	243
291	281
320	119
296	58
412	137
240	415
306	7
178	496
294	578
283	592
330	90
421	413
347	161
373	375
433	392
303	129
213	446
119	212
188	254
216	229
179	542
372	388
417	432
530	297
473	163
415	161
349	577
198	221
295	432
298	162
182	269
252	309
208	308
282	452
308	211
299	366
120	239
258	64
339	532
362	180
106	460
242	443
245	297
468	242
234	548
401	53
566	297
328	283
299	577
285	35
364	198
267	246
285	530
261	357
301	290
321	339
198	195
213	204
281	442
338	251
263	355
368	499
249	203
389	366
237	430
276	208
334	322
300	27
207	348
300	574
354	256
301	391
268	218
356	478
324	407
329	523
65	312
240	195
300	212
190	400
188	417
499	158
341	75
307	278
329	252
214	71
265	103
282	331
146	470
270	145
451	172
295	56
255	345
262	331
278	102
482	295
391	162
299	483
343	83
207	62
283	381
415	175
374	461
295	523
326	238
342	443
269	198
278	338
318	146
305	429
298	493
276	168
203	499
305	16
242	432
186	116
289	201
255	52
297	332
440	402
476	125
196	441
285	198
182	332
297	375
413	458
188	392
311	348
264	232
234	25
366	230
189	323
397	284
393	58
398	69
307	20
127	300
323	312
370	305
337	269
326	341
391	320
342	379
187	538
418	447
305	494
494	507
386	340
294	134
358	287
289	304
267	190
359	517
421	385
294	548
320	242
484	354
318	204
296	120
288	431
287	274
110	411
439	144
334	385
210	124
372	282
265	355
291	302
82	331
206	124
198	251
264	495
133	299
317	204
347	404
314	527
342	407
181	417
300	284
259	91
421	221
280	254
250	276
277	452
343	426
276	253
263	406
263	223
363	446
102	424
279	215
430	210
347	211
385	119
435	323
457	482
241	41
252	290
277	218
505	419
121	477
272	507
234	284
165	366
106	432
345	107
320	374
315	452
390	95
247	118
347	241
242	118
315	434
294	266
300	413
406	283
263	342
89	374
202	169
201	256
393	48
387	230
275	278
389	276
320	106
109	222
290	165
450	241
472	215
210	316
309	377
417	443
400	531
278	244
173	331
532	382
243	428
272	399
145	239
436	517
443	299
175	317
302	587
257	261
300	171
237	229
263	188
411	291
315	148
374	103
435	477
348	184
305	540
324	305
345	473
196	435
122	326
350	186
402	179
125	260
390	150
363	333
315	271
160	98
317	80
297	210
312	59
397	256
489	321
191	543
125	267
302	222
365	172
182	498
351	133
299	376
297	197
398	441
404	197
223	91
440	75
363	519
291	60
289	280
264	361
165	167
361	237
450	489
306	334
192	126
303	300
281	302
303	30
314	393
290	190
236	465
270	456
300	585
388	276
297	541
271	134
578	321
307	324
295	101
213	494
187	388
331	102
304	384
266	450
424	205
220	421
386	304
233	280
300	490
228	489
287	157
582	325
375	250
296	115
385	367
433	448
568	302
298	26
411	442
434	131
301	61
356	105
382	222
396	283
312	222
353	204
36	357
311	502
281	10
199	492
134	505
211	139
310	5
379	493
288	517
321	397
247	276
299	69
245	40
484	347
581	239
234	381
294	85
282	4
204	300
352	513
372	153
278	308
336	320
217	281
293	534
337	55
343	485
244	197
319	114
487	107
270	522
357	422
189	546
62	413
191	130
356	339
99	130
270	420
294	135
133	521
315	151
331	315
249	394
303	382
304	85
212	423
265	412
273	543
90	434
189	82
260	312
308	90
250	507
460	498
246	84
243	233
283	438
308	199
312	145
317	260
55	390
300	135
331	255
269	476
435	445
552	332
320	390
335	378
251	312
436	236
286	372
329	55
190	244
260	385
560	291
281	203
312	261
169	388
236	76
328	148
274	143
217	284
268	90
306	169
304	57
189	365
398	295
214	246
305	312
294	258
280	223
332	205
146	280
432	529
260	266
203	527
321	78
272	173
306	370
395	299
408	133
191	508
250	80
155	218
247	289
336	156
244	283
166	110
318	170
301	323
273	319
285	289
220	254
331	311
212	253
376	234
281	490
163	476
216	300
114	358
124	330
313	315
238	84
248	122
259	144
198	398
356	249
351	424
145	236
436	271
477	210
193	369
189	510
300	345
216	187
322	284
229	579
343	442
304	310
403	332
146	253
277	137
199	433
250	324
315	151
301	525
188	66
331	467
247	262
186	501
515	276
477	305
398	291
218	398
288	263
321	258
300	316
163	348
428	168
47	297
359	401
338	405
365	286
175	471
242	89
408	411
315	96
247	550
321	120
273	269
245	219
272	563
450	252
270	372
89	177
329	449
353	222
399	386
396	404
360	419
328	504
354	258
169	164
309	442
236	219
273	351
120	360
442	418
258	345
79	200
284	261
341	233
194	431
177	400
314	268
277	221
312	200
125	221
308	99
313	159
307	440
179	359
251	384
307	207
267	184
210	257
300	467
264	212
583	311
248	88
241	351
396	374
259	71
196	532
533	401
377	276
221	515
302	149
146	396
258	521
356	406
286	371
378	271
351	545
296	90
298	223
455	344
317	258
282	469
160	158
411	319
434	446
330	297
295	208
240	345
308	294
296	243
216	319
342	189
170	300
398	170
297	338
118	263
417	135
293	228
302	417
440	383
301	360
300	538
453	518
476	319
279	113
465	260
338	69
315	326
290	592
468	259
459	178
301	187
374	76
499	276
366	393
212	362
279	414
369	129
384	213
296	432
350	324
228	561
338	422
215	448
287	515
282	57
404	483
290	277
431	494
548	284
288	208
169	180
129	100
503	382
387	371
331	258
302	93
235	264
307	417
494	229
221	168
418	336
100	277
197	460
329	269
571	318
135	405
287	391
256	287
183	444
436	467
223	301
445	530
329	286
527	222
187	292
85	396
291	258
211	135
420	376
304	73
294	587
349	116
342	300
269	523
377	522
287	458
162	394
300	47
507	330
300	209
231	88
268	502
291	315
289	163
130	368
310	27
152	133
505	222
296	286
188	255
228	208
346	191
95	424
312	433
66	342
362	292
302	56
353	373
379	371
419	475
170	191
404	86
328	85
200	318
271	175
529	313
319	271
250	484
286	278
344	75
318	329
315	394
90	221
292	523
295	413
108	468
280	161
574	338
256	211
291	391
173	279
292	336
221	50
300	440
277	150
294	140
272	441
388	297
305	267
288	435
391	141
249	425
321	131
234	343
481	476
339	403
338	386
305	92
197	494
183	168
302	444
212	55
295	71
146	360
297	24
518	325
290	414
338	347
379	140
162	346
285	243
199	135
280	204
305	526
354	137
32	281
60	251
216	150
299	285
439	369
404	501
304	492
31	236
167	166
335	340
351	242
413	500
334	203
273	98
394	441
202	425
528	271
159	292
297	480
289	66
372	372
501	284
251	250
508	196
292	328
231	284
211	233
287	68
265	255
430	462
262	553
528	250
267	32
322	416
377	312
300	198
179	346
513	205
300	580
214	195
69	247
412	87
385	255
398	246
518	369
313	438
293	34
314	407
317	61
347	308
326	345
147	152
210	383
355	138
309	597
94	228
225	285
288	254
268	149
306	483
313	391
467	250
225	537
264	358
303	258
330	306
82	182
377	467
318	39
110	156
299	82
381	211
292	29
229	276
235	339
54	331
297	148
154	110
515	309
219	170
300	433
302	173
268	238
111	290
160	73
100	355
201	361
394	187
300	138
281	387
107	394
339	349
253	499
306	216
300	232
369	130
197	154
274	170
349	265
108	454
293	179
356	145
302	431
385	367
361	216
379	202
321	19
557	267
242	390
304	510
336	519
260	319
437	169
366	182
295	553
397	326
299	429
546	453
194	222
295	203
198	348
306	546
278	382
427	173
232	337
332	405
270	480
179	403
324	433
297	392
281	71
98	280
355	12
328	164
233	366
154	430
456	266
363	209
199	417
325	86
360	261
506	209
515	234
367	234
222	375
416	134
149	267
348	21
343	233
194	99
356	402
415	238
179	119
179	240
262	472
345	402
225	502
304	328
273	337
435	493
291	310
167	260
325	188
309	450
307	133
483	281
287	230
305	386
205	106
380	362
120	280
482	281
248	47
175	283
275	140
282	298
292	212
466	358
254	193
340	129
365	546
170	311
576	237
183	213
309	206
283	53
311	207
363	530
322	441
343	372
299	151
80	159
473	269
268	68
205	237
476	123
346	305
500	305
296	354
360	566
304	386
284	142
289	109
352	172
278	138
225	392
348	150
128	192
337	49
315	411
359	154
315	498
215	194
383	447
122	385
357	20
133	235
303	349
294	102
246	147
388	128
215	56
340	478
318	340
284	583
333	51
274	415
274	575
280	93
229	45
339	249
20	366
292	180
328	432
271	146
298	44
396	258
284	421
321	216
340	401
296	83
272	271
433	548
468	403
355	245
356	432
61	366
363	414
337	269
327	508
364	176
303	218
222	358
475	375
440	334
301	505
320	121
247	162
326	575
281	497
241	298
327	13
423	221
409	297
289	374
194	395
309	355
379	163
269	303
395	63
314	496
351	158
291	439
291	235
296	230
182	468
228	506
364	263
191	298
212	269
310	526
498	420
200	395
419	418
355	487
252	246
369	288
406	263
486	406
325	554
353	390
243	306
125	456
335	162
502	255
360	156
103	221
210	421
14	276
337	328
305	216
311	330
349	409
338	199
395	365
323	506
318	220
219	302
203	373
399	118
324	308
336	173
271	171
295	218
441	369
311	28
339	439
300	33
397	290
487	172
335	381
564	227
390	137
384	402
132	436
126	300
336	50
129	260
300	149
233	535
289	258
194	328
274	308
369	132
250	12
297	348
246	339
495	355
273	209
522	298
341	512
300	405
225	88
227	218
179	272
187	78
14	330
318	497
294	211
242	368
333	384
350	237
564	397
415	162
218	220
170	378
72	199
297	193
368	336
247	46
486	239
379	340
276	577
119	265
129	207
301	454
396	278
253	408
471	336
286	312
279	478
391	74
316	172
345	72
300	536
304	340
214	49
343	544
325	293
489	297
307	463
399	367
156	359
434	275
415	116
308	189
537	281
485	317
211	544
404	290
315	263
297	283
460	268
575	275
234	201
106	421
270	225
289	468
395	226
305	421
331	489
497	245
295	534
70	259
141	370
237	206
307	452
437	295
305	508
60	271
197	246
300	137
308	246
373	362
287	438
354	552
240	218
297	503
400	295
294	280
327	394
300	68
281	300
361	118
285	427
324	200
207	292
283	589
232	362
359	230
263	326
353	97
375	462
441	439
428	220
142	114
260	300
176	446
275	314
469	421
298	285
378	532
295	412
488	312
289	237
303	209
374	569
355	234
488	312
299	352
545	292
226	362
175	164
204	425
273	237
202	458
297	443
225	358
358	442
274	395
303	295
292	255
200	344
301	279
465	208
214	364
364	317
303	389
299	512
323	511
275	192
287	274
418	309
274	276
344	519
295	270
234	103
295	566
187	471
310	557
297	36
406	205
146	168
412	159
337	482
334	194
217	143
298	303
368	411
305	381
202	472
469	475
269	444
413	271
255	471
297	205
283	477
323	301
318	374
287	22
258	291
304	179
207	493
329	185
421	542
293	286
233	319
185	395
352	121
193	66
365	574
284	197
337	61
322	151
413	194
302	515
258	109
300	449
287	498
133	64
300	445
383	402
392	396
255	274
221	328
300	153
369	317
305	141
330	65
275	362
320	423
365	316
342	387
190	346
304	224
325	449
238	387
569	255
150	406
297	207
265	571
512	412
316	133
363	180
285	497
297	233
290	226
161	444
296	334
244	300
432	558
318	62
267	506
189	553
348	87
315	464
320	444
308	574
304	428
438	396
220	506
312	246
111	471
326	186
267	415
252	252
421	316
298	594
366	443
302	147
301	473
309	491
364	318
340	333
292	51
325	556
209	294
133	149
313	353
271	287
460	317
173	78
227	174
271	171
349	337
299	383
282	128
386	207
556	300
272	260
185	252
503	409
324	162
341	380
418	384
477	295
285	149
376	487
482	261
317	176
490	288
252	118
279	541
262	169
407	207
293	114
393	299
261	130
452	301
123	516
117	392
333	310
309	541
377	295
285	253
219	307
421	271
308	424
248	402
57	360
401	395
95	193
243	462
300	85
191	392
244	57
342	194
283	487
229	252
296	149
206	307
309	164
444	369
313	235
302	379
303	393
260	87
279	207
318	474
288	364
397	442
315	441
476	239
206	253
254	370
240	462
405	389
139	187
305	263
241	52
186	318
207	203
434	156
299	567
294	271
240	342
221	457
337	484
321	171
480	168
300	383
186	383
472	228
156	161
281	218
309	239
260	238
383	134
338	231
323	147
487	170
147	444
484	339
390	16
161	474
113	176
283	228
460	433
308	425
282	171
367	448
465	207
397	489
254	507
251	317
273	502
239	327
524	210
289	324
333	80
83	277
337	434
320	108
111	358
289	424
267	171
353	219
315	88
280	409
287	36
247	526
118	315
300	59
218	178
76	246
372	461
371	500
179	308
307	148
243	250
304	150
159	166
300	183
247	563
285	398
513	283
6	297
401	528
321	339
332	387
300	124
300	64
272	90
487	236
257	545
168	304
127	286
81	225
216	434
367	433
386	461
238	134
321	159
240	375
429	201
213	352
266	548
294	569
301	181
237	68
377	422
417	451
254	281
331	293
161	429
401	182
184	567
275	353
513	458
379	241
424	449
269	567
362	201
557	237
563	233
300	77
328	121
541	341
260	492
152	391
324	478
292	555
156	418
246	343
299	345
239	260
83	303
298	542
324	274
342	61
290	85
303	306
259	30
250	230
348	304
295	360
341	528
381	540
270	68
191	424
277	230
228	300
370	137
313	125
238	307
342	515
247	96
355	88
52	256
285	188
298	389
201	100
415	324
282	265
254	445
264	33
513	265
346	313
270	416
479	284
302	210
345	21
248	504
318	103
295	536
273	88
276	321
132	361
339	281
326	176
174	312
249	516
286	566
276	348
261	362
311	131
303	321
430	394
440	270
300	81
93	342
282	82
413	495
260	80
202	156
424	138
201	477
251	178
223	240
125	425
298	343
239	177
50	438
220	365
292	372
215	274
396	233
380	356
410	288
310	33
293	372
342	258
289	88
390	333
370	354
326	169
270	572
455	224
171	149
314	45
266	220
297	307
277	37
266	119
308	556
362	257
255	494
412	468
439	224
245	226
116	130
483	261
330	391
340	545
475	104
18	333
268	49
300	370
418	305
326	66
134	348
305	189
258	193
527	387
298	431
213	93
317	372
298	300
275	55
273	300
322	331
403	45
340	551
298	240
295	420
195	488
207	536
293	34
246	216
349	577
445	523
294	325
287	228
272	158
408	414
338	509
345	49
421	248
273	414
298	158
105	232
358	305
502	160
217	466
351	475
537	357
501	304
294	89
305	570
253	365
282	446
202	399
254	388
282	245
316	158
410	506
371	63
282	525
427	184
196	211
530	274
96	359
232	268
414	266
285	370
362	144
350	264
377	43
586	308
413	312
493	180
319	338
297	365
304	95
402	342
269	186
62	431
329	350
126	388
390	433
357	80
172	146
422	175
182	325
282	10
277	122
25	351
317	52
170	398
340	179
265	107
381	190
300	391
303	385
53	343
434	149
426	451
379	280
358	179
281	576
193	436
90	416
380	386
300	592
311	102
292	72
299	43
309	47
527	431
332	151
433	388
363	90
139	264
406	348
216	252
243	471
383	285
288	309
330	204
281	458
194	535
304	147
296	204
233	266
279	94
341	554
280	216
108	487
370	310
233	496
347	64
218	331
357	365
300	339
402	502
288	123
403	308
278	110
289	168
300	232
264	34
290	397
380	556
387	138
285	213
236	571
455	273
294	476
293	559
313	6
218	231
343	478
284	209
325	165
336	500
147	334
99	300
246	260
400	174
417	442
314	334
387	309
272	365
332	540
368	54
269	187
301	556
378	81
330	485
318	590
396	380
282	82
281	126
288	283
340	351
318	17
159	296
110	375
246	15
111	468
216	234
473	360
520	259
309	165
293	422
275	265
378	229
282	376
248	98
300	175
337	92
203	248
522	193
402	357
321	328
373	293
375	454
297	307
455	418
196	288
305	469
257	100
300	73
293	365
326	535
253	497
254	253
335	535
456	380
296	544
305	435
282	208
282	567
218	466
195	257
188	375
323	343
140	260
293	350
270	122
341	439
330	283
327	464
300	230
316	349
299	167
225	392
297	417
460	382
446	378
272	385
293	42
286	421
350	359
522	466
277	383
297	428
311	579
506	339
259	171
461	198
344	478
318	516
271	132
311	528
290	364
330	89
288	117
106	189
169	457
386	347
299	164
267	182
290	537
243	286
394	368
230	261
361	335
274	18
201	440
227	258
316	147
359	205
317	295
473	353
439	221
289	447
300	400
331	313
392	133
467	268
464	210
430	433
300	256
470	235
193	478
333	519
302	15
352	509
590	305
339	542
313	418
340	560
250	168
203	270
313	168
314	231
369	370
305	243
350	507
299	418
197	184
291	379
314	333
402	157
289	540
300	458
501	229
302	328
166	151
441	281
14	282
297	64
315	416
274	415
394	99
246	564
236	405
266	117
340	390
238	451
289	352
317	334
319	454
520	133
206	290
222	531
121	222
194	309
477	352
196	495
180	130
418	349
300	151
302	420
354	96
338	159
74	269
340	234
399	380
280	187
264	351
337	285
448	350
279	360
273	86
262	276
256	240
305	192
294	341
329	561
279	334
324	502
292	235
220	532
324	510
136	322
300	507
81	348
211	277
386	279
277	372
257	590
157	398
384	385
245	513
229	375
495	93
121	249
84	324
339	222
364	312
287	116
366	359
313	70
259	406
219	101
286	155
360	148
228	134
50	444
228	255
297	487
394	411
342	334
194	151
444	196
300	85
476	222
105	360
518	425
465	471
291	36
287	427
407	148
237	439
128	342
320	291
267	445
531	384
332	447
313	179
419	482
320	342
412	345
299	33
343	70
258	175
178	431
203	351
312	197
506	397
298	339
308	541
402	447
283	329
395	488
139	375
431	272
336	379
441	353
460	69
252	291
280	206
284	30
263	410
387	559
299	371
255	94
335	30
312	523
184	193
353	480
173	226
339	220
411	370
305	469
330	452
344	511
320	212
427	409
297	320
246	92
239	439
349	429
393	146
296	107
267	137
151	513
294	441
366	353
322	574
303	211
340	233
480	429
422	179
280	221
243	173
289	168
241	514
454	159
338	296
277	369
186	257
300	230
284	542
461	429
117	301
399	361
296	491
407	440
287	163
273	413
490	269
227	258
494	276
345	204
221	63
246	294
203	200
178	358
251	531
388	128
324	96
197	330
202	383
321	48
132	113
457	85
311	146
297	535
296	211
184	251
37	188
453	474
221	328
364	391
168	373
169	108
285	273
319	321
273	457
135	222
315	315
360	231
86	422
191	217
536	217
270	353
124	435
293	285
504	449
295	279
442	415
256	101
287	550
207	228
119	282
281	170
350	235
364	125
280	55
223	266
337	115
247	299
211	543
161	301
163	86
260	529
326	236
224	446
204	279
278	397
260	69
263	169
213	133
96	277
213	347
293	93
292	300
198	232
230	498
299	146
391	290
199	482
175	129
537	257
311	373
336	167
221	168
379	265
273	246
281	19
30	264
347	464
294	231
310	579
239	467
345	548
139	391
461	208
284	422
330	361
301	325
300	593
434	236
170	483
382	63
309	108
201	171
302	161
262	525
46	389
353	374
87	382
110	154
297	156
265	320
191	498
206	174
377	218
74	307
456	107
166	61
302	297
301	291
235	294
283	538
206	456
366	359
298	223
130	411
205	299
480	119
77	327
312	352
327	462
419	377
266	105
380	233
302	319
315	415
237	343
282	491
290	557
400	46
488	316
307	233
339	360
425	148
187	58
258	13
298	564
114	334
546	434
310	367
250	247
440	390
125	246
302	343
342	482
289	7
236	372
290	71
397	213
255	414
262	368
487	501
403	282
205	154
299	377
304	403
346	174
417	230
437	57
396	534
375	387
75	235
182	351
271	243
308	34
339	88
267	73
295	226
218	545
367	78
302	155
338	198
128	465
366	334
138	300
220	389
329	212
350	421
286	181
262	41
69	222
300	509
281	112
372	335
503	345
34	196
228	420
300	77
326	284
257	469
164	471
375	407
267	157
315	51
374	419
329	547
228	538
262	37
319	211
305	246
328	325
287	313
112	443
322	377
307	210
314	245
490	316
222	354
421	258
245	83
324	314
438	419
170	338
292	225
127	337
314	223
285	347
300	278
108	354
550	340
185	162
295	45
344	165
277	147
144	152
79	361
301	414
270	185
383	198
395	413
300	451
345	233
119	464
281	228
71	227
300	24
310	326
308	314
359	32
400	314
212	314
238	195
402	290
257	318
283	593
93	333
333	322
97	303
251	462
132	109
465	172
330	429
243	522
230	387
284	550
432	110
473	322
319	204
367	280
207	396
260	382
271	306
231	377
272	448
206	157
342	385
351	310
467	279
364	132
302	376
402	68
323	447
323	494
324	586
387	389
134	397
322	90
300	293
36	333
409	429
328	408
333	469
373	490
342	440
426	409
279	442
401	308
315	340
333	587
321	198
321	407
247	364
292	320
405	258
298	211
447	194
315	258
376	249
311	389
483	174
301	475
261	140
41	268
303	162
226	271
17	309
176	215
290	577
313	461
333	321
200	71
397	333
259	134
175	186
314	430
205	289
328	158
322	184
310	12
60	369
366	307
362	24
281	402
362	406
213	150
324	516
302	149
420	303
351	306
423	283
393	511
389	250
273	20
450	500
490	236
283	492
214	131
264	256
229	212
340	191
196	314
313	342
162	449
383	251
346	426
266	271
549	176
324	236
429	125
207	245
269	479
370	165
379	84
161	269
199	192
140	334
293	108
508	288
369	204
334	179
69	370
456	445
559	271
313	212
357	25
290	544
216	476
494	181
235	74
110	524
397	178
264	404
346	43
360	318
281	369
570	395
383	375
207	396
312	258
200	395
274	312
302	244
450	227
285	264
368	252
359	498
300	538
300	380
70	158
159	174
282	547
272	291
285	125
368	304
453	339
167	245
308	259
300	346
264	425
192	47
309	83
343	214
303	474
242	223
299	177
324	195
272	475
300	213
520	303
267	471
459	391
229	67
323	554
404	484
502	198
301	206
334	336
522	408
384	433
373	447
505	381
201	255
292	520
160	288
435	411
315	283
146	278
238	326
447	343
358	260
256	448
421	269
281	142
513	162
208	281
311	114
306	310
511	450
196	232
69	178
366	281
107	449
355	244
292	91
290	230
405	479
320	258
266	170
314	16
336	294
486	387
318	319
304	517
483	407
127	143
348	163
293	184
391	420
160	291
477	291
307	227
414	371
202	202
343	175
336	197
295	373
373	497
423	461
217	233
253	470
265	9
214	333
252	540
340	123
233	131
270	193
333	306
227	326
372	168
291	96
244	248
218	539
283	333
242	114
282	385
186	508
315	532
327	267
258	256
335	230
512	333
398	205
279	465
233	298
232	234
150	293
233	420
311	239
371	303
276	416
305	273
222	143
378	102
221	95
221	195
274	243
329	12
243	33
149	522
300	457
326	242
265	174
162	224
155	202
224	392
190	171
300	321
323	270
384	347
244	233
185	96
300	156
299	78
430	226
476	347
140	335
292	209
330	243
197	246
310	447
304	366
46	232
524	353
321	393
289	194
300	212
308	212
335	503
270	261
354	284
273	174
320	527
237	345
416	214
409	433
395	230
423	352
384	202
405	321
358	44
137	400
367	222
291	556
418	405
326	420
352	68
236	310
51	360
339	256
197	441
307	357
133	421
338	196
357	287
102	294
507	287
511	300
307	133
439	81
300	444
288	534
461	245
181	354
148	70
179	329
524	211
260	21
270	229
438	86
281	116
424	238
302	595
186	282
420	271
276	188
292	586
467	220
302	429
323	383
369	243
255	331
406	514
303	284
194	324
153	344
256	376
314	585
73	257
290	76
334	62
123	198
303	532
315	174
494	405
347	88
434	258
393	74
419	370
279	148
317	369
581	315
426	479
272	379
287	220
245	229
246	172
300	346
133	310
379	316
525	314
347	284
274	138
380	452
318	445
415	159
367	442
441	292
252	450
344	545
199	153
326	338
257	373
560	282
337	178
284	126
384	217
448	421
318	186
342	480
121	164
294	358
387	180
366	354
244	237
422	323
570	358
251	169
284	120
301	252
543	352
374	226
243	72
272	145
338	372
456	72
169	464
313	487
479	399
357	537
268	126
287	166
118	168
266	132
301	418
253	193
355	459
281	399
308	400
232	202
274	408
205	479
103	436
292	330
41	180
295	467
342	410
191	343
253	454
332	387
298	576
286	223
474	341
441	195
415	310
329	340
414	490
195	427
278	204
529	360
319	264
240	304
307	493
305	165
85	388
402	334
500	207
307	129
244	292
317	312
502	218
300	36
322	520
322	261
330	211
309	286
185	352
216	158
282	505
183	324
301	152
106	237
287	557
227	173
234	540
94	352
93	248
314	243
336	75
437	316
453	355
303	54
170	452
276	503
373	389
363	137
250	73
108	327
509	237
425	310
183	521
282	15
104	436
260	331
326	96
318	291
211	51
337	481
353	413
333	33
270	520
305	173
252	168
206	530
427	508
279	379
258	240
321	444
384	416
157	165
378	245
269	522
114	288
135	409
406	61
68	296
136	248
329	364
315	337
66	260
301	161
329	592
485	164
469	429
291	504
307	577
307	36
340	286
339	372
361	145
394	320
335	418
255	151
329	345
305	177
248	56
446	444
522	437
145	190
119	343
351	218
341	385
496	338
326	132
245	455
74	168
221	458
260	20
257	409
312	191
289	488
227	407
211	276
202	45
114	485
353	482
232	380
357	326
367	135
258	331
320	11
247	336
252	543
234	219
535	305
369	577
300	55
193	324
159	106
392	238
272	312
216	451
360	520
417	196
283	341
421	275
467	495
341	376
300	192
279	361
278	237
180	471
224	248
194	388
330	22
157	537
441	318
131	371
371	265
367	340
473	299
135	333
286	145
353	215
354	243
327	424
371	559
240	573
332	156
298	55
245	414
124	134
462	144
293	337
290	23
344	514
306	503
318	286
257	541
233	92
204	442
216	318
328	132
343	280
54	164
403	336
228	398
291	206
289	421
215	463
283	300
292	529
392	459
152	328
288	435
564	280
348	206
317	350
63	248
396	348
231	525
226	248
304	12
140	442
265	71
23	342
510	364
415	233
298	122
262	82
325	11
105	145
325	142
302	402
319	500
139	103
257	334
355	582
171	270
333	553
293	320
288	545
138	282
394	75
300	212
208	30
326	287
332	353
262	85
313	166
322	141
185	531
443	250
303	519
325	232
405	194
424	364
263	176
299	183
183	411
231	204
135	373
230	219
252	401
118	300
509	161
378	339
196	402
257	309
243	171
376	103
324	331
261	196
454	99
244	26
354	28
367	372
360	240
145	337
295	346
476	227
278	326
300	108
344	221
324	90
136	90
280	316
465	405
292	62
64	217
300	466
314	300
300	215
400	303
322	505
300	401
294	551
196	346
283	290
281	7
317	64
285	573
329	448
255	517
313	390
467	243
162	147
375	218
317	163
384	360
353	299
82	258
296	196
170	264
252	247
268	362
327	511
324	92
134	311
281	352
307	426
327	477
159	88
380	232
328	222
363	398
300	476
300	256
308	237
312	135
139	257
290	325
384	502
250	156
265	236
343	88
181	421
338	434
357	79
463	341
213	267
370	490
151	300
306	295
132	406
333	341
376	279
85	393
300	252
130	454
481	358
329	186
122	230
416	197
425	433
466	449
280	206
288	271
237	235
341	74
344	270
333	529
240	239
386	390
194	193
392	335
124	290
135	380
300	144
161	412
320	381
313	428
80	492
287	145
302	477
301	201
389	235
193	387
295	138
247	378
325	579
437	463
297	249
288	320
300	382
180	295
138	264
379	137
307	258
294	290
374	339
327	540
294	511
306	326
296	571
296	254
201	129
295	310
301	480
138	203
427	382
276	424
502	373
102	300
303	587
244	247
384	247
280	113
304	38
272	78
370	305
510	279
207	253
306	127
171	386
348	185
59	468
302	464
401	394
289	45
244	395
260	354
129	212
453	342
100	322
230	155
319	416
312	219
280	515
231	275
439	374
276	172
364	273
405	277
376	499
394	516
232	160
424	186
152	243
177	260
480	362
282	399
275	593
259	160
397	251
156	524
295	295
278	66
345	163
366	269
71	358
354	354
294	393
372	188
404	336
244	221
226	422
278	212
58	359
345	57
300	434
305	272
376	454
293	320
378	88
278	271
466	329
305	504
288	21
233	430
382	530
168	240
198	446
297	318
231	247
301	332
220	316
298	62
303	310
274	559
336	491
173	120
271	263
481	401
394	298
332	564
453	314
314	38
129	114
449	326
384	108
308	404
299	67
252	233
264	354
174	489
245	237
312	246
178	428
321	93
349	416
350	366
270	382
172	116
424	211
141	442
294	292
397	541
414	472
376	378
443	249
314	552
528	219
419	330
197	161
296	207
426	95
154	126
334	19
332	104
339	524
299	287
265	429
301	319
393	191
266	117
86	409
210	70
449	281
267	564
489	393
245	254
182	93
403	189
306	13
278	188
334	505
293	177
81	300
297	129
342	24
558	350
355	398
228	190
257	398
252	558
142	451
246	267
373	45
302	152
292	206
170	186
365	252
265	94
241	553
236	210
259	96
313	444
310	218
324	401
109	353
303	593
452	183
363	136
195	106
276	490
282	141
172	250
241	170
369	92
309	80
381	239
322	345
292	452
425	358
248	257
298	535
358	347
229	286
281	492
245	142
316	513
311	327
296	446
450	108
333	354
295	183
315	375
429	63
382	438
100	214
279	189
287	443
262	373
231	71
276	443
305	164
342	37
259	69
272	332
342	528
361	541
248	340
240	437
249	187
92	163
241	552
84	329
367	330
137	227
565	286
287	202
185	307
367	277
272	177
386	428
282	378
282	320
150	382
311	416
344	381
262	426
276	539
178	334
332	279
263	217
243	384
229	390
347	186
385	109
297	281
300	499
283	271
189	401
487	210
145	284
289	561
298	573
275	87
473	303
277	192
258	227
376	192
276	130
360	583
251	106
337	496
419	492
260	453
363	216
199	231
380	194
265	286
132	459
417	494
371	282
317	134
282	407
253	227
426	340
328	469
145	269
328	70
280	184
409	219
174	281
302	290
297	63
198	175
306	28
434	439
307	357
318	349
302	134
325	134
248	399
300	530
242	68
252	309
328	131
300	431
228	577
463	347
469	258
305	64
321	26
184	83
288	415
361	196
121	477
267	512
365	443
303	396
304	296
280	143
317	54
442	141
358	384
227	249
308	464
437	411
313	217
310	540
341	295
375	226
317	360
392	473
447	330
148	266
547	334
96	314
269	510
260	526
327	530
313	587
296	518
285	444
273	387
288	394
171	386
257	155
232	325
47	329
336	524
360	290
300	107
428	264
462	222
291	483
144	191
480	188
298	85
92	285
224	115
478	432
310	217
296	354
369	272
293	368
198	147
272	300
333	226
250	389
382	390
555	353
390	324
336	134
227	254
262	513
172	272
246	458
214	248
409	364
150	361
237	219
242	184
283	495
200	115
218	31
163	480
288	192
305	169
218	169
236	440
481	455
335	573
296	406
348	466
209	559
426	333
176	228
217	193
260	578
431	240
470	89
290	421
361	525
474	115
386	457
297	131
343	114
369	90
366	88
350	354
335	483
213	564
241	538
242	251
248	446
194	499
228	453
472	219
317	516
278	361
154	312
342	561
179	430
296	298
317	576
265	162
463	524
316	229
181	229
505	312
319	293
345	155
281	219
298	155
257	210
338	160
361	330
199	347
358	556
387	176
222	42
353	374
298	216
374	154
313	94
218	262
364	226
103	323
357	556
431	125
324	305
335	453
366	290
339	505
293	361
228	486
196	416
266	51
298	386
340	29
146	375
288	187
335	448
137	185
49	287
212	322
298	229
319	321
296	217
283	321
414	71
301	234
300	206
178	432
300	28
479	371
317	288
232	397
130	314
287	308
295	538
326	193
308	43
385	315
484	151
320	140
345	289
472	135
270	393
161	377
300	415
205	191
322	500
166	416
342	307
299	569
65	270
456	177
276	138
535	186
276	537
534	267
423	193
273	502
342	330
273	104
224	245
63	213
329	437
205	260
343	356
356	341
262	72
222	473
374	134
350	172
304	442
257	512
300	562
210	282
185	158
296	399
254	394
294	295
137	324
400	461
247	390
383	367
209	89
468	284
192	315
431	189
243	243
267	581
466	467
239	219
221	531
143	311
381	402
138	381
262	531
27	328
277	191
358	94
323	554
159	405
312	156
338	407
272	245
522	425
452	432
425	173
253	252
233	516
274	313
222	385
296	247
120	446
300	510
219	300
175	274
163	442
349	292
327	557
288	85
455	136
387	483
330	387
315	431
68	217
339	474
332	420
260	368
253	462
248	129
324	185
321	561
306	144
276	486
373	266
371	202
297	446
317	257
77	207
314	261
405	276
296	249
234	385
327	360
271	499
469	267
302	82
333	325
344	468
453	294
336	417
306	73
408	70
292	82
234	500
378	237
359	226
271	37
289	486
256	376
276	464
300	312
290	187
166	265
171	245
326	409
451	368
429	425
481	162
251	257
204	193
165	154
303	567
138	517
155	181
140	320
266	376
300	437
386	509
370	524
177	171
349	502
277	300
305	543
288	363
408	164
276	289
328	116
435	480
287	533
437	431
252	458
295	225
263	261
268	304
304	301
294	231
171	236
305	128
444	315
300	461
269	120
321	86
377	495
270	306
294	411
389	303
326	431
458	258
303	326
356	485
386	282
445	159
309	96
395	223
311	81
190	481
278	12
243	448
96	310
315	91
290	64
312	496
331	89
302	285
279	246
184	486
338	387
359	419
160	138
183	212
354	489
365	241
92	287
228	359
447	177
397	464
381	490
365	274
276	178
343	508
303	397
275	34
96	414
326	231
302	239
305	446
285	578
286	344
337	530
233	339
312	475
349	285
212	274
283	160
273	423
325	314
261	502
80	434
266	320
317	541
384	282
257	574
222	130
496	396
312	248
416	420
293	448
317	306
242	272
322	196
368	505
73	295
366	143
188	412
414	101
395	518
269	240
314	573
341	64
392	470
351	220
281	116
279	326
226	565
393	529
244	543
421	263
436	153
277	274
15	292
241	91
543	232
305	133
396	213
302	86
215	98
383	492
59	351
339	432
320	522
333	366
440	325
263	468
267	328
316	538
280	455
317	74
293	144
256	412
280	92
502	419
300	310
131	374
249	245
300	580
287	63
245	125
506	287
364	236
318	322
456	223
335	176
365	409
233	138
300	455
341	466
417	350
142	313
303	321
303	48
317	271
341	528
260	144
478	167
302	224
548	340
337	274
321	274
307	467
263	330
287	239
236	383
319	507
251	496
289	581
300	332
339	367
285	381
331	393
198	354
210	215
296	401
306	160
293	49
283	532
473	472
323	498
284	367
448	211
284	129
194	484
283	480
272	153
501	315
259	214
367	475
262	203
220	332
297	586
219	272
127	352
408	344
96	278
295	210
353	386
236	304
396	441
175	253
335	341
433	322
514	372
371	79
300	326
372	523
211	300
554	393
397	276
491	243
312	234
436	123
295	353
217	196
311	359
297	122
413	380
329	321
453	350
196	506
265	425
293	460
367	443
372	376
322	546
368	397
328	288
394	210
362	362
539	349
306	466
257	362
399	293
140	231
285	526
288	272
184	360
129	142
298	323
377	244
264	281
398	27
335	351
409	164
331	383
421	165
371	89
334	208
150	118
308	504
177	424
197	366
373	66
417	537
297	56
444	155
276	474
177	86
417	451
371	178
223	104
339	412
371	253
295	540
320	150
203	53
505	124
341	11
399	518
395	188
314	318
333	104
243	188
265	466
141	191
394	516
259	429
285	250
361	405
253	446
117	302
384	336
299	14
49	222
197	458
291	452
332	391
214	97
397	226
295	354
458	385
224	38
113	299
235	540
401	467
322	356
302	6
213	509
361	157
478	374
198	300
355	414
126	351
94	492
294	404
407	291
202	191
425	375
214	286
102	413
429	317
210	366
329	383
197	271
280	348
110	288
293	74
230	310
293	498
484	270
328	513
232	267
229	289
291	321
324	207
299	268
125	345
331	145
482	283
374	230
317	99
294	340
309	447
322	212
314	574
281	313
283	215
532	323
291	320
212	292
488	260
420	159
312	448
296	193
201	415
186	300
307	283
250	452
270	453
591	260
259	515
319	440
285	470
501	336
307	83
324	391
239	173
297	210
141	300
367	333
317	540
174	312
319	537
485	220
288	519
461	191
378	203
262	28
434	451
208	180
302	59
189	405
129	503
289	24
319	533
404	323
348	137
159	104
400	448
261	336
373	109
131	433
402	118
239	51
308	299
340	271
301	519
357	476
407	343
344	278
192	275
201	72
179	57
245	373
515	402
397	448
342	79
308	19
280	506
291	521
189	222
242	217
211	250
242	257
418	355
124	229
297	304
264	260
375	94
74	152
154	329
147	324
382	228
309	595
227	200
271	415
301	486
303	503
360	58
267	245
405	41
402	468
206	308
130	371
145	206
129	370
345	382
251	46
299	528
304	348
262	248
259	518
357	286
243	457
277	433
384	411
305	220
232	79
321	385
417	207
389	262
244	205
114	314
484	326
274	442
255	527
252	513
345	457
99	136
286	360
300	433
309	474
326	214
297	552
351	490
381	351
355	337
280	283
218	103
362	207
221	281
389	515
297	556
549	213
397	428
505	422
356	462
297	6
575	331
179	262
355	530
305	139
230	204
340	407
304	476
289	135
449	410
282	110
309	434
190	416
233	76
234	269
309	47
257	182
254	182
438	455
363	444
119	342
370	316
156	460
321	235
216	266
316	414
250	137
315	338
252	189
289	253
248	362
300	543
238	347
152	253
274	253
449	379
421	335
300	107
282	240
239	67
419	358
417	208
288	286
169	198
150	356
369	343
265	563
298	388
334	317
286	561
298	128
395	380
275	319
364	361
519	257
171	238
233	291
282	505
225	289
261	200
317	244
325	397
296	416
300	210
378	281
348	440
297	315
98	231
508	289
324	66
299	215
253	76
308	95
263	356
225	372
38	296
173	242
483	418
181	176
374	345
77	261
327	48
241	510
171	453
298	357
315	44
300	238
546	338
239	251
284	470
287	32
289	501
268	343
305	63
312	275
274	223
316	254
131	439
453	281
155	470
380	292
316	252
403	161
327	224
335	263
408	78
315	106
203	242
329	102
373	359
242	190
298	483
161	463
293	473
446	265
284	335
220	377
394	165
276	387
290	480
370	218
307	219
285	304
220	265
140	404
243	58
292	284
486	238
337	9
294	539
330	457
332	412
252	127
204	192
331	264
38	354
466	165
269	76
189	198
74	399
319	489
233	459
315	374
333	131
153	392
339	430
270	487
347	381
57	310
270	374
294	503
310	297
428	55
286	187
221	367
528	255
330	138
300	179
93	404
247	188
268	355
352	548
164	493
231	303
352	410
296	230
257	181
328	431
243	166
331	532
170	181
300	492
444	275
400	107
246	439
302	178
360	386
402	207
381	37
204	317
307	299
191	494
280	119
457	372
308	303
339	51
226	526
204	254
149	269
321	246
273	377
401	184
214	293
304	208
164	494
378	41
299	473
350	498
390	64
320	320
257	100
374	484
201	241
281	398
238	316
107	109
321	477
153	446
257	445
388	302
304	325
292	334
213	342
215	352
352	521
287	303
266	494
59	243
173	298
156	296
402	237
215	398
343	273
346	70
366	523
184	160
212	177
298	552
307	522
478	335
458	181
202	361
209	256
296	361
357	176
260	76
363	150
403	432
421	106
284	349
266	46
407	409
400	560
326	566
307	547
341	453
253	195
169	237
347	145
266	410
309	106
212	460
325	81
278	61
133	304
308	567
114	287
202	363
392	334
279	225
477	343
290	435
290	143
300	242
98	451
205	162
265	489
216	339
389	327
161	199
365	469
283	456
282	531
320	26
128	290
308	509
339	149
297	485
300	497
451	120
564	236
320	207
297	35
217	413
168	155
266	210
281	259
171	308
322	538
311	541
233	229
401	408
294	568
248	229
82	159
286	75
389	213
407	200
362	309
246	344
290	295
298	309
283	182
319	124
245	233
289	443
300	239
266	357
378	29
304	245
442	231
280	329
331	403
59	341
123	389
352	355
398	452
174	219
204	127
237	248
348	132
152	89
321	491
317	297
109	112
477	251
200	135
291	152
362	339
395	395
311	220
293	178
218	232
289	388
367	303
279	582
97	315
288	342
227	358
259	423
296	147
289	115
184	337
350	397
270	361
290	52
216	103
191	419
277	343
301	117
471	399
300	225
353	85
281	260
278	331
105	108
322	343
329	219
359	155
289	115
322	328
291	270
425	366
308	385
282	35
309	293
368	319
296	152
381	274
379	146
258	457
364	528
341	250
119	256
86	264
143	354
209	300
292	379
464	387
343	273
342	464
350	183
269	267
319	425
456	114
220	130
237	64
160	352
272	171
282	363
203	196
313	529
397	204
198	445
330	75
263	455
306	290
245	32
392	72
212	554
287	200
291	180
454	451
26	257
340	457
396	498
463	262
292	334
182	386
304	473
315	395
298	313
220	260
185	425
113	273
48	385
309	560
328	260
244	527
288	375
330	222
266	404
164	231
221	30
557	251
301	541
309	532
251	497
203	216
503	292
327	396
228	298
268	139
220	305
50	261
402	124
417	478
493	195
434	185
300	477
245	280
419	391
84	367
319	275
265	283
234	487
152	284
372	34
335	50
333	60
152	205
294	557
189	518
338	310
269	73
300	136
149	144
310	448
160	408
94	178
222	279
267	192
197	171
287	434
199	207
327	318
219	90
454	198
427	89
269	4
315	427
343	314
259	264
229	231
219	246
205	358
45	350
374	424
263	340
382	236
294	169
244	180
573	353
302	401
293	271
26	265
247	181
414	527
417	199
351	90
319	120
450	306
303	426
309	24
325	74
310	305
284	206
263	254
267	297
325	151
412	357
407	332
195	129
336	483
456	193
167	264
469	483
277	87
424	408
319	242
242	355
202	273
334	576
262	86
152	96
525	211
210	515
284	190
218	419
533	424
191	388
315	364
335	212
87	260
344	187
398	324
279	302
205	300
361	467
402	237
456	398
476	501
520	246
469	266
205	300
114	326
235	183
341	550
400	156
243	367
214	163
393	482
300	560
319	85
263	416
227	302
469	355
275	88
159	248
345	226
237	296
133	106
101	300
309	411
320	76
153	171
294	232
424	462
445	492
303	272
320	391
390	429
285	19
138	348
299	384
466	446
196	244
285	252
300	222
290	247
234	121
289	126
123	371
199	215
227	365
298	205
458	489
300	360
508	300
326	414
300	275
280	5
339	120
339	307
347	84
209	167
89	278
186	274
296	519
20	300
257	77
123	208
394	524
81	300
401	199
381	171
220	373
484	202
300	483
300	413
303	188
362	521
111	145
274	218
328	33
464	487
96	447
300	258
286	556
293	310
294	53
154	352
298	363
271	204
413	291
187	533
134	140
476	308
301	466
352	422
292	258
486	267
315	48
255	419
398	243
449	322
51	399
318	308
312	157
324	64
72	326
257	152
450	485
272	330
299	161
255	438
221	192
297	71
365	263
340	395
373	437
270	278
400	430
233	437
260	331
348	61
457	222
545	384
210	69
323	359
477	360
380	174
534	266
299	121
405	280
401	109
358	229
307	569
300	364
297	508
277	310
395	222
127	274
342	94
300	562
453	221
342	362
300	118
225	416
212	442
204	162
291	488
321	164
345	333
120	183
205	457
262	176
508	224
414	354
200	494
355	114
439	180
333	471
455	310
117	322
295	271
134	236
260	252
227	232
88	195
324	97
262	421
335	163
345	346
366	272
290	509
308	577
237	238
413	147
87	276
400	416
213	238
346	373
317	333
310	507
295	479
231	43
291	462
268	206
295	578
319	234
312	481
226	507
356	264
269	278
348	168
385	256
307	47
376	221
215	155
237	45
202	165
181	85
244	362
262	457
321	447
322	453
306	111
72	310
271	472
403	482
405	166
330	172
375	193
383	235
258	280
298	471
299	402
354	154
300	512
312	413
350	144
240	352
289	115
110	455
252	327
404	273
266	88
199	311
297	246
386	561
345	402
256	317
204	295
369	192
393	332
254	335
119	354
307	356
167	224
326	327
468	290
182	297
318	291
374	313
219	238
371	414
545	341
176	321
252	105
330	509
405	188
417	170
269	518
257	94
317	374
305	210
258	71
520	213
238	490
314	22
121	281
267	383
283	43
301	107
300	23
151	349
311	478
303	317
342	557
306	187
258	89
236	397
185	215
248	57
524	184
309	53
212	258
311	428
311	491
362	117
182	378
107	171
260	394
383	393
157	347
226	42
448	306
295	369
289	153
180	376
307	338
351	556
305	256
359	195
243	274
421	246
253	336
250	302
404	292
135	246
372	487
231	556
435	366
268	49
173	317
307	157
338	351
328	117
315	404
298	419
298	148
377	297
288	141
255	432
168	349
264	169
411	48
300	449
261	300
468	180
300	394
326	54
306	596
364	172
290	59
356	464
289	220
550	394
526	446
86	269
455	372
195	223
482	370
341	489
402	221
248	349
393	52
269	526
564	374
314	263
377	256
564	421
310	481
205	253
249	248
324	193
146	145
348	549
248	281
275	414
171	368
538	311
331	493
333	326
57	264
254	42
442	446
278	295
190	520
462	394
392	143
69	359
55	376
270	98
345	586
413	505
272	496
321	564
316	138
168	251
200	195
363	320
375	274
144	443
293	293
354	337
359	270
306	50
268	556
430	196
554	280
481	425
317	401
386	351
359	189
272	219
344	274
287	508
166	366
205	300
245	63
323	56
454	444
448	188
198	91
218	366
352	94
318	165
276	283
301	291
195	137
430	151
201	209
301	515
337	326
422	238
298	187
132	383
461	157
324	16
342	512
294	269
227	110
320	560
532	445
277	555
351	72
229	389
298	303
73	434
332	176
280	531
230	224
460	99
310	193
69	237
230	453
311	450
384	314
331	247
402	143
303	403
305	412
229	376
464	230
190	389
410	445
139	512
449	316
104	194
62	238
300	152
311	450
193	112
266	394
370	311
315	574
166	277
262	47
298	122
409	46
415	244
164	247
305	391
130	300
285	372
301	418
276	412
139	131
238	517
298	177
350	177
71	252
244	418
372	81
423	198
265	138
370	246
374	300
374	520
351	469
456	366
309	306
330	479
224	170
234	246
197	86
287	63
348	313
241	525
375	165
253	239
476	253
228	514
239	438
324	296
329	310
416	354
159	236
425	180
320	325
444	296
295	443
427	236
403	334
465	484
302	590
151	180
347	407
347	507
364	77
279	47
284	80
294	472
321	275
331	129
94	262
320	591
408	335
201	274
257	160
301	441
259	31
89	301
134	269
295	501
259	266
112	215
259	392
192	185
427	103
271	343
135	352
288	209
460	118
312	384
301	408
510	188
336	233
249	441
273	379
272	286
98	127
395	402
219	465
354	391
266	430
210	500
114	460
173	463
322	348
410	539
312	533
289	567
340	268
260	355
368	568
120	370
301	91
423	321
284	107
175	299
311	272
296	20
235	422
257	586
159	416
331	473
237	397
349	512
363	477
120	237
312	517
373	295
268	216
414	287
303	314
300	344
406	331
296	12
322	195
345	445
144	418
179	411
322	365
294	127
211	106
514	274
368	306
149	127
111	319
425	373
122	266
224	172
230	446
300	222
291	317
312	78
509	433
197	202
319	342
294	296
320	385
343	77
306	124
151	263
341	261
501	285
132	144
301	394
268	394
355	151
323	389
294	549
181	210
347	386
289	320
300	127
213	152
463	317
273	285
357	502
401	216
346	249
70	378
90	335
225	536
230	476
344	215
307	74
328	259
249	69
299	441
227	176
365	414
105	333
149	349
420	360
235	86
264	124
309	61
300	527
268	138
478	193
298	268
195	273
456	384
445	528
234	282
437	366
304	59
424	239
109	388
282	144
374	482
340	152
486	125
12	259
392	220
461	365
459	262
336	504
298	326
459	393
345	572
228	287
298	242
443	349
403	484
131	264
115	277
245	247
300	77
312	264
312	391
299	152
226	322
296	362
192	163
430	374
310	44
91	251
360	242
294	17
190	219
287	393
169	408
278	98
239	429
348	386
447	407
308	282
287	275
203	104
241	402
402	208
205	339
439	352
314	507
211	379
35	222
224	565
293	278
336	300
182	233
276	188
317	210
227	382
299	596
292	413
191	259
287	584
376	342
207	220
390	185
142	272
334	352
282	332
187	231
499	367
223	90
447	242
206	363
212	227
147	149
343	304
189	403
371	164
195	305
320	332
300	395
219	107
300	228
383	252
254	237
390	277
227	316
193	237
220	373
340	136
335	439
274	341
304	65
297	313
207	475
322	259
267	141
207	424
494	341
267	217
303	60
239	131
237	490
217	228
361	283
401	315
512	209
407	142
362	90
270	446
413	191
382	216
309	319
316	40
202	455
418	491
311	496
511	495
268	30
204	374
285	470
179	109
474	441
300	10
330	524
282	450
143	331
258	345
306	42
337	401
336	555
435	290
390	253
300	372
436	219
307	312
181	327
302	116
318	399
449	358
169	364
290	195
251	516
353	411
349	60
327	132
263	369
317	144
578	315
181	406
398	231
372	405
238	240
282	94
175	242
527	335
352	550
211	377
457	412
297	582
321	300
386	375
170	228
273	429
404	342
230	402
447	443
301	38
176	285
329	202
150	295
422	87
186	141
354	517
307	352
243	213
320	136
124	105
283	220
389	166
514	236
145	358
312	45
358	81
516	182
385	159
338	401
272	135
321	306
439	314
316	174
214	168
298	360
290	598
293	406
437	234
272	275
473	439
466	388
299	556
293	31
300	351
337	267
215	168
256	322
314	355
330	464
441	165
311	142
366	332
171	243
232	418
256	386
372	92
118	315
222	223
394	154
120	177
283	309
231	370
289	416
165	315
498	336
165	430
414	418
58	183
237	451
337	162
275	563
368	417
205	269
292	551
432	379
370	574
335	354
317	446
336	133
421	168
396	253
298	379
320	223
77	252
297	406
376	436
348	499
352	234
431	392
215	564
300	93
271	149
317	183
274	458
303	549
455	238
323	370
314	36
230	201
310	417
518	240
437	415
227	300
317	291
222	495
235	411
315	393
250	308
318	300
335	234
540	233
378	404
347	492
392	394
148	468
308	305
324	238
151	226
137	214
265	79
237	209
359	489
441	100
345	176
319	369
238	326
329	247
301	189
445	316
395	321
286	559
427	484
497	154
244	242
362	159
149	458
249	207
277	291
333	371
381	161
375	260
341	435
433	477
364	374
359	530
167	202
93	473
356	407
260	301
285	413
325	521
207	540
270	111
354	400
243	489
314	103
305	287
389	352
299	123
230	264
77	222
255	465
303	520
279	24
346	134
262	220
495	236
303	312
447	329
180	387
416	411
385	299
341	274
283	509
151	83
433	424
328	186
312	346
196	310
412	287
381	148
303	259
124	361
195	396
220	98
324	553
139	394
298	486
249	440
304	273
186	337
230	148
367	314
240	132
272	254
301	261
159	419
277	371
484	292
398	509
218	300
395	226
190	206
271	346
404	174
104	335
122	408
246	225
248	161
308	110
150	283
268	361
174	200
316	114
519	198
386	251
257	397
186	391
304	251
238	269
442	299
298	152
362	49
383	485
45	283
228	23
494	195
383	202
329	246
274	225
536	395
338	420
302	457
221	337
342	422
250	225
405	145
454	141
177	342
315	302
144	253
215	440
221	61
279	465
201	351
438	350
409	401
297	389
359	433
478	417
371	549
286	175
410	363
328	37
61	373
264	308
322	554
314	285
404	466
301	356
458	162
224	526
300	363
397	274
299	590
169	277
300	247
360	210
290	199
302	418
275	85
339	237
214	204
484	219
383	407
310	458
441	282
377	219
507	382
348	563
362	342
434	354
248	409
265	172
293	523
261	96
215	25
340	231
181	331
272	540
239	171
320	563
437	307
275	38
243	193
300	44
235	484
314	161
202	482
205	346
457	265
129	331
341	28
355	238
309	467
306	405
385	210
402	265
237	366
353	544
293	132
310	323
171	277
390	511
466	322
426	414
466	149
227	361
506	353
210	450
338	392
35	182
350	417
155	180
313	364
546	303
125	173
161	435
322	11
451	323
258	485
249	259
288	567
150	258
302	16
99	491
422	107
280	393
270	91
298	324
290	94
167	192
306	390
323	314
227	69
155	435
411	314
168	57
259	365
321	572
196	339
316	427
158	231
408	311
326	488
342	187
329	200
221	347
179	443
300	168
367	403
269	396
235	175
454	345
100	135
526	340
377	467
184	223
272	567
359	473
253	326
297	264
368	349
332	137
457	251
248	397
182	183
215	454
256	458
441	286
290	535
379	364
344	412
105	327
219	265
167	221
341	434
381	137
331	450
381	503
346	210
303	284
124	423
92	289
283	168
230	471
450	453
195	383
446	210
147	344
317	358
380	245
339	405
170	112
311	294
212	454
344	412
355	574
380	135
302	537
424	208
204	292
539	289
312	217
40	300
302	7
489	374
104	351
275	252
179	281
261	232
331	322
365	98
435	327
159	409
311	507
404	266
291	549
265	104
203	413
310	327
241	101
456	341
408	386
283	180
192	313
328	189
514	467
328	373
397	188
329	134
317	531
254	407
295	49
169	339
518	171
387	503
312	169
300	385
220	159
304	136
478	477
242	311
256	553
205	345
209	166
228	345
301	300
300	161
222	91
286	50
300	298
304	220
322	560
304	7
324	83
303	324
426	204
250	77
231	147
231	269
354	525
101	288
359	224
338	33
241	390
308	150
457	324
383	139
191	337
300	572
241	313
303	380
319	71
302	304
441	196
195	322
166	288
298	38
240	13
290	505
282	317
300	575
370	243
390	108
299	268
325	595
355	58
349	454
261	443
159	240
284	293
230	479
239	488
572	243
302	451
334	95
160	280
255	39
176	259
364	114
311	117
264	469
220	497
338	364
484	213
313	220
396	372
270	246
320	265
251	89
440	326
325	385
143	420
470	471
300	585
332	485
282	385
311	38
243	183
268	295
199	507
225	255
347	367
342	311
314	226
312	349
206	184
307	509
216	409
475	359
424	273
180	110
235	300
302	213
200	462
462	162
187	393
233	357
300	544
425	248
233	159
345	128
363	231
175	308
187	221
213	75
122	252
260	422
210	155
398	433
223	339
312	69
280	192
236	441
401	476
236	395
372	284
272	552
343	273
446	334
306	297
118	234
229	272
536	289
300	384
107	462
307	272
285	403
264	209
296	401
212	275
360	313
301	324
347	577
261	397
384	493
290	370
433	479
282	173
308	390
301	371
374	351
378	151
247	154
382	111
379	374
288	67
458	364
345	478
300	458
269	429
308	313
294	415
441	100
114	346
251	454
392	391
336	486
230	442
330	315
152	193
106	366
200	450
285	330
261	279
215	361
316	416
422	439
325	361
436	481
326	136
251	524
266	302
554	404
345	96
465	170
97	371
257	259
287	368
515	211
160	137
360	34
452	107
361	299
278	288
390	423
300	40
323	355
307	48
126	320
260	499
264	83
433	345
299	307
218	145
285	42
454	376
340	138
434	129
325	43
507	434
461	341
365	120
392	344
304	140
304	190
201	487
94	454
467	464
219	455
306	442
375	81
417	312
309	353
308	596
215	197
300	116
379	408
307	237
359	23
98	294
259	391
285	477
293	433
350	441
257	448
380	344
393	452
177	267
371	142
123	389
395	129
489	221
274	357
220	404
302	548
268	341
271	149
310	268
390	259
304	417
386	271
304	410
284	192
498	438
379	395
298	371
170	266
193	166
258	146
147	171
176	297
382	181
296	196
453	374
132	197
215	373
353	89
303	379
234	184
264	123
282	294
529	273
388	212
479	458
404	321
464	333
295	579
224	379
523	289
303	516
309	266
421	384
293	233
168	255
286	49
310	204
152	243
33	319
156	429
353	328
298	212
352	129
91	355
301	400
305	542
444	554
278	550
259	35
330	101
331	352
188	299
329	308
308	129
291	249
338	281
324	329
290	284
123	236
439	266
172	120
391	516
538	198
316	286
516	266
318	545
277	262
339	111
303	311
423	314
284	498
195	271
397	389
547	167
88	223
307	129
190	382
426	300
217	396
384	500
190	416
262	246
285	473
279	595
331	324
288	420
512	308
314	18
271	128
205	314
340	394
298	589
299	474
65	366
270	500
299	524
458	172
431	275
70	300
257	89
290	242
197	170
491	201
217	461
145	227
272	158
428	262
218	224
299	565
337	275
282	202
184	69
314	80
290	143
293	526
324	266
200	150
274	364
348	183
228	408
300	478
301	270
179	65
357	231
313	102
295	196
348	294
220	102
326	392
403	320
78	137
287	329
319	235
376	72
252	228
341	52
300	69
347	108
242	326
337	538
326	233
321	523
568	247
441	379
440	310
220	269
320	332
389	78
298	357
337	489
249	372
257	482
305	446
146	350
445	135
305	76
428	314
390	250
365	533
217	337
388	375
288	511
217	231
177	451
484	147
383	99
547	331
420	201
349	79
304	212
306	60
114	120
443	396
338	110
206	218
168	341
354	314
414	193
277	411
322	485
198	262
382	367
157	466
190	349
380	166
177	82
253	328
128	163
367	465
214	465
256	114
269	137
297	42
459	356
323	264
138	297
333	141
115	162
383	430
311	223
336	370
284	405
137	410
284	121
121	140
343	339
269	461
279	244
349	469
189	473
428	275
297	273
61	294
252	282
549	294
483	185
319	235
129	182
302	477
230	480
286	401
309	7
416	133
346	241
308	341
273	366
439	435
293	231
69	429
446	148
188	93
302	500
291	55
335	116
249	396
326	91
190	300
315	573
171	283
394	100
402	266
384	290
213	282
350	227
259	403
208	263
339	416
345	257
357	333
286	586
322	469
190	358
272	551
330	257
392	121
75	162
407	177
372	314
227	231
389	425
369	292
148	341
142	247
430	327
361	310
327	262
236	291
220	368
403	164
392	260
279	320
314	106
401	72
57	343
170	258
357	380
220	140
247	340
503	164
318	485
299	132
383	102
68	339
523	277
411	79
396	136
285	265
288	116
353	221
275	176
305	81