230	591
552	462
58	123
357	594
579	190
72	106
591	372
215	13
589	380
46	459
555	142
495	73
77	100
580	193
19	195
90	86
85	91
236	7
430	570
489	532
394	584
411	578
188	578
189	578
217	588
344	596
483	537
282	599
19	195
419	25
454	43
397	583
42	453
368	8
22	188
88	512
412	578
596	348
131	547
211	586
213	587
36	442
105	73
546	129
230	9
282	599
526	103
587	387
450	559
145	556
152	560
446	38
589	380
262	3
352	5
541	122
413	577
71	493
299	1
275	2
3	258
133	549
69	109
95	519
400	18
147	558
598	334
583	201
554	141
102	525
175	572
31	432
358	6
556	456
395	16
98	79
301	599
551	464
440	565
173	29
241	594
529	107
445	562
80	503
318	599
440	565
203	583
558	453
379	11
1	324
278	599
105	73
296	599
85	509
523	100
305	599
264	3
88	512
297	599
44	456
558	147
463	49
410	21
236	7
513	89
255	4
505	81
94	518
313	599
563	444
418	575
343	596
337	597
316	599
294	1
487	534
525	498
384	588
190	579
527	496
579	410
357	6
470	53
220	11
228	9
468	52
113	534
267	2
201	17
544	474
296	1
413	23
200	582
510	514
373	590
362	593
198	18
309	1
106	528
79	502
179	26
309	599
276	599
514	90
379	589
25	419
3	258
290	1
490	68
143	45
33	164
521	502
301	1
76	101
432	569
331	598
213	587
250	5
119	61
566	162
196	19
243	6
227	10
242	594
367	592
228	9
23	185
472	545
52	468
325	2
518	506
557	146
59	478
446	38
69	109
397	17
111	532
425	572
524	101
130	53
140	47
52	132
147	558
124	58
560	449
53	130
375	590
31	168
83	93
286	1
236	593
290	1
248	5
424	27
521	502
396	584
340	3
265	3
297	1
575	181
436	33
184	576
134	51
439	565
216	12
333	598
158	36
369	591
452	42
252	4
296	1
6	241
267	598
472	55
205	16
431	31
300	600
593	236
465	550
88	512
119	539
592	232
312	1
23	415
302	599
136	551
347	596
587	213
158	564
197	19
443	37
487	66
189	578
213	13
594	241
510	86
475	543
251	5
63	483
70	108
571	428
585	393
192	579
487	534
569	432
91	85
527	496
147	558
114	65
592	368
486	65
93	83
505	81
554	141
93	83
484	64
318	599
506	82
377	589
62	482
22	412
511	513
444	563
479	540
456	44
205	584
194	20
122	59
68	490
216	588
151	40
291	1
123	58
448	560
531	109
189	578
35	160
388	14
216	12
55	473
170	570
313	1
320	1
79	98
240	593
258	3
529	107
441	564
439	565
151	40
234	592
110	532
436	33
303	1
189	22
120	60
125	543
120	60
341	597
274	2
18	402
571	172
383	588
305	599
205	584
307	1
410	579
551	464
324	1
452	42
568	166
349	595
508	84
85	509
541	478
429	570
413	23
424	573
308	599
80	503
122	59
431	569
55	473
123	542
87	511
38	154
270	598
585	393
115	64
373	590
420	574
278	1
454	43
485	64
454	43
528	494
225	590
96	519
581	405
390	586
74	103
234	8
305	599
18	402
591	228
68	490
405	19
137	551
392	15
381	12
384	588
431	569
487	66
185	23
95	81
380	589
408	579
412	578
270	598
35	440
259	597
317	599
534	113
376	10
271	2
205	16
125	543
23	415
415	577
391	585
203	17
106	528
190	21
136	49
537	117
217	588
380	589
509	515
137	49
136	551
528	494
361	593
75	498
526	103
21	190
398	583
276	1
482	538
591	228
385	587
445	562
54	471
309	1
152	560
252	4
270	598
126	56
541	478
388	14
335	3
286	599
58	477
213	587
154	562
591	228
379	589
72	494
368	592
202	583
345	596
289	599
333	598
14	390
44	456
77	100
398	17
5	246
582	198
315	599
13	387
459	554
236	593
85	91
538	118
280	599
429	30
13	387
265	3
515	91
242	6
474	544
480	540
222	589
54	471
42	453
383	588
22	412
382	12
519	95
295	599
162	566
136	49
541	122
462	552
505	81
181	25
87	89
351	595
246	5
448	40
591	228
396	584
173	29
206	584
356	6
518	506
397	17
293	1
547	470
328	2
245	6
47	139
296	1
289	1
400	582
102	525
356	594
376	590
427	571
495	73
358	6
176	573
476	58
177	573
396	584
435	33
122	541
76	101
41	451
1	276
417	576
69	491
5	354
128	545
317	599
478	59
259	3
570	430
411	578
159	564
316	599
556	456
445	562
194	580
318	599
379	11
260	597
264	597
400	582
518	94
229	591
103	74
573	176
233	592
207	15
221	11
558	453
246	595
289	599
275	598
2	266
411	578
374	10
484	536
520	97
472	545
578	412
205	16
185	577
423	27
219	588
276	1
304	599
60	480
498	525
195	19
387	587
229	591
498	75
189	578
425	28
361	593
85	91
37	156
243	594
410	21
180	574
59	122
349	5
68	110
197	19
464	551
587	387
61	481
572	426
582	402
46	141
453	42
572	426
459	554
199	582
381	588
453	558
84	508
232	592
402	18
494	72
276	599
176	573
272	2
273	2
20	407
445	38
112	67
187	23
458	555
513	89
244	6
546	471
476	58
455	44
592	368
391	585
499	524
276	1
57	125
348	596
75	498
152	40
287	1
229	591
431	569
420	26
204	16
272	598
95	519
228	591
307	1
518	94
259	3
132	52
436	33
513	511
558	453
84	92
380	11
46	141
133	549
46	459
471	54
458	555
448	560
172	29
112	533
343	4
222	11
252	596
373	10
165	33
258	597
334	2
541	478
355	6
106	528
433	568
171	30
389	586
227	10
51	467
586	390
597	258
192	21
504	81
320	1
100	77
43	146
128	55
485	64
567	436
248	5
371	9
467	549
220	589
318	599
85	509
21	410
412	578
510	514
404	581
89	513
385	587
68	490
39	153
592	368
590	224
443	37
342	597
74	497
476	542
523	500
510	514
157	37
305	599
508	84
460	47
69	109
256	596
202	583
278	1
530	492
197	19
112	533
415	23
71	493
40	151
583	201
330	598
174	572
159	564
526	103
36	442
454	557
165	33
408	579
419	25
215	587
48	138
475	57
355	6
563	444
564	442
45	142
149	41
148	558
474	56
319	1
39	447
306	599
493	71
500	77
289	1
36	442
593	236
592	368
476	542
267	598
597	258
234	8
346	596
420	26
311	599
388	14
331	598
60	480
364	593
136	49
284	599
516	92
343	596
106	72
71	493
52	468
38	446
418	25
87	511
145	44
194	20
504	81
50	465
40	151
533	488
408	21
87	511
290	1
339	3
238	593
527	496
424	573
171	570
272	2
422	26
383	12
261	597
497	526
153	561
315	1
524	101
209	585
216	12
188	22
59	122
95	519
474	56
301	1
201	17
209	15
389	14
474	544
134	51
32	166
141	554
583	201
581	195
287	599
193	20
53	470
330	598
155	562
211	14
454	43
539	481
177	27
318	1
214	587
169	569
228	591
32	166
194	580
86	90
102	525
503	80
226	10
357	6
523	500
462	48
400	18
238	593
340	3
422	574
15	393
329	598
527	104
279	1
566	438
120	60
233	592
14	390
133	549
71	493
494	72
30	170
421	574
325	2
85	91
385	13
306	599
410	579
534	487
182	25
49	464
457	45
77	500
34	162
564	442
149	559
246	595
208	585
114	535
21	410
192	21
163	566
465	50
113	534
52	132
241	6
390	586
300	600
573	424
383	588
217	12
338	3
344	4
1	324
580	407
225	10
43	454
264	597
314	599
569	432
167	568
467	549
282	599
294	599
422	26
505	519
490	532
354	5
7	364
355	594
198	18
237	593
240	593
316	599
80	503
135	550
360	7
418	575
23	185
74	497
44	144
188	578
274	598
250	595
360	7
35	440
420	574
30	430
315	599
531	491
103	74
366	592
398	17
297	1
563	156
4	348
307	599
484	536
294	1
37	156
391	15
173	29
18	198
15	207
442	36
297	599
348	4
74	497
107	71
35	440
208	585
153	561
270	598
572	426
312	599
400	18
576	183
213	587
156	563
573	176
502	79
17	201
433	32
312	1
572	174
269	2
196	581
596	252
330	2
42	453
229	591
238	7
126	544
215	13
191	579
147	558
542	477
185	23
572	426
227	590
372	9
76	101
154	38
514	510
98	79
152	40
442	564
411	22
453	558
575	181
13	387
533	488
580	407
491	531
583	399
520	503
144	556
530	492
414	23
310	1
107	529
107	71
442	564
36	442
459	46
592	368
428	29
368	8
277	599
580	193
416	576
146	557
388	586
580	407
365	592
437	566
217	12
488	533
529	493
340	3
122	59
144	556
199	18
503	80
589	220
488	67
130	53
333	2
267	598
150	41
153	561
138	552
151	560
9	372
171	30
104	527
78	501
473	545
50	465
359	594
223	589
571	428
458	45
398	17
298	1
44	144
88	88
33	436
418	575
67	112
572	426
251	5
357	6
81	505
441	564
75	102
400	582
521	502
570	170
312	1
5	354
354	5
533	112
487	534
374	10
146	557
185	23
209	585
329	2
426	28
65	486
15	207
212	14
374	590
208	585
184	24
311	1
340	3
244	594
463	551
375	590
513	89
180	26
447	561
534	113
377	589
100	523
72	106
78	99
398	17
134	549
33	164
325	2
229	9
209	15
317	599
200	18
230	591
219	12
521	502
34	162
186	23
88	512
209	585
3	258
429	30
394	16
224	10
427	571
395	584
32	166
526	103
37	444
396	584
329	2
129	546
551	136
145	44
136	49
63	117
174	572
590	224
495	527
352	595
516	508
480	540
69	491
86	510
284	599
166	32
426	572
301	599
209	585
578	412
312	599
133	549
484	64
55	473
353	595
93	83
469	547
130	53
493	71
471	546
591	372
346	596
155	562
593	364
334	2
321	1
580	407
375	10
569	432
434	32
245	6
283	1
490	532
99	522
523	500
559	451
154	562
514	510
502	79
240	7
56	126
466	549
400	18
346	596
217	588
325	2
485	64
440	35
382	12
520	97
91	515
354	5
475	543
107	529
400	18
254	596
347	596
200	18
137	551
281	1
175	28
274	2
223	589
437	566
166	32
357	6
161	35
475	543
316	1
10	376
150	559
408	579
581	405
337	3
473	545
441	564
304	1
350	5
29	428
144	556
398	583
158	564
537	483
462	48
401	18
129	54
571	428
345	596
183	576
503	80
38	446
333	2
319	1
85	509
133	549
212	14
113	534
103	74
319	1
536	485
247	595
341	3
435	33
573	176
88	88
384	588
139	47
258	597
409	21
227	590
339	597
510	86
452	558
436	33
216	12
412	22
218	588
274	2
114	65
297	1
26	178
230	9
52	468
475	543
218	12
452	558
593	364
273	598
258	3
216	588
30	170
295	599
294	1
595	354
429	30
384	12
314	1
518	506
437	566
332	2
165	33
395	584
428	29
450	41
72	494
233	592
223	589
100	523
398	17
102	525
94	82
55	473
332	2
68	490
75	498
402	18
79	502
350	595
313	1
564	158
42	453
242	594
342	3
279	1
191	21
414	577
227	590
209	585
291	599
364	7
360	7
536	115
556	144
560	449
178	574
251	595
124	58
574	178
119	539
461	553
565	440
54	129
247	5
107	529
12	384
354	595
410	21
2	266
456	44
556	144
437	34
100	77
409	579
162	34
255	596
41	451
467	549
508	84
381	12
336	597
114	535
114	65
420	26
493	71
350	595
176	573
405	581
186	577
78	99
443	563
192	579
152	560
270	2
250	595
84	92
412	578
138	48
519	95
538	482
244	594
370	9
366	8
391	585
169	31
494	72
211	586
512	88
565	160
361	7
197	19
85	509
540	480
424	573
383	588
88	88
300	0
58	477
91	515
445	38
398	17
222	11
519	505
33	164
188	578
242	6
153	39
221	11
195	19
360	593
476	542
418	575
128	545
552	462
163	34
340	3
101	524
226	10
171	570
561	447
586	210
538	118
546	471
233	592
166	32
101	76
492	530
589	220
269	2
96	519
66	113
593	236
0	300
454	43
411	22
379	11
347	4
232	8
92	84
308	599
568	166
316	1
425	28
284	599
358	6
576	183
468	548
223	11
326	598
397	583
354	595
580	193
273	2
334	598
523	500
482	538
517	93
224	10
504	81
218	12
167	568
266	598
381	588
362	593
176	573
180	574
166	568
62	482
378	11
545	473
355	6
527	496
90	514
38	446
182	25
173	571
221	589
122	59
89	513
334	2
84	508
38	154
586	210
447	561
434	568
500	77
520	503
375	10
562	154
290	1
429	570
312	599
587	213
238	7
483	63
103	74
350	595
368	8
537	117
321	599
292	1
309	599
29	172
550	465
10	224
447	561
49	464
440	565
134	51
560	151
81	505
178	574
208	15
414	577
152	560
146	557
60	120
69	109
176	27
97	520
493	71
442	36
32	434
431	569
169	569
412	578
525	102
185	23
121	60
131	53
12	384
589	380
87	511
27	176
227	590
18	402
415	577
263	3
77	500
467	549
40	151
311	1
485	536
122	59
298	1
380	11
463	551
574	178
408	579
473	545
236	7
263	597
461	553
122	59
268	598
367	8
80	503
429	30
579	190
392	15
305	1
5	246
550	135
18	198
107	71
172	571
493	71
67	112
434	32
134	51
256	596
550	135
188	22
466	549
156	563
487	534
442	564
489	68
21	410
59	122
29	428
535	486
339	597
594	241
219	588
471	546
407	580
94	82
425	28
201	17
404	581
19	195
248	5
446	38
96	519
143	555
209	585
519	505
10	224
281	599
563	156
427	29
595	354
443	563
450	41
527	104
383	12
273	598
551	464
429	30
115	64
393	585
164	33
272	598
454	43
338	3
118	538
204	16
305	599
551	136
347	4
296	599
433	32
59	478
483	537
445	38
41	149
237	593
185	577
13	387
435	33
147	42
105	527
422	574
254	596
352	595
73	104
391	15
382	12
63	117
521	502
264	3
256	596
527	496
53	470
51	133
396	16
14	210
183	576
87	89
548	132
120	60
263	3
289	1
121	60
368	592
125	57
298	1
3	258
147	42
203	583
374	590
119	539
529	493
109	69
585	207
480	540
261	597
34	438
225	10
344	596
186	23
34	438
32	166
405	581
381	12
207	585
161	35
31	168
320	599
582	198
536	115
542	477
34	438
589	220
92	84
101	524
17	201
508	84
46	459
267	2
274	2
62	118
489	532
327	598
461	553
487	66
234	592
33	164
363	7
4	252
118	62
566	162
545	127
88	512
320	599
330	598
221	11
91	515
562	446
372	591
589	220
522	501
424	27
495	73
229	591
444	563
363	7
109	531
495	527
393	585
17	201
100	523
282	599
203	583
95	81
131	53
525	498
230	9
385	13
139	47
98	521
281	599
238	593
551	464
301	599
187	23
438	34
350	5
373	590
17	399
69	491
510	86
527	104
556	144
247	5
576	183
224	10
261	597
156	563
361	593
585	393
387	587
435	567
548	468
306	1
289	599
344	596
402	18
529	493
354	5
151	560
476	58
105	73
478	59
552	462
533	112
70	492
341	3
163	34
482	538
37	156
160	565
27	424
331	598
150	559
492	530
13	387
65	114
203	583
168	31
223	589
111	532
384	588
331	598
155	562
236	593
339	3
497	526
563	156
85	509
274	598
485	64
356	6
380	589
553	139
86	510
461	47
149	559
148	42
75	498
391	15
53	470
142	555
168	569
380	11
372	9
282	599
529	493
577	185
145	44
168	31
308	599
181	25
554	459
308	1
233	592
482	62
251	5
60	120
210	14
97	80
507	83
480	60
525	102
256	596
140	553
306	599
439	35
100	523
578	188
317	1
512	512
353	5
272	598
360	593
259	597
103	526
168	569
482	62
92	84
508	516
233	592
445	38
458	555
78	501
592	232
92	516
84	508
479	60
442	36
238	7
294	1
81	505
29	172
547	470
275	598
234	592
572	426
19	195
337	597
439	565
98	79
508	84
554	141
145	44
211	586
587	213
399	583
13	387
576	417
463	551
589	380
205	584
281	599
210	586
25	181
450	559
82	94
561	153
125	543
531	491
96	519
153	39
267	598
124	58
187	577
298	1
366	592
498	525
108	70
453	42
454	557
307	599
101	524
527	104
586	390
129	54
566	438
454	557
381	588
269	2
3	258
136	49
179	26
325	2
240	593
433	568
178	26
360	593
520	503
11	220
28	426
454	557
167	32
20	193
193	20
298	599
61	119
174	28
215	587
498	75
27	424
176	573
427	29
235	592
69	491
231	9
39	447
319	599
104	527
465	550
380	589
8	232
507	517
566	438
246	5
388	586
143	555
207	15
133	549
320	599
57	125
353	595
40	151
295	1
4	348
120	60
433	32
395	16
442	564
190	579
125	57
543	125
130	547
507	517
35	440
437	34
112	533
452	42
418	25
459	554
241	6
486	65
293	1
70	108
37	444
33	436
344	596
273	598
382	12
335	3
449	40
220	11
117	537
220	11
490	68
319	599
178	574
317	599
459	554
294	1
426	28
411	578
514	510
452	558
544	126
503	520
124	58
481	539
430	30
29	428
434	32
6	241
386	13
515	91
287	599
158	564
372	9
64	115
599	324
245	594
20	193
327	2
447	561
58	123
238	593
539	119
313	599
326	598
231	9
106	528
230	9
595	354
63	117
188	22
443	37
495	527
222	589
211	586
151	40
457	555
368	592
515	509
161	565
360	593
475	57
280	599
499	524
441	564
134	51
124	542
579	410
535	114
250	5
360	7
23	415
554	459
410	21
255	4
22	412
371	591
60	120
504	519
283	599
411	22
14	390
547	470
379	589
361	593
267	598
240	7
243	6
3	258
550	135
237	7
293	1
577	415
92	84
254	596
521	502
438	566
44	144
364	593
14	210
384	12
375	590
361	7
96	519
109	531
585	207
32	166
265	597
54	471
416	24
31	432
490	68
222	589
82	94
61	119
232	8
33	436
561	153
142	45
257	4
463	551
272	2
420	26
126	544
232	592
540	480
221	589
265	3
95	81
173	29
298	1
397	583
552	462
492	70
523	100
51	133
491	69
13	387
53	130
169	569
409	579
300	600
62	118
114	65
444	37
449	40
357	6
451	41
128	545
470	547
596	252
321	599
142	555
493	529
479	60
493	71
150	559
124	58
53	470
226	10
393	585
10	224
563	156
283	1
487	534
545	473
30	170
447	561
556	144
100	523
447	39
319	1
570	430
535	486
246	5
140	47
260	597
420	26
569	432
139	553
446	38
282	599
523	100
562	154
24	417
517	93
512	512
362	7
394	584
203	583
213	13
332	598
303	1
443	563
434	568
206	16
555	142
389	586
41	451
101	76
271	598
182	575
214	13
138	552
298	599
243	594
78	99
319	1
462	552
90	514
266	2
265	3
234	8
502	521
147	558
277	599
260	597
210	586
221	11
404	581
77	100
50	135
517	507
217	12
319	1
359	594
5	354
407	580
591	228
473	55
445	38
69	491
220	589
68	110
225	590
275	598
8	232
237	7
143	555
60	480
60	480
172	571
127	545
116	536
413	577
314	599
579	410
441	36
459	554
490	532
278	1
268	598
118	538
121	60
543	475
599	324
81	95
87	89
420	26
325	598
1	276
565	160
57	475
238	7
133	51
366	8
217	588
474	544
221	589
32	434
161	35
411	22
100	523
178	574
449	40
373	590
63	117
93	517
356	594
592	232
405	581
285	1
372	9
314	1
583	201
47	461
321	599
486	65
191	21
34	438
593	364
553	461
130	547
568	166
110	532
305	599
424	573
363	7
229	9
127	545
424	573
146	43
259	3
115	536
534	487
467	51
552	138
196	581
231	591
440	565
597	342
519	95
521	98
348	4
207	585
221	11
509	515
429	30
531	109
327	2
415	23
1	276
2	266
355	6
202	583
522	99
532	110
286	1
93	83
332	2
566	438
521	502
394	16
52	132
542	477
565	440
436	567
320	1
499	76
121	540
390	586
483	63
23	185
225	590
552	462
135	50
558	147
342	3
435	567
298	599
102	525
338	597
105	73
580	407
143	45
290	599
456	44
293	599
90	514
52	468
598	266
433	568
308	599
376	10
435	33
349	595
137	551
9	228
579	410
200	582
435	33
315	1
163	566
229	9
82	94
132	52
122	541
37	444
354	5
588	216
287	599
391	585
594	241
478	59
350	5
370	9
593	364
303	599
461	47
95	81
113	66
44	456
176	573
585	393
406	580
253	4
19	195
182	25
541	478
494	72
278	1
501	78
327	2
506	518
263	3
183	24
597	342
80	97
382	588
447	561
163	34
512	512
138	48
188	22
271	598
52	132
406	580
180	26
344	4
289	1
376	590
9	372
505	81
317	1
486	535
253	4
53	130
520	97
353	5
398	583
434	32
21	190
307	1
236	7
184	24
216	12
402	582
88	512
417	576
151	560
132	52
565	440
440	35
106	72
323	599
201	583
500	77
116	536
25	181
26	178
435	567
449	40
498	525
186	23
289	599
520	97
358	594
44	144
224	590
537	117
445	562
583	399
215	13
510	86
347	4
312	1
470	53
307	599
587	213
561	153
581	195
286	1
214	13
182	25
394	584
473	545
11	220
596	252
313	1
253	596
118	62
259	597
315	599
167	32
339	3
227	10
298	1
341	597
313	599
263	597
57	475
151	40
552	462
550	135
77	500
168	569
37	444
447	39
344	4
291	1
515	509
458	45
162	34
448	40
546	129
467	51
360	7
294	1
66	113
64	115
376	590
496	73
397	17
584	396
152	560
363	593
146	557
371	9
43	146
443	37
486	65
494	72
565	160
51	133
466	51
598	266
124	58
499	524
402	582
9	228
303	1
553	461
402	582
90	514
144	44
307	599
393	585
68	110
140	553
521	502
423	27
299	599
15	207
285	599
280	1
120	540
513	511
436	567
512	88
595	354
85	509
131	547
22	188
273	598
63	483
540	120
427	29
421	574
171	30
377	11
322	1
520	97
347	4
37	156
279	599
506	518
431	31
176	27
26	178
584	396
99	522
25	181
235	8
206	16
270	2
67	112
484	536
588	216
159	36
234	8
468	548
35	160
320	1
429	570
120	60
438	34
533	488
515	509
498	75
596	348
83	93
144	44
36	158
554	459
147	42
591	372
219	588
490	68
470	53
318	1
70	108
136	49
80	97
15	207
221	589
353	595
150	559
475	543
476	542
300	600
242	594
486	65
519	95
251	595
475	57
512	88
358	6
344	4
288	599
160	35
352	5
18	198
308	599
104	73
585	393
535	114
576	417
382	12
549	133
321	599
325	598
174	572
132	52
67	488
281	599
354	595
94	82
307	599
103	74
4	252
590	224
415	23
473	55
536	485
353	595
274	598
375	10
261	3
213	13
229	591
455	44
202	17
164	567
312	1
525	102
395	16
144	44
256	596
17	399
258	597
454	43
232	592
174	28
576	417
581	405
282	1
238	593
203	583
422	26
453	558
249	5
511	513
579	410
558	147
5	354
152	560
417	24
360	7
12	216
363	593
552	138
550	135
67	488
338	597
327	2
445	562
319	1
206	584
594	359
181	575
415	577
301	599
310	599
310	1
311	1
3	258
153	39
373	10
280	599
226	590
188	22
454	557
179	26
124	58
138	48
57	475
517	507
293	1
240	593
190	579
585	207
451	559
341	597
579	410
427	29
360	593
225	10
155	38
49	136
380	11
471	546
469	53
98	521
501	522
460	553
124	542
512	88
184	24
591	228
595	246
391	585
238	7
33	164
463	49
157	563
10	224
316	1
375	10
322	1
584	396
38	154
68	490
447	561
229	591
253	596
163	34
416	24
99	522
561	447
95	519
44	456
259	597
510	514
33	164
65	486
490	532
441	36
146	557
218	12
310	599
440	565
357	594
331	598
352	5
525	102
88	88
497	74
258	597
161	565
177	573
380	11
8	368
58	477
186	577
62	118
472	545
95	519
342	3
290	1
235	592
512	512
540	120
96	519
44	144
480	60
41	451
133	549
397	583
61	481
560	151
77	100
519	95
212	586
571	172
579	410
0	300
343	4
480	540
389	14
284	1
416	24
542	477
378	589
166	32
461	553
343	596
237	593
341	597
4	348
446	562
449	560
18	198
542	123
296	599
380	589
430	570
101	76
356	594
246	595
190	579
63	117
357	594
48	462
440	35
242	594
268	2
232	8
37	156
312	599
88	512
249	5
471	546
178	26
247	5
373	590
330	2
199	582
52	468
348	4
108	70
99	78
121	540
572	426
542	123
514	510
339	597
385	13
194	580
396	584
155	38
395	16
524	499
528	494
417	576
420	26
148	42
243	6
185	23
313	1
312	1
207	585
63	117
582	402
212	586
479	540
164	567
436	33
339	3
7	364
168	569
453	558
92	84
238	593
207	15
11	220
599	324
36	158
55	127
190	21
248	595
342	597
150	41
557	146
49	464
511	513
277	599
337	597
225	10
583	399
193	20
255	4
536	115
29	428
582	402
92	84
178	574
22	412
204	584
136	49
322	599
261	3
276	599
38	154
150	41
506	518
2	266
0	300
279	1
454	557
234	8
484	536
95	81
587	213
276	599
187	577
130	53
221	11
497	526
398	17
199	582
357	594
61	481
330	598
471	546
522	501
285	599
19	195
18	198
576	417
400	18
97	520
518	506
507	83
144	556
495	527
49	464
450	41
392	15
265	597
92	516
110	68
300	0
315	599
472	545
234	8
294	1
134	51
394	16
378	589
493	529
556	144
384	588
502	79
309	599
353	5
82	94
173	29
427	29
90	86
372	591
236	593
280	599
455	44
432	569
527	496
531	491
121	60
190	579
28	174
57	125
214	13
550	135
325	2
390	14
322	1
474	56
387	587
195	19
158	564
206	584
469	53
376	10
139	553
481	539
529	493
248	595
101	524
156	563
215	13
481	539
569	432
183	24
363	7
411	578
49	464
568	166
49	136
22	412
444	563
85	91
33	164
374	590
528	106
166	32
170	30
136	49
26	178
414	23
448	560
340	597
210	14
105	527
583	201
226	10
226	590
405	581
327	2
215	587
421	574
410	21
536	485
519	95
186	23
236	593
549	133
10	224
103	526
517	507
347	4
65	486
56	474
165	33
160	35
239	7
567	164
396	16
574	422
530	492
531	491
492	70
343	596
177	573
595	354
353	5
296	1
245	6
42	147
506	518
568	434
178	574
290	599
455	556
119	61
588	384
507	83
210	14
81	505
4	348
34	438
416	24
306	1
467	549
20	407
87	89
410	21
403	19
491	531
527	496
184	576
131	53
188	22
59	122
0	300
561	153
217	588
287	599
119	61
199	18
66	113
169	31
171	30
344	4
500	77
169	569
581	405
273	598
196	19
323	599
0	300
570	430
562	154
161	565
217	588
61	119
217	12
11	380
326	2
171	570
539	119
544	126
185	577
355	6
270	598
172	571
141	554
253	4
203	583
506	82
565	160
208	15
443	563
409	579
449	560
50	465
18	198
585	393
369	591
542	477
62	482
212	586
226	590
524	101
503	520
583	201
62	482
134	51
438	566
32	166
574	422
255	596
223	11
39	447
233	592
60	120
313	1
383	588
187	23
148	42
346	4
35	160
273	2
162	566
565	440
555	142
97	80
343	4
581	195
599	324
589	380
482	62
281	1
368	592
590	224
329	2
280	599
443	563
274	598
15	207
404	19
439	35
55	127
102	75
289	1
51	133
408	579
404	19
468	548
163	566
333	2
367	8
293	599
98	521
52	468
178	574
367	592
215	13
52	468
88	512
309	599
114	65
470	53
174	28
285	1
69	491
189	578
258	597
118	538
37	444
204	584
576	183
474	544
511	87
108	70
121	60
278	1
397	17
221	11
107	529
167	32
73	496
121	60
398	17
261	3
502	521
22	412
99	78
378	11
228	9
418	25
381	588
25	419
594	241
127	55
1	276
297	599
107	71
246	5
535	486
416	576
60	480
213	13
96	519
2	266
257	4
307	1
487	534
465	550
53	130
392	15
490	68
196	19
8	368
584	396
521	502
354	595
488	67
334	598
371	9
190	579
115	64
243	6
477	58
154	38
25	181
542	123
556	456
197	19
596	348
186	23
519	505
119	539
32	166
501	78
136	551
514	90
93	517
229	591
401	18
152	560
242	6
378	11
409	579
185	23
49	464
457	555
367	8
499	76
232	592
149	559
19	405
338	597
195	19
22	412
585	393
159	564
485	536
43	146
406	20
99	522
510	514
217	12
19	405
515	509
547	470
331	598
231	9
538	482
290	1
273	2
151	40
68	110
301	1
427	571
560	151
14	210
124	58
541	478
520	503
297	599
277	1
371	9
250	5
142	45
478	541
99	522
512	88
522	99
390	14
287	599
193	20
561	153
225	590
290	1
554	459
179	26
419	575
288	599
342	3
515	91
545	473
312	599
361	7
244	6
237	7
483	537
350	5
525	102
289	1
132	548
509	85
228	591
464	49
295	599
553	461
364	7
137	49
347	596
340	597
240	7
341	597
442	36
323	599
407	20
286	1
150	559
389	14
152	40
248	5
59	122
461	553
93	83
346	596
90	514
69	491
145	44
371	9
265	3
371	591
540	120
215	587
173	571
22	412
227	10
528	106
482	538
576	183
122	541
431	31
398	583
90	514
356	6
442	564
596	252
276	599
118	62
517	507
516	508
28	174
505	81
60	120
294	1
300	0
567	436
60	480
134	549
110	532
363	7
79	502
46	141
401	18
467	51
38	154
545	127
179	574
263	597
14	210
323	1
246	5
369	591
566	162
284	1
581	405
12	384
13	213
172	571
285	1
462	552
414	577
22	412
318	599
400	582
284	599
390	14
170	570
98	521
488	533
37	156
18	198
417	24
544	126
305	1
246	5
491	531
87	511
351	595
123	542
391	15
290	1
139	47
340	597
344	4
374	590
452	558
411	22
400	582
93	83
106	528
566	162
519	95
232	8
105	73
572	174
58	123
115	536
182	575
391	585
590	224
69	491
142	555
218	12
132	548
79	502
491	531
322	599
188	578
42	147
536	485
519	505
413	577
291	599
18	198
209	15
168	569
209	15
287	599
92	84
10	224
82	94
200	18
422	574
480	60
355	594
80	97
198	582
426	28
175	28
260	597
197	19
58	477
508	516
106	528
22	188
468	548
115	64
236	7
422	26
205	584
535	486
436	33
462	48
142	45
162	566
143	555
78	501
512	88
501	522
388	586
418	25
439	35
6	241
204	16
550	465
409	21
56	474
153	39
387	587
350	5
97	80
128	545
170	570
103	74
165	33
553	139
237	7
104	73
182	25
299	599
114	535
503	520
253	596
178	574
409	579
445	562
71	493
307	1
107	71
281	1
322	599
172	571
203	17
522	99
495	527
454	43
62	482
12	216
183	24
164	33
132	52
14	390
312	599
443	563
374	10
396	584
247	5
402	18
143	555
361	7
573	176
257	596
190	579
450	559
196	19
203	583
112	67
39	153
321	1
558	147
151	560
307	1
369	9
431	31
295	599
265	597
13	387
592	368
229	591
111	68
464	49
243	6
280	599
204	584
301	1
453	558
506	82
226	590
75	102
318	1
566	162
158	36
323	599
574	178
593	236
589	220
214	13
199	582
66	113
495	73
57	125
247	595
555	142
502	79
106	528
548	468
127	55
197	19
274	2
55	473
68	490
402	18
546	471
4	252
576	417
510	514
520	503
270	598
518	94
569	432
57	125
5	246
136	49
200	582
270	598
465	550
139	47
17	201
433	32
533	488
576	183
67	488
486	65
343	4
143	45
417	576
468	52
36	442
411	578
581	195
139	47
334	2
467	51
158	36
542	477
335	3
356	6
468	548
368	592
13	213
33	164
344	4
376	10
422	26
237	593
119	539
566	162
539	119
558	147
374	10
269	2
22	412
129	546
68	490
161	565
357	6
474	56
340	3
336	597
86	90
363	593
298	1
99	78
339	597
89	513
147	42
339	3
581	195
44	456
135	50
438	34
419	575
36	442
72	494
233	8
266	598
535	486
330	2
181	25
91	515
56	474
43	454
492	70
537	117
183	576
330	2
490	68
586	390
413	577
273	598
550	465
171	30
118	62
20	407
216	588
31	432
382	588
369	591
362	593
190	579
78	99
15	393
161	35
215	587
583	201
353	5
267	2
304	1
308	599
554	459
265	3
314	599
121	540
264	597
291	599
48	138
463	551
100	77
424	27
206	16
519	95
245	594
125	57
19	405
36	158
418	575
267	2
105	73
4	252
599	276
523	500
482	62
189	22
547	130
234	592
298	599
409	579
546	471
175	28
137	551
300	600
399	17
338	3
176	573
218	588
463	551
333	2
400	582
580	193
570	430
204	584
288	599
233	592
75	102
486	65
302	599
191	579
181	25
411	22
106	72
1	324
597	258
245	6
264	597
47	139
308	1
585	393
372	591
51	133
428	29
45	142
101	76
568	434
496	73
33	164
548	132
563	156
86	510
144	556
84	92
300	0
14	210
174	572
233	592
539	481
105	73
449	560
171	570
549	133
580	407
265	3
337	597
69	109
229	591
449	40
72	494
413	23
538	482
326	598
572	426
245	594
390	586
260	3
107	71
416	576
14	210
46	459
511	87
492	70
461	47
245	6
450	41
383	12
374	590
501	522
545	127
84	92
40	151
445	562
274	598
430	570
312	599
141	46
440	35
146	43
93	83
191	579
324	599
158	36
452	42
552	138
267	2
70	108
378	11
261	597
420	574
371	591
80	97
64	115
104	73
420	574
6	241
211	586
530	108
287	599
282	1
458	45
143	45
213	13
255	4
162	566
77	500
171	30
449	560
294	599
237	7
6	359
477	542
478	541
225	10
300	0
499	76
103	526
104	527
119	539
13	213
216	12
176	27
434	568
103	74
144	44
512	88
323	1
247	5
523	100
149	559
369	591
523	500
180	26
123	58
310	1
311	1
258	597
593	364
52	468
198	582
293	599
392	15
577	415
158	564
487	66
98	79
388	586
103	74
404	581
596	252
71	107
402	582
60	120
278	1
389	586
523	100
158	36
39	153
283	599
176	27
61	481
211	14
128	545
577	185
60	480
335	3
254	4
336	597
171	570
233	8
88	88
336	3
137	49
18	402
508	84
224	590
497	526
213	13
321	1
431	31
95	519
183	576
527	496
543	125
290	599
543	475
523	500
115	64
393	585
13	213
338	3
90	514
424	27
380	11
122	59
60	120
138	552
209	585
246	595
65	486
549	133
563	444
584	396
31	432
51	467
155	562
303	1
258	3
85	509
499	524
49	136
228	591
88	512
200	18
471	546
52	468
433	568
330	598
109	69
264	597
434	32
441	36
296	599
357	594
213	587
207	585
384	588
387	13
269	598
130	547
541	478
51	467
2	334
320	1
444	563
410	579
579	410
522	501
225	590
334	598
491	531
587	213
220	589
245	6
590	376
408	579
22	188
242	594
514	90
496	527
306	599
538	118
81	505
587	387
326	598
344	596
307	1
421	26
473	545
142	555
86	510
577	185
437	34
526	497
96	519
359	594
259	3
10	376
256	596
464	551
307	599
473	545
378	11
6	241
371	591
411	22
522	501
391	15
373	10
481	539
549	133
209	15
67	112
384	588
205	16
557	146
444	37
260	3
123	542
589	380
462	48
415	23
501	78
463	49
83	93
281	599
527	104
385	587
590	376
359	594
227	590
117	63
269	598
70	492
219	588
204	584
422	26
526	497
363	7
516	92
363	7
401	18
385	13
380	589
312	1
243	6
247	5
140	47
410	579
401	18
485	536
480	540
359	6
300	0
177	573
323	1
210	14
365	8
200	582
374	10
221	11
256	4
436	33
144	556
158	36
562	446
301	1
404	581
413	23
461	47
258	3
96	519
402	18
465	550
119	61
98	521
257	4
458	555
94	82
331	2
55	127
518	506
488	533
550	135
419	25
197	581
67	488
559	149
96	519
529	107
475	57
581	195
327	2
333	598
282	599
122	59
447	39
48	138
426	28
367	8
415	23
185	23
535	114
427	571
311	599
10	224
423	27
91	515
68	490
558	147
507	517
336	597
59	478
196	19
53	470
582	402
251	5
596	348
410	579
208	585
181	25
310	1
463	551
39	447
301	1
160	35
222	589
42	147
95	81
270	2
527	496
61	119
444	563
73	104
273	598
580	193
365	8
595	246
72	494
78	501
516	508
311	1
414	577
180	574
592	368
235	8
172	29
41	149
47	461
598	266
543	475
169	31
258	3
140	553
309	599
91	85
398	583
471	54
407	20
385	13
320	599
453	558
15	393
157	563
302	599
222	11
153	561
164	33
74	497
557	146
403	581
156	563
399	583
564	158
118	62
582	402
316	1
266	2
316	599
198	18
462	552
30	430
522	501
384	588
455	44
58	123
157	37
315	599
531	491
202	583
414	577
199	18
79	502
228	9
16	204
16	204
51	467
480	60
62	482
234	8
534	113
295	1
119	539
540	120
326	2
382	588
572	174
583	399
151	40
145	44
478	541
150	559
424	27
82	94
402	582
198	18
556	144
401	18
398	583
572	174
444	563
595	246
499	524
283	599
583	201
37	156
75	102
261	597
595	354
535	486
505	519
87	511
147	42
43	146
69	109
63	117
217	588
108	530
303	1
311	599
514	510
458	45
345	4
177	573
439	565
51	467
592	232
170	30
560	449
129	54
33	164
217	12
232	592
351	595
261	597
598	334
38	154
525	498
391	585
301	599
71	493
266	2
386	587
3	258
95	81
31	432
29	172
541	122
255	4
128	55
409	21
165	567
101	524
27	424
567	164
86	510
465	550
560	449
563	156
597	342
323	599
153	561
30	430
176	27
488	533
273	2
261	597
584	396
276	1
231	9
141	554
312	1
311	1
217	12
144	44
341	597
570	170
235	8
54	471
149	559
368	592
359	6
415	577
18	402
295	599
340	3
157	563
534	487
254	596
162	34
517	93
150	41
47	461
225	10
60	480
257	596
556	456
79	98
323	599
136	49
403	19
200	582
220	11
589	380
451	559
118	538
316	1
574	422
493	529
160	35
193	580
16	204
54	129
332	598
100	523
22	188
386	587
199	582
278	599
161	565
304	1
0	300
579	410
535	486
442	564
499	76
587	213
238	593
587	387
178	574
518	94
495	527
72	106
51	133
317	1
461	553
570	170
478	541
502	79
565	440
512	88
22	412
6	241
526	497
183	576
365	8
366	8
584	204
243	6
354	595
80	503
478	59
109	69
28	174
536	485
293	599
436	567
389	14
29	172
421	574
534	487
113	66
495	527
308	1
270	2
14	210
320	599
216	12
380	589
92	516
229	591
459	46
434	568
396	16
252	596
430	570
3	342
411	578
293	599
457	555
517	93
589	380
347	4
326	598
597	342
491	531
50	135
139	47
583	399
208	585
16	396
110	532
124	542
93	83
141	46
88	512
19	405
314	1
357	594
477	542
83	507
246	595
314	1
296	1
69	109
579	410
396	16
73	496
468	52
213	13
491	69
72	106
229	9
377	589
576	417
544	126
265	3
232	8
290	599
143	555
168	31
307	1
580	407
498	525
574	422
590	224
329	598
395	16
480	60
598	334
187	23
565	440
141	554
413	23
405	19
75	498
118	538
315	599
261	597
390	14
208	15
124	58
318	1
366	8
462	48
190	579
183	24
549	133
121	540
393	15
247	5
130	53
58	123
527	104
547	470
497	74
252	4
171	570
363	593
532	490
388	14
132	52
514	90
407	20
554	141
72	106
597	342
541	122
407	20
523	100
256	596
206	16
95	81
487	534
566	438
147	42
262	3
427	571
64	485
533	488
308	599
391	585
402	582
147	42
435	567
323	599
131	547
570	170
205	16
429	30
98	521
444	37
472	545
361	593
260	597
356	6
355	594
536	115
562	154
526	103
144	556
260	597
413	577
249	595
138	552
479	60
156	37
574	178
502	79
9	228
130	547
408	21
115	64
1	276
274	2
539	481
508	84
88	88
164	33
230	9
146	557
491	531
7	236
435	567
372	9
280	1
134	549
132	52
120	540
245	594
350	5
61	481
169	31
517	507
83	93
126	544
161	565
172	571
440	35
16	204
277	1
72	106
486	65
485	64
278	1
304	1
297	1
89	513
484	64
46	459
423	573
245	594
19	405
222	11
474	544
448	40
127	545
510	514
299	599
118	62
481	61
406	20
575	419
587	213
1	324
55	127
155	38
222	11
331	598
46	459
521	98
504	519
173	571
87	89
195	19
452	558
20	407
196	581
452	558
14	390
252	4
261	3
124	58
558	147
543	125
414	577
546	129
460	553
26	178
150	559
161	35
131	53
405	581
388	14
45	142
152	40
553	461
330	598
421	574
441	564
217	588
20	193
40	151
407	580
243	6
535	486
226	10
518	94
70	108
12	384
566	162
482	538
20	193
100	77
522	501
378	11
366	592
555	458
592	368
183	24
364	593
38	154
201	583
82	94
149	41
15	393
186	23
539	481
112	67
405	19
416	576
230	591
235	592
302	599
565	160
173	29
353	5
48	138
58	123
563	156
84	508
409	579
173	571
85	509
83	507
219	588
434	32
473	55
138	48
147	558
131	53
376	590
519	505
63	117
106	72
477	542
104	73
286	1
435	33
36	158
23	415
49	464
173	571
150	559
176	573
494	528
503	80
162	34
239	7
409	579
37	444
363	7
533	112
162	566
537	483
582	402
234	8
444	563
68	110
474	544
513	89
505	519
525	498
535	486
432	31
352	595
317	1
105	73
119	539
553	461
139	47
349	5
390	586
14	210
219	588
272	598
297	1
506	518
63	483
421	26
517	507
562	446
409	21
365	592
202	583
24	417
436	567
197	19
408	21
540	480
463	551
501	78
76	499
347	4
163	34
278	599
218	588
19	405
482	538
113	66
385	587
18	198
80	97
36	158
492	70
427	571
523	500
229	591
453	558
442	564
293	1
350	5
418	575
53	470
6	241
537	117
506	82
555	142
356	6
588	384
414	23
470	53
548	468
300	0
514	90
210	586
48	462
595	354
411	578
365	592
80	97
563	156
520	97
127	55
491	531
153	39
314	1
481	539
357	594
373	10
269	2
391	585
520	503
391	15
279	599
552	138
301	1
17	399
62	118
194	20
257	596
561	153
52	132
424	27
211	14
581	195
308	1
478	59
354	595
326	598
547	130
209	585
56	126
335	3
585	393
289	1
11	380
310	599
576	417
599	324
64	485
263	3
209	585
441	36
465	50
21	410
195	19
163	566
22	412
539	481
526	497
366	592
492	70
468	52
281	1
115	64
75	498
432	31
81	505
214	13
369	9
528	106
299	599
212	14
18	402
119	61
495	527
159	36
81	505
240	7
93	83
215	13
109	69
500	523
201	583
336	597
503	520
515	91
287	1
96	519
480	60
199	18
241	6
439	35
93	517
158	36
598	334
334	2
92	84
143	45
523	100
67	112
102	75
25	181
171	30
329	598
189	22
329	2
152	40
122	59
61	119
386	13
186	23
294	599
308	599
580	407
347	596
267	2
147	558
423	573
587	387
525	102
156	563
519	95
8	232
540	480
516	508
439	565
339	3
266	598
200	18
584	204
111	68
180	26
289	599
161	565
515	509
110	532
130	53
573	176
293	1
401	18
558	453
186	23
102	75
95	519
212	14
158	564
226	590
210	586
101	524
346	4
318	1
242	6
554	141
336	597
50	135
254	596
360	593
151	40
431	31
71	107
141	46
251	595
104	527
170	30
370	591
463	551
498	75
276	599
432	569
148	42
341	3
269	598
173	29
593	236
218	12
176	27
462	48
227	10
164	33
191	579
4	252
395	16
465	50
560	449
569	168
525	498
208	585
556	456
73	104
557	146
467	549
524	499
235	592
433	32
492	530
356	594
328	2
219	12
193	580
554	459
352	595
182	575
377	11
86	90
345	596
534	113
78	99
321	599
137	551
562	446
322	1
39	153
105	73
339	3
476	58
167	568
410	21
484	64
330	2
79	502
57	125
545	473
134	51
522	501
388	14
26	178
115	64
220	11
539	119
383	12
71	493
266	598
74	103
251	5
264	597
227	590
227	590
346	596
361	593
19	195
294	599
516	92
388	586
293	1
51	467
594	359
550	465
406	580
444	37
174	572
0	300
183	576
246	595
493	529
65	114
105	73
78	501
317	599
143	555
16	396
541	122
457	45
21	410
289	599
381	12
98	521
204	16
445	562
11	220
277	1
564	158
574	178
397	583
33	164
241	6
15	393
571	172
39	447
280	1
374	10
40	151
570	430
97	520
443	563
232	8
287	599
340	597
224	10
337	3
187	577
406	580
544	126
44	144
225	590
467	549
82	506
338	3
379	589
426	28
132	548
217	588
78	99
582	198
506	82
165	33
40	151
569	432
22	188
289	599
331	598
553	461
159	564
46	459
289	599
237	7
340	3
80	97
367	8
206	16
400	18
422	26
508	516
160	565
285	599
240	593
233	592
48	462
458	555
489	532
152	560
477	542
503	520
44	144
542	123
512	512
30	430
31	168
18	402
214	13
241	6
293	1
6	359
570	170
312	599
5	246
563	444
181	575
530	108
62	482
382	588
216	12
112	533
69	109
575	181
246	5
559	149
586	390
62	482
85	91
292	1
465	550
46	141
531	491
31	168
500	77
20	193
322	1
90	86
579	190
471	546
246	595
49	136
214	587
103	526
275	598
178	26
502	79
135	550
385	13
52	468
306	599
340	3
570	170
233	592
437	34
389	586
216	588
333	2
322	1
507	517
569	168
318	599
2	334
432	569
397	583
52	132
114	535
26	422
220	11
208	15
464	49
278	599
145	44
358	6
324	599
103	74
195	19
229	591
161	565
414	23
585	207
179	574
107	71
145	44
219	12
291	599
583	399
198	18
30	430
544	474
152	40
222	589
501	522
505	519
182	575
564	158
18	198
229	591
390	586
437	566
397	17
398	583
23	415
584	396
113	66
279	1
89	87
21	410
99	522
112	67
213	587
295	599
28	426
206	16
49	464
532	110
44	144
573	424
235	8
305	599
399	583
344	596
275	598
512	88
121	540
436	33
67	112
171	570
243	6
139	553
104	73
520	97
477	542
84	92
31	168
524	101
108	530
237	593
394	16
578	188
459	46
523	500
475	543
539	481
371	591
6	241
294	599
317	1
332	2
128	55
496	73
47	139
563	156
188	22
92	516
72	106
157	563
417	576
170	30
228	591
360	7
101	76
519	95
409	21
38	154
444	37
378	11
339	597
538	118
504	519
418	25
6	359
186	577
584	204
531	491
362	593
149	41
11	380
15	393
14	210
325	598
531	109
239	593
175	572
260	3
413	23
10	376
591	372
136	551
61	481
218	588
376	590
384	12
292	1
172	29
152	40
69	109
347	596
549	467
341	597
132	548
143	45
135	550
248	5
569	432
317	1
44	144
499	76
251	595
444	563
279	599
205	16
68	490
424	27
480	60
146	43
319	599
298	1
230	591
365	592
106	528
282	599
436	33
55	127
364	593
552	462
302	599
318	1
37	156
332	598
387	587
577	415
298	1
315	1
114	535
553	461
575	419
66	113
118	62
15	393
445	38
362	593
548	468
538	118
100	523
484	536
306	599
392	585
263	597
565	440
575	181
529	107
76	101
568	166
399	583
112	533
259	597
520	503
270	598
363	593
260	597
309	1
185	23
432	31
563	444
395	584
394	584
80	503
77	100
297	1
123	542
286	1
394	16
517	93
327	598
366	8
411	578
362	7
22	412
176	27
26	422
563	444
95	519
404	581
462	552
23	415
532	110
308	1
558	147
221	11
164	33
223	11
595	354
319	599
282	599
330	598
320	599
8	368
416	576
30	430
171	30
232	592
137	49
599	276
107	71
132	52
7	364
273	2
305	1
368	8
147	42
43	454
25	419
103	74
27	424
237	7
192	579
78	501
539	481
539	481
285	599
518	94
527	104
593	364
449	40
361	7
28	426
494	72
193	20
18	402
412	578
75	102
328	2
583	399
40	151
451	41
215	587
232	8
221	11
138	552
503	520
70	492
394	16
304	599
59	122
207	15
230	9
285	1
289	1
518	506
580	407
132	52
543	475
589	380
408	579
250	5
119	539
268	2
200	18
77	100
293	599
40	151
165	33
455	556
445	562
359	594
297	1
18	198
368	592
344	4
281	599
283	1
565	160
438	566
395	584
0	300
9	372
171	570
206	584
132	52
2	266
358	6
166	568
136	49
93	517
535	486
302	1
561	153
405	581
376	10
453	42
150	41
317	599
355	6
84	92
345	596
258	3
80	503
164	33
291	599
219	588
453	558
42	453
121	60
363	7
430	570
237	593
427	571
299	599
196	581
220	11
33	164
354	5
335	3
529	107
390	14
583	399
591	228
234	592
271	598
458	555
308	599
5	354
10	224
88	512
443	563
425	28
273	2
326	2
249	595
345	4
558	147
403	19
175	28
465	550
167	32
288	599
334	598
129	546
504	81
80	97
562	446
599	276
373	590
450	41
281	1
279	599
191	21
332	2
19	195
268	2
148	42
223	589
177	27
557	454
137	551
471	546
575	181
243	594
209	585
426	572
195	581
383	588
229	591
198	582
597	258
278	1
114	65
4	252
127	545
262	597
544	126
65	486
301	599
312	599
328	598
562	446
523	500
94	518
91	85
53	130
171	30
315	1
239	593
260	597
142	555
208	585
226	10
282	1
424	573
395	16
102	525
501	522
422	574
375	10
230	591
372	9
464	551
184	576
381	12
113	534
585	207
93	517
339	597
38	154
476	58
463	551
393	585
449	40
534	487
318	1
233	8
305	1
281	1
224	10
537	117
512	512
588	384
107	529
30	430
232	592
229	9
512	88
59	478
80	97
529	107
360	593
1	324
79	98
96	519
408	579
446	562
397	583
20	407
534	487
496	73
414	23
200	582
83	507
585	393
264	3
218	588
264	597
426	572
337	597
587	387
11	220
169	569
556	456
555	142
137	551
109	531
226	590
79	98
235	592
102	525
107	529
333	2
99	522
88	512
117	537
212	14
445	38
30	430
152	560
511	87
512	88
168	31
570	430
24	417
197	581
431	31
166	32
326	598
140	47
310	1
373	10
353	5
123	58
536	485
591	372
242	6
384	12
590	224
64	115
406	580
148	42
560	151
485	64
153	561
376	10
336	3
110	532
357	6
112	533
404	581
460	47
82	506
436	33
195	19
185	577
37	156
556	456
348	596
140	47
467	51
177	573
100	77
420	574
324	599
441	36
22	412
314	1
218	12
305	1
506	82
265	597
345	4
290	1
416	24
575	181
127	55
470	547
124	58
147	558
154	562
529	107
97	520
590	376
390	14
522	501
472	55
44	144
287	1
361	7
464	49
34	162
296	599
480	540
477	58
191	21
252	596
180	26
514	510
437	566
291	599
131	53
576	417
406	20
249	5
134	51
167	568
225	10
4	252
526	497
186	577
572	426
165	33
47	139
477	58
353	595
131	547
441	564
560	151
99	522
437	34
180	574
162	34
255	4
414	577
185	577
112	533
382	588
496	527
6	359
37	156
535	114
52	468
288	1
218	588
263	597
118	538
103	74
101	524
482	62
195	19
151	560
203	17
552	462
107	529
499	76
79	98
27	424
361	7
226	10
578	188
405	581
328	2
548	468
539	119
332	598
421	574
27	424
430	30
512	512
121	540
308	1
439	35
433	32
14	210
141	554
149	41
123	542
551	464
526	103
121	60
251	5
42	453
506	518
414	23
304	1
495	527
13	387
224	590
277	1
519	95
485	64
295	1
251	5
303	599
546	129
315	599
345	4
132	548
479	60
247	5
94	518
263	597
353	5
263	3
338	597
32	166
37	156
180	26
306	1
445	562
291	1
108	530
35	160
385	587
535	486
332	2
332	2
79	502
76	101
264	3
70	108
78	99
481	539
591	228
573	176
147	42
198	18
265	3
445	562
420	26
293	1
378	589
431	569
457	45
475	543
254	596
500	77
19	195
117	63
188	578
102	75
271	598
110	532
22	412
219	588
466	51
77	100
573	176
19	195
515	509
577	185
22	188
263	3
245	6
431	569
177	573
154	38
580	193
255	4
262	597
417	576
157	563
460	47
544	474
316	599
280	1
202	583
396	584
316	599
95	81
96	81
240	593
109	69
198	18
358	6
22	188
579	410
162	34
517	93
504	519
150	559
76	101
51	133
19	405
40	449
77	500
254	596
278	1
475	543
385	13
326	2
529	493
141	554
270	2
285	599
344	4
221	11
52	468
32	434
360	7
261	597
564	442
196	581
86	510
47	461
442	564
315	1
565	160
42	453
468	548
583	399
294	1
581	195
250	5
539	119
486	535
424	573
118	538
495	527
533	488
183	576
563	444
138	552
411	22
48	462
264	597
359	594
44	456
545	473
4	252
218	588
507	83
277	599
49	136
290	1
199	582
38	446
370	591
174	28
338	597
81	95
6	359
314	1
430	570
575	181
269	598
65	486
568	434
152	560
527	496
402	582
151	40
511	87
290	599
388	14
548	468
131	547
154	38
571	428
377	589
193	580
209	15
331	598
356	594
572	426
198	18
169	31
418	25
71	107
271	598
455	556
278	1
136	551
585	393
431	31
409	579
109	531
36	442
460	553
513	511
247	5
305	599
366	592
380	589
379	11
501	522
332	598
164	567
573	176
413	23
153	39
410	579
149	559
562	154
121	60
324	1
588	384
580	407
371	9
41	149
373	10
488	533
94	518
193	580
86	90
580	407
581	195
167	568
278	599
87	511
125	543
136	551
422	574
540	120
36	158
500	77
82	506
317	1
505	81
433	32
415	23
377	589
456	44
205	16
428	29
0	300
597	342
162	34
523	100
131	53
405	581
593	364
94	518
511	87
378	11
98	521
404	19
520	97
45	458
495	527
227	590
80	503
124	58
302	1
85	91
599	324
123	58
406	20
381	12
409	21
244	6
334	2
81	95
165	567
337	597
370	9
375	590
51	467
414	23
272	598
273	598
211	586
258	3
557	454
499	76
225	590
316	1
306	599
1	276
37	444
191	21
554	459
380	11
437	34
224	590
363	7
459	46
275	598
444	37
274	2
548	468
243	594
229	9
537	483
114	535
218	12
348	4
251	5
133	549
522	99
541	122
564	442
183	576
187	23
408	21
467	51
587	213
449	560
147	42
104	527
198	582
234	592
58	123
552	138
248	5
62	482
162	566
102	75
161	565
575	419
455	556
241	6
486	535
24	417
427	571
243	594
219	12
536	485
200	18
46	141
583	201
542	123
306	599
150	41
157	37
107	71
295	1
395	16
599	324
197	581
424	573
5	246
451	41
216	588
543	125
344	4
288	1
4	348
409	579
104	73
455	556
4	252
363	593
571	172
507	83
67	488
63	117
132	52
427	29
142	45
30	170
275	598
477	58
6	359
540	480
231	9
194	20
413	577
256	4
38	154
71	107
286	1
259	3
105	527
551	136
166	568
158	36
283	1
27	424
351	595
470	547
480	540
156	37
538	118
289	599
312	1
29	172
514	90
392	15
491	531
275	598
101	524
437	566
331	598
502	79
299	599
468	52
463	551
463	49
87	89
227	10
428	29
354	5
531	491
35	440
212	14
67	488
166	32
590	376
488	533
202	17
15	393
361	593
255	4
193	20
64	485
249	595
455	556
314	599
173	29
87	511
536	115
475	543
156	563
78	99
558	147
595	354
373	590
505	519
13	213
420	574
185	23
408	21
429	570
553	461
525	498
265	3
221	11
327	598
589	380
280	599
529	107
357	594
507	517
137	49
365	8
53	130
191	21
50	465
305	1
243	594
478	541
588	216
5	354
282	1
164	567
577	185
132	52
20	193
332	598
276	1
458	45
256	596
325	598
574	422
592	232
427	29
363	7
485	536
172	571
434	32
294	599
260	597
315	1
307	599
43	146
351	595
33	436
473	545
414	577
341	3
109	69
599	276
538	482
422	26
160	35
441	36
365	8
589	220
124	542
424	27
543	475
245	594
166	568
236	7
24	417
277	1
13	387
185	577
543	475
438	34
59	478
69	109
359	594
161	565
353	5
462	48
393	15
555	458
276	1
493	71
495	527
386	13
460	47
95	81
20	193
70	108
305	1
416	576
198	582
395	584
46	459
528	494
598	266
259	3
408	21
584	396
69	491
239	7
222	11
523	100
358	6
140	47
96	519
87	511
128	545
71	493
369	9
211	14
515	509
324	1
414	23
280	599
199	582
488	67
302	1
186	577
186	23
308	599
521	98
270	598
384	12
338	597
388	14
307	1
442	36
95	81
481	61
579	410
386	13
258	3
57	475
48	138
339	3
145	556
355	594
489	68
283	599
320	599
275	598
332	598
377	589
195	19
54	471
59	478
513	511
440	565
250	5
34	162
493	71
359	6
400	18
124	58
323	599
340	597
595	246
266	598
67	488
185	577
537	117
30	170
136	551
38	154
230	9
129	54
260	597
227	590
77	500
203	17
565	160
258	3
384	588
497	74
421	574
7	236
413	577
110	68
347	596
569	432
529	107
476	58
452	558
512	512
198	582
162	34
246	595
62	118
278	599
333	2
361	7
184	576
479	540
240	7
542	123
132	548
38	154
302	1
201	17
571	172
206	16
420	26
321	1
21	190
248	5
546	471
148	558
225	590
394	16
224	590
429	30
116	536
162	34
83	507
560	151
30	170
410	21
95	519
594	359
51	467
259	597
571	428
579	410
373	590
115	64
506	518
277	1
124	542
89	87
150	41
396	16
240	593
541	122
253	596
245	594
587	213
83	507
222	589
169	569
393	15
70	492
26	422
89	513
361	593
591	228
293	1
281	599
11	380
245	594
115	64
598	334
273	2
171	30
437	34
114	65
152	560
383	12
460	553
269	2
206	16
495	527
330	598
307	599
131	547
547	130
454	43
450	559
553	461
448	40
334	2
114	535
134	549
185	23
52	468
261	597
359	594
485	536
90	86
102	525
516	508
62	118
80	97
523	500
480	540
509	85
371	591
197	581
464	551
529	107
445	38
189	578
345	4
319	1
322	1
246	5
171	30
320	599
590	376
343	4
330	598
40	449
553	139
152	560
145	556
226	590
549	467
409	579
207	585
183	576
332	2
544	474
404	19
582	402
180	26
177	573
378	11
322	1
236	593
445	562
422	26
153	39
230	591
462	552
69	109
249	5
437	566
30	430
49	464
435	33
190	579
13	387
188	578
98	521
296	599
570	170
202	583
586	210
333	2
550	135
408	21
235	592
577	415
582	402
241	594
556	456
407	20
583	201
509	515
538	482
177	27
74	497
545	473
521	98
303	1
311	1
172	571
567	164
139	553
587	213
581	195
133	549
397	17
36	158
528	494
575	419
115	536
489	68
432	569
313	599
6	359
4	348
595	354
17	201
553	139
393	585
339	597
434	568
595	354
558	453
449	40
460	553
537	483
83	507
122	541
526	103
575	181
297	599
268	598
391	585
86	510
261	3
374	590
486	65
532	110
283	599
357	594
63	483
289	1
348	4
59	478
6	359
342	3
586	210
584	204
99	78
165	567
345	596
275	598
413	577
366	592
462	552
119	61
593	364
37	444
345	4
168	31
275	598
342	597
292	599
469	547
233	592
412	22
363	593
62	118
173	29
483	63
507	517
524	499
289	1
243	6
301	1
589	220
282	1
325	598
490	68
471	54
70	108
429	570
565	160
529	107
48	138
136	551
358	6
551	464
305	599
173	29
555	142
509	515
38	154
414	23
535	114
424	27
262	3
405	581
597	342
298	599
107	529
233	8
171	570
429	570
222	11
520	97
577	415
276	599
148	558
20	407
505	519
351	595
101	524
449	40
174	572
525	102
153	561
2	266
175	28
473	55
267	598
568	166
355	6
119	539
344	4
493	529
243	6
213	13
422	574
259	3
133	549
212	586
191	21
279	599
557	146
375	590
37	444
370	9
555	142
241	6
341	3
579	410
65	486
56	474
246	595
536	115
252	596
118	538
393	585
212	14
400	582
4	252
256	596
199	18
494	528
278	1
512	512
140	553
80	503
412	22
489	68
275	598
113	534
380	11
274	2
589	220
278	599
11	380
303	1
494	528
145	44
315	1
181	25
482	62
354	595
187	23
458	555
562	154
558	147
436	567
519	505
373	590
370	9
64	485
463	551
266	598
447	561
435	33
79	98
530	492
197	581
412	578
158	564
48	462
537	117
106	72
124	542
34	438
257	596
464	49
372	591
423	573
484	64
75	498
131	547
128	55
564	442
328	2
280	1
401	582
237	7
209	585
180	26
310	599
277	599
350	595
425	572
544	474
492	70
542	477
445	38
128	545
235	592
317	599
165	33
528	494
510	514
117	537
268	2
431	31
260	3
391	15
427	29
315	1
99	522
512	512
528	106
550	465
190	21
7	364
89	87
250	595
193	580
27	424
376	590
583	201
88	512
510	514
302	599
138	552
389	586
486	535
225	10
533	488
121	540
81	505
320	599
196	581
448	40
518	506
35	160
3	342
159	564
544	126
365	592
122	59
79	98
156	37
116	536
523	100
161	565
231	591
405	19
552	462
225	10
586	390
402	18
335	3
140	47
592	232
477	542
399	583
156	37
100	523
180	26
426	28
312	599
22	188
485	536
139	553
286	1
60	480
264	597
431	31
84	92
594	241
570	170
518	94
560	151
596	348
350	5
360	7
300	600
529	493
515	509
545	127
485	64
343	4
579	190
431	569
169	31
203	17
79	502
209	15
463	551
280	1
541	122
431	569
264	597
452	42
484	536
462	48
482	538
232	592
37	444
451	559
504	519
382	12
553	461
324	599
565	440
99	522
407	580
44	456
136	49
452	42
196	581
54	471
487	66
74	103
362	7
318	1
78	99
88	512
148	42
517	93
278	1
457	45
53	130
196	19
193	20
508	84
270	598
429	30
81	95
442	36
551	136
286	1
478	59
556	144
363	593
375	590
527	496
151	560
70	108
449	560
245	6
249	595
480	540
22	188
525	102
499	76
112	533
558	147
204	16
446	38
571	428
406	580
338	3
496	527
140	553
184	24
73	104
206	584
499	76
447	561
301	599
129	546
129	54
449	560
284	599
147	558
207	585
517	93
293	1
593	364
356	6
548	468
130	547
40	151
46	459
314	1
223	589
169	569
165	567
500	77
458	45
142	45
37	444
354	595
427	571
492	70
66	487
67	112
379	11
194	580
19	195
549	467
86	90
438	566
273	598
268	2
403	19
492	530
422	574
191	21
584	204
344	4
121	60
304	1
32	434
312	599
446	562
138	48
175	28
325	2
376	10
291	599
209	585
560	449
449	40
313	1
168	31
95	519
470	53
95	519
549	133
135	550
573	424
334	598
188	22
440	35
535	114
110	68
586	390
22	412
176	573
412	22
160	565
13	387
28	174
163	566
247	5
322	599
546	471
117	63
266	598
102	75
34	162
377	11
249	5
19	195
40	151
116	64
370	9
30	430
464	551
321	599
256	596
541	478
17	201
483	537
62	118
41	451
413	23
272	2
250	595
371	9
573	176
389	586
412	578
47	139
14	210
558	147
6	359
173	571
264	3
284	1
91	515
157	563
515	91
86	510
513	89
64	115
322	599
515	509
105	527
548	132
41	451
44	456
204	584
318	599
97	520
332	2
429	30
326	598
281	1
441	36
19	405
280	599
364	7
402	582
557	454
455	44
391	15
136	49
470	547
282	1
280	1
279	599
344	4
161	565
362	7
356	594
362	593
407	580
78	99
62	118
524	101
367	8
137	551
350	595
152	560
384	588
187	577
96	519
384	588
586	390
219	12
106	72
348	596
336	3
389	14
314	1
395	16
397	17
582	402
482	538
326	2
33	436
164	567
373	10
474	544
596	348
192	21
432	31
180	26
239	7
173	29
484	64
356	594
551	136
272	2
88	512
412	22
235	592
591	228
528	106
488	67
595	246
524	499
139	553
350	5
49	464
561	447
334	598
85	91
337	597
196	19
324	1
263	3
274	598
298	599
87	511
88	512
315	599
532	110
389	14
278	1
97	80
182	25
181	575
561	447
182	25
237	7
289	599
90	86
544	474
62	482
20	193
157	37
209	15
396	16
339	597
480	60
467	51
528	106
382	588
124	542
482	538
400	582
533	488
505	519
492	530
434	32
340	597
131	53
529	493
343	4
337	597
313	1
452	558
27	424
235	592
290	599
297	1
209	585
458	555
488	533
495	73
328	2
227	590
366	8
174	28
242	594
283	1
236	593
31	432
186	23
281	599
303	599
32	434
59	122
494	528
387	13
391	585
597	258
549	133
331	2
532	490
353	5
573	176
84	508
401	582
25	181
412	22
272	598
59	478
563	156
171	570
446	562
456	556
229	9
206	584
372	9
336	597
479	540
147	42
231	591
461	47
310	599
111	532
111	68
493	529
285	599
446	562
230	9
532	110
307	599
290	1
135	50
309	599
489	68
472	55
160	565
528	106
451	41
264	597
394	16
450	559
364	593
547	470
566	162
298	1
420	26
453	558
447	561
31	168
515	509
282	599
12	216
285	599
204	16
266	598
452	558
439	565
149	41
366	592
593	236
443	37
363	593
234	592
80	503
147	42
144	556
547	130
101	76
320	1
311	1
464	49
17	201
15	207
252	4
67	112
165	567
133	51
294	1
319	1
14	390
180	574
477	58
209	15
553	139
198	582
102	525
280	1
189	22
310	1
564	158
438	34
414	23
284	599
590	376
534	487
421	574
559	451
230	591
526	103
170	30
10	224
326	598
204	584
533	488
353	595
402	582
67	488
382	588
115	64
498	75
180	26
314	599
391	15
558	147
167	32
158	564
328	2
578	188
17	201
91	85
395	16
313	1
109	69
346	4
374	590
596	252
174	572
111	68
481	539
266	598
136	49
376	10
565	160
191	579
180	26
245	6
313	1
199	582
234	8
559	451
42	147
385	13
478	59
66	487
279	599
190	21
245	594
221	11
309	599
144	44
167	568
334	2
462	552
462	552
540	480
560	151
242	6
548	132
41	451
510	514
408	579
221	11
546	129
559	149
347	596
531	109
207	585
210	586
567	164
114	535
329	598
321	599
394	16
250	5
3	342
7	236
205	16
500	77
491	69
155	38
171	30
282	1
312	599
525	498
255	4
312	599
235	592
470	547
127	55
247	595
200	18
337	597
421	574
6	359
91	85
102	525
281	599
169	31
125	543
139	553
234	592
252	4
407	580
523	500
564	158
119	61
411	578
177	573
161	35
561	153
72	494
235	592
98	521
349	595
348	4
201	17
5	246
586	390
457	555
308	1
494	72
37	156
34	438
57	475
599	276
111	68
381	588
206	584
346	596
578	412
96	519
569	168
475	57
109	69
5	354
22	412
0	300
149	41
304	1
431	569
330	598
372	9
69	491
443	37
484	64
148	42
572	174
553	461
152	40
10	376
295	1
268	2
71	493
549	133
248	595
358	6
527	496
461	553
45	142
566	162
12	216
366	8
230	591
532	110
545	473
540	480
547	470
586	390
278	1
95	519
591	228
306	599
361	7
390	586
346	596
588	216
366	592
13	213
88	88
54	471
586	390
161	35
348	4
156	37
585	393
336	597
82	94
111	532
421	574
75	498
278	599
23	185
304	1
149	559
359	594
356	6
261	597
242	6
360	7
590	224
317	1
587	387
267	598
306	1
390	14
135	550
430	570
429	570
563	156
345	4
111	532
272	2
329	598
494	528
473	545
516	92
469	53
197	19
295	599
573	176
64	115
463	49
350	5
265	3
221	11
214	587
588	216
112	67
327	598
503	80
589	380
419	575
573	176
370	591
538	482
390	586
96	519
334	598
201	17
567	164
377	11
367	8
194	580
510	86
165	567
402	582
334	2
453	42
186	23
181	25
0	300
520	503
569	432
241	6
429	30
403	19
172	571
417	576
597	342
376	590
278	599
450	559
201	17
160	565
480	540
59	478
317	1
135	50
48	138
116	64
453	558
594	241
57	125
256	596
321	1
345	596
247	595
68	490
34	162
231	9
1	276
240	593
565	440
583	201
568	166
370	591
421	574
254	596
268	598
280	599
58	123
174	28
83	93
428	571
30	170
550	135
268	598
47	139
203	583
500	523
333	598
176	573
400	582
261	3
226	590
52	468
451	41
401	18
39	447
510	514
38	154
473	55
226	10
301	599
285	599
547	130
468	548
282	599
515	509
386	13
582	198
545	127
18	198
351	5
166	32
277	1
433	32
141	554
385	587
445	562
69	109
6	241
528	494
44	456
571	172
353	5
29	428
370	9
81	95
405	581
364	7
485	536
322	1
428	29
429	570
253	596
56	126
259	597
310	599
49	136
42	453
318	1
322	599
556	456
493	529
294	1
574	178
380	589
181	575
516	508
184	24
55	473
283	1
341	597
409	21
469	547
533	488
573	424
170	570
147	558
323	599
534	113
360	7
340	597
429	570
160	35
145	556
191	579
520	97
64	115
245	6
38	446
552	462
507	517
312	1
98	79
477	58
129	546
228	591
18	402
184	24
36	158
121	60
42	147
316	599
104	73
487	66
22	188
263	597
307	599
488	67
110	68
40	449
555	458
152	560
473	545
144	556
124	542
166	568
476	542
459	554
337	3
474	544
401	582
398	17
16	396
87	89
339	597
152	560
17	201
424	573
38	446
506	82
221	589
20	193
481	539
145	44
176	573
251	5
157	37
552	138
72	106
32	434
60	480
297	1
541	122
598	266
101	76
571	428
41	451
325	598
356	594
370	9
480	540
349	595
60	480
435	33
166	568
55	127
198	582
478	541
485	536
97	80
393	585
117	63
190	579
536	485
250	5
481	61
61	481
532	490
122	59
498	75
559	149
249	595
365	592
69	491
188	578
322	599
167	32
429	570
447	561
358	6
598	266
436	33
387	13
181	25
357	6
80	97
293	1
218	12
116	536
185	577
382	588
599	324
26	422
527	104
448	560
109	531
454	557
437	34
118	538
204	584
367	8
130	547
158	36
188	22
160	35
477	542
447	39
428	571
24	183
62	118
85	509
265	597
387	13
322	1
74	497
171	570
580	407
85	91
372	591
597	342
293	599
222	11
492	70
500	77
587	387
568	434
458	555
101	76
300	0
5	354
524	101
440	565
514	90
131	53
317	1
113	534
574	422
361	7
335	3
83	507
207	15
312	1
492	530
45	458
483	63
571	172
62	118
447	39
242	6
425	572
596	348
491	69
40	449
584	204
566	162
326	2
346	596
457	555
309	599
158	564
381	12
128	545
390	14
435	33
339	597
395	584
110	68
127	55
455	556
336	3
476	542
184	24
453	558
241	594
107	71
587	387
293	599
529	107
327	2
312	1
111	532
45	458
117	63
26	422
542	123
341	597
13	387
541	122
175	28
346	596
553	461
488	533
488	533
455	556
253	596
531	491
387	13
355	594
350	595
223	589
162	566
59	478
333	2
274	2
2	334
137	551
235	592
226	10
258	597
513	511
364	7
511	87
427	571
568	166
318	599
331	598
223	11
326	2
401	18
115	536
355	6
506	82
509	515
196	19
423	27
498	75
249	5
368	592
410	21
330	2
352	5
425	572
576	183
449	40
547	130
338	3
278	1
369	9
180	26
115	64
442	564
62	118
262	3
3	342
61	119
571	428
568	166
365	592
498	75
450	559
73	496
566	438
414	577
370	591
514	510
186	23
567	436
456	556
337	597
188	578
407	580
81	505
354	595
204	16
465	550
571	428
421	574
480	540
424	573
401	582
133	51
46	459
548	468
278	599
93	517
205	16
350	595
174	28
466	549
121	540
160	35
266	598
77	500
118	538
559	149
274	598
256	596
18	402
435	567
442	564
518	506
453	558
443	563
519	95
109	69
561	153
364	593
449	560
397	583
515	509
160	565
185	23
439	565
250	595
385	587
201	17
560	151
533	112
581	195
433	568
181	25
31	432
496	527
597	342
159	564
572	174
311	599
425	28
102	75
179	574
265	597
592	368
399	583
475	57
22	188
246	5
496	73
263	597
121	540
459	46
456	556
404	19
88	88
448	40
394	16
400	18
552	462
433	568
64	485
26	178
451	559
451	41
265	597
534	113
515	91
37	444
557	146
472	545
190	579
384	12
109	531
29	428
242	594
361	593
214	13
223	589
415	577
539	481
316	1
296	1
450	559
368	8
129	546
371	9
374	10
599	276
541	478
527	496
290	599
132	548
468	52
309	1
135	550
404	19
117	537
463	49
129	546
351	5
327	2
1	324
27	424
399	17
469	53
250	5
573	176
301	599
352	5
361	7
15	393
209	15
337	597
25	181
149	41
520	503
70	492
479	540
34	438
557	146
513	511
160	35
183	24
506	518
453	558
398	17
211	586
29	428
418	575
242	6
457	45
94	82
271	2
144	44
335	597
501	522
197	581
192	21
427	571
254	596
200	582
32	166
46	141
14	210
470	547
381	12
586	210
532	110
479	60
57	125
285	599
531	109
525	102
451	41
182	25
540	120
51	133
84	92
349	595
414	577
384	12
590	376
484	64
496	73
267	2
389	14
89	87
531	491
157	563
567	164
235	8
426	28
308	599
533	112
379	589
339	597
580	193
194	580
283	1
156	563
421	26
200	18
359	594
456	556
554	459
200	18
192	579
18	198
70	492
504	81
573	176
367	592
62	118
396	16
538	482
454	43
187	577
567	436
427	29
152	560
519	95
376	590
63	483
321	599
141	554
64	485
231	591
143	555
442	36
192	579
229	9
160	35
512	512
437	566
432	31
14	390
64	115
454	43
316	599
60	480
309	599
521	98
524	101
535	486
309	1
147	558
74	497
487	66
552	138
143	555
490	532
5	246
313	599
203	583
325	598
597	342
34	162
328	598
49	464
211	14
482	538
576	183
99	522
55	127
264	597
40	151
55	473
146	557
294	599
5	246
211	586
33	164
504	519
449	560
538	482
591	228
172	571
436	33
277	599
52	132
514	90
60	120
417	576
594	359
507	517
440	565
541	122
403	19
460	553
158	36
378	11
166	32
289	1
138	48
427	29
2	334
492	70
120	540
412	22
87	511
525	102
23	185
317	599
561	447
376	590
117	63
486	65
382	588
84	92
455	556
322	1
581	195
200	18
16	396
6	359
54	471
390	586
494	528
128	545
86	90
562	446
594	241
34	438
306	1
306	1
54	471
158	564
80	97
340	3
318	599
385	587
211	14
332	2
505	81
82	506
406	20
189	22
480	60
185	577
293	1
477	58
275	2
546	129
73	496
259	597
336	597
121	540
338	3
178	26
293	1
14	390
332	598
101	524
27	176
336	597
92	516
555	458
387	13
347	4
194	580
74	103
266	598
116	64
191	579
580	193
214	587
361	7
453	558
583	399
280	1
459	46
212	14
390	14
81	505
541	478
97	80
35	160
423	27
444	37
541	478
263	597
519	505
422	574
454	43
253	4
410	21
5	354
455	44
140	553
250	595
331	598
80	97
508	516
467	51
317	1
410	579
453	558
84	508
82	506
425	572
453	558
5	354
267	598
26	422
464	49
409	21
98	79
60	120
287	599
491	531
340	3
513	89
148	558
226	590
161	565
467	51
434	568
174	28
128	545
409	579
174	572
234	8
262	597
193	20
82	94
418	25
53	130
357	594
215	13
580	407
454	43
80	97
312	1
80	97
450	559
112	67
235	8
314	1
170	30
395	16
488	67
108	530
108	530
563	444
26	178
566	162
23	185
540	120
187	23
512	88
475	57
235	592
593	236
348	596
139	553
526	103
77	500
14	210
564	158
216	12
177	573
301	1
317	599
259	597
487	66
25	419
79	502
349	5
534	487
84	92
452	558
502	79
126	56
155	38
402	582
598	266
136	551
20	407
95	519
249	595
464	49
272	598
539	119
468	548
549	133
223	11
331	2
430	30
453	558
560	151
42	453
218	12
427	29
440	35
423	27
209	585
211	586
592	232
483	63
146	557
74	103
433	568
458	45
492	70
312	1
376	10
303	599
248	5
511	513
156	563
298	1
457	555
291	1
261	597
131	53
557	454
161	35
373	590
325	2
259	597
338	3
40	449
110	68
220	11
575	419
421	574
203	17
499	76
444	37
492	70
510	514
423	27
462	48
231	591
377	11
78	501
175	28
379	589
234	592
225	590
470	53
230	9
519	505
141	554
186	577
224	590
593	364
429	30
134	51
172	29
130	53
306	599
395	16
53	130
136	49
533	112
147	558
91	515
490	532
129	54
241	6
301	1
583	399
107	71
315	1
431	31
140	47
36	158
482	62
51	133
596	348
443	563
239	593
265	597
167	568
492	70
285	599
112	67
517	93
70	492
579	410
348	596
298	599
230	9
96	519
560	151
290	599
518	506
519	95
523	500
291	1
10	224
251	5
277	599
503	80
199	582
553	139
424	27
177	573
109	531
314	1
593	364
309	599
524	101
56	474
589	380
282	1
327	2
445	562
342	3
537	483
165	567
209	15
230	9
292	599
277	1
451	41
393	585
18	402
399	17
132	52
588	384
455	556
151	560
145	44
378	11
406	20
299	599
175	572
483	537
225	10
362	7
511	513
100	523
316	1
564	158
129	546
84	92
471	54
550	135
442	36
138	552
19	405
557	454
384	12
370	591
57	475
7	364
106	72
431	31
184	576
319	599
546	129
480	540
558	453
520	97
412	22
556	144
355	594
30	430
350	595
303	599
515	91
498	525
64	485
29	428
466	51
60	120
315	599
444	37
495	527
152	560
396	16
364	593
275	598
252	4
279	1
111	68
585	393
510	86
53	130
483	537
317	1
39	153
488	533
260	597
591	372
596	252
148	558
500	523
423	27
297	599
94	82
213	587
232	592
542	123
550	135
356	594
126	544
292	1
206	16
301	599
418	575
294	599
298	599
243	6
442	36
418	575
15	207
534	113
179	574
8	368
158	564
236	593
385	587
423	27
367	592
67	112
387	13
516	92
576	417
162	34
497	74
148	558
246	595
245	594
351	5
478	59
88	512
152	40
249	5
140	47
17	399
512	88
527	104
376	590
156	563
367	8
552	138
313	599
591	372
255	596
392	585
77	500
434	568
411	22
556	456
350	595
367	592
179	26
113	534
95	519
17	201
70	492
250	5
334	2
31	168
319	1
265	597
217	12
352	595
186	23
211	586
171	30
109	531
213	13
503	520
597	342
156	563
90	514
300	0
487	534
136	49
97	80
351	5
150	559
548	468
392	585
397	17
181	25
519	95
196	19
395	584
294	1
583	201
271	598
570	430
168	569
88	88
586	210
382	588
56	126
203	583
465	550
444	37
249	595
314	599
316	1
321	1
6	241
519	505
1	276
535	486
260	3
330	598
557	454
146	43
347	596
26	422
258	597
572	174
395	584
528	106
384	588
518	94
329	2
321	1
286	1
40	449
97	520
578	412
342	597
150	41
259	597
28	426
262	3
259	597
591	228
455	44
52	132
446	38
83	507
400	18
415	23
297	1
49	136
325	598
402	582
206	584
499	76
477	58
330	2
107	529
433	568
474	544
28	426
77	100
551	136
480	60
562	154
461	553
186	23
333	2
141	554
64	485
305	599
489	532
137	49
448	40
149	41
413	577
541	122
550	135
107	529
109	69
250	595
593	364
502	79
136	551
25	419
318	599
327	2
228	9
232	592
159	36
551	136
148	558
451	559
62	482
233	8
435	567
412	22
401	582
323	599
576	183
237	593
468	548
595	246
250	5
481	61
292	1
347	4
179	574
353	595
232	592
174	28
143	45
555	142
456	556
163	34
595	246
402	18
544	474
415	23
568	434
411	578
371	9
53	470
247	595
291	599
377	11
479	540
124	542
139	553
539	481
219	588
260	3
270	2
596	252
216	12
145	44
471	546
271	598
80	503
530	108
510	86
525	498
134	549
485	64
505	519
438	34
79	98
359	594
268	2
244	6
370	591
560	151
76	101
349	5
457	45
226	10
205	584
552	462
32	166
400	18
1	276
44	144
395	16
209	585
537	117
438	566
377	11
219	588
387	13
305	599
229	9
114	65
372	591
133	549
585	393
448	560
109	531
354	595
338	597
444	37
368	8
379	11
185	23
566	438
194	20
598	334
350	595
62	482
560	151
280	599
413	23
42	453
355	594
187	577
202	17
78	501
254	4
210	586
342	597
443	563
284	1
97	520
241	6
498	75
460	553
151	560
335	597
408	21
335	597
349	595
406	20
314	1
246	595
509	85
308	599
271	2
198	582
85	509
298	1
291	1
557	454
68	490
245	6
232	592
60	480
506	82
537	483
420	26
36	158
497	74
254	4
263	3
339	3
592	232
565	440
83	507
414	23
444	37
370	9
372	591
70	108
158	36
137	49
272	2
373	590
114	65
386	587
198	582
312	1
283	599
358	6
344	596
364	593
538	118
73	496
290	1
82	94
582	402
136	551
274	2
260	597
547	470
538	482
544	474
8	368
189	578
153	39
173	571
50	465
587	387
343	596
589	220
51	133
310	1
331	598
543	125
358	594
529	493
156	563
297	1
583	399
120	60
18	198
110	68
556	456
107	529
321	599
330	598
126	544
234	592
262	597
113	66
550	465
287	1
138	552
549	467
282	599
433	568
372	9
15	393
391	15
269	598
17	201
187	577
182	25
53	130
221	11
30	430
505	81
27	424
17	201
185	577
284	1
339	3
533	112
245	594
270	598
510	86
468	52
509	85
127	55
476	542
476	542
289	1
217	12
494	72
461	553
551	464
25	419
252	596
535	486
194	580
493	71
450	559
126	56
357	6
38	154
490	532
415	577
270	2
549	467
335	3
50	465
317	599
470	53
533	488
495	527
452	42
273	2
556	456
43	146
374	590
134	51
324	1
458	45
369	591
534	113
536	115
132	52
294	599
415	23
373	10
42	453
349	595
454	557
401	18
495	527
524	499
68	490
326	598
145	44
479	60
586	210
550	465
103	74
494	72
599	324
326	598
146	43
531	109
343	596
133	51
478	59
331	2
203	17
235	8
87	89
58	477
133	51
516	508
414	23
369	9
538	482
181	575
20	407
490	532
520	97
283	599
523	100
503	520
15	207
128	55
490	68
312	1
90	514
560	449
247	5
364	593
20	193
77	500
260	3
532	490
213	13
280	599
420	574
253	4
285	599
345	4
596	252
300	600
413	577
187	577
36	158
113	66
66	113
11	380
350	595
542	123
259	597
408	21
291	599
591	228
400	18
50	465
250	5
202	17
251	5
204	16
235	592
150	559
320	1
443	37
285	1
565	160
422	26
318	599
309	599
491	531
53	470
422	26
129	546
30	170
415	577
133	549
190	21
6	241
433	568
336	3
135	550
436	567
0	300
495	73
351	595
404	19
63	117
65	486
195	581
484	536
341	597
163	566
522	99
29	172
385	587
151	40
14	210
287	1
40	151
454	43
227	590
302	599
18	198
81	95
365	592
353	595
146	43
441	564
587	387
487	66
165	33
76	101
488	67
178	574
383	12
209	15
318	1
133	51
219	12
520	503
411	578
359	6
210	14
236	7
413	577
288	599
368	592
498	75
543	475
89	513
587	387
578	188
236	593
134	549
373	590
570	430
456	44
516	508
287	1
512	512
20	407
189	22
150	559
222	11
297	1
464	49
416	576
141	554
289	599
267	598
485	536
181	575
74	497
155	562
127	55
368	8
356	6
72	106
428	29
340	597
304	599
12	384
593	236
495	73
209	15
474	544
134	51
155	562
124	58
320	1
46	459
473	545
457	555
367	592
349	595
215	587
569	168
575	419
202	17
516	508
599	276
126	56
4	252
376	590
481	61
400	582
215	587
343	4
302	1
469	53
30	430
556	456
216	588
551	136
383	588
456	556
97	80
467	549
68	110
274	2
119	61
509	85
470	53
45	142
121	540
518	94
266	2
87	89
521	502
319	1
126	544
406	20
481	61
197	19
41	149
515	91
480	60
413	577
256	4
344	4
588	384
182	25
397	17
587	213
40	151
91	515
112	67
547	130
573	176
536	485
8	368
463	49
345	596
202	17
0	300
236	7
101	524
482	62
452	42
573	176
112	67
48	462
155	562
458	45
375	10
249	595
92	516
348	4
239	7
58	123
147	42
164	567
366	592
284	599
491	69
9	372
599	276
152	40
586	210
112	533
188	22
226	10
194	580
76	499
396	16
176	573
292	1
333	598
28	174
578	188
548	468
530	492
551	464
521	502
194	20
385	587
80	503
145	556
405	19
363	7
205	584
312	1
487	534
291	1
459	554
127	545
341	3
293	599
62	482
38	154
206	584
409	579
432	31
441	564
169	31
470	547
206	584
407	580
145	556
273	2
495	73
495	73
10	224
574	422
550	465
203	17
266	2
171	30
85	91
182	575
3	342
377	589
82	506
79	98
165	567
404	19
420	26
510	86
350	5
416	24
332	2
460	47
275	2
308	599
62	118
76	499
54	471
232	8
103	74
30	430
512	88
64	115
358	594
240	593
381	12
112	67
213	13
309	599
301	599
175	28
390	586
528	494
190	21
102	75
184	576
391	15
557	146
472	545
257	596
266	2
388	586
33	164
219	12
162	566
418	575
225	10
449	40
524	499
112	533
224	10
88	88
214	587
232	8
217	588
136	551
262	3
590	376
208	15
115	536
312	599
72	106
574	422
522	99
326	598
0	300
209	15
125	57
159	564
142	45
374	10
521	98
266	598
183	576
129	546
345	4
114	535
507	83
337	3
471	54
225	590
440	565
119	539
225	590
134	51
186	577
5	354
238	593
73	496
244	594
112	67
8	232
19	405
222	589
191	579
418	575
273	2
470	547
75	102
145	44
528	494
289	599
39	447
509	85
263	597
49	464
552	462
30	170
121	60
205	584
508	516
88	88
114	535
174	28
548	468
425	572
479	60
198	18
363	7
88	512
593	364
9	228
518	506
438	566
160	35
429	570
459	554
574	422
593	364
523	100
220	589
437	566
513	89
581	195
523	500
468	52
529	107
176	573
237	7
395	16
34	162
577	415
209	585
262	3
128	55
41	149
344	4
273	2
553	461
51	133
276	599
517	507
301	599
522	99
130	53
458	45
229	9
294	599
370	591
309	599
437	566
253	596
475	57
241	594
539	481
579	190
578	412
79	98
31	432
156	563
33	436
464	551
235	592
350	595
281	599
303	1
91	515
50	465
523	100
41	451
195	581
586	390
456	556
174	28
53	130
450	559
14	390
591	372
554	459
192	579
219	588
223	589
382	12
397	17
449	40
245	6
134	51
331	2
163	566
342	597
586	210
438	566
388	586
380	589
229	591
350	595
380	589
19	405
594	359
65	114
396	584
376	590
166	568
130	547
190	579
242	594
10	376
127	55
264	3
403	581
216	12
532	490
583	201
350	5
555	458
442	36
126	56
408	579
401	18
404	19
230	591
368	592
58	477
326	598
397	583
296	1
591	372
286	1
457	45
35	440
397	583
317	599
572	174
599	324
394	584
469	547
415	23
74	497
428	571
385	13
232	8
191	579
135	550
33	164
382	12
136	551
21	410
461	553
441	36
530	492
93	83
463	551
164	33
254	596
142	555
420	574
325	598
164	33
98	79
369	591
537	483
119	61
446	38
463	551
362	593
470	547
78	99
56	126
530	492
574	178
211	14
273	2
383	588
42	147
318	1
457	555
335	597
61	119
460	47
62	482
67	488
405	581
449	560
492	530
285	1
447	561
343	4
127	545
123	58
247	5
398	583
317	599
468	548
215	587
491	69
454	557
439	35
500	523
563	156
62	118
385	13
69	491
526	103
399	17
293	1
533	488
230	591
113	534
395	16
311	599
39	447
84	92
11	380
415	577
102	75
538	482
25	419
492	530
76	101
487	66
224	10
138	552
354	595
90	514
329	2
562	446
428	29
43	454
523	500
49	136
568	166
53	130
185	23
168	569
286	599
43	146
225	10
128	55
247	595
12	384
585	207
99	522
23	415
280	599
330	2
208	585
588	216
2	334
503	520
269	598
374	590
454	43
588	216
84	92
399	17
138	48
152	40
544	474
555	142
510	514
373	590
71	493
542	477
405	581
549	467
191	579
186	23
156	563
156	563
394	584
216	588
48	462
202	17
476	542
163	566
586	390
496	527
465	50
475	57
123	542
168	31
218	12
557	146
594	241
118	538
350	5
261	597
290	1
507	83
579	410
117	63
598	334
382	12
468	52
509	85
136	49
331	2
473	545
411	578
259	597
222	11
372	9
34	162
382	12
486	535
536	115
581	405
73	496
484	536
506	82
450	559
134	51
155	38
250	595
424	27
395	16
191	21
360	593
179	26
149	559
240	7
352	5
5	354
324	1
510	86
368	8
44	144
372	591
20	193
159	36
193	580
167	32
582	402
126	56
572	426
37	444
436	33
232	8
82	94
405	19
575	419
483	63
273	598
523	500
209	585
501	78
392	15
594	359
439	565
321	599
258	3
241	594
343	4
474	544
273	598
24	417
348	596
317	599
460	47
105	73
567	164
80	503
99	522
457	555
181	25
231	9
295	1
566	162
365	8
219	12
477	542
352	5
8	232
403	19
297	1
458	555
305	1
69	491
13	387
55	127
301	599
10	376
17	201
287	599
74	103
39	447
50	135
449	560
113	534
216	588
301	1
544	474
525	498
230	591
322	1
169	31
282	1
248	5
395	16
520	97
393	15
146	43
204	584
328	2
209	585
202	17
82	506
338	597
453	42
231	591
190	21
74	103
490	532
467	51
9	228
534	113
431	31
112	533
247	595
336	597
60	120
188	578
494	528
545	127
245	6
62	118
573	176
198	18
471	54
248	5
239	7
245	6
511	513
165	33
480	60
478	541
575	181
498	525
92	516
427	571
91	85
366	592
364	7
378	589
21	190
451	559
202	583
487	534
206	16
516	92
393	15
68	110
142	45
55	127
128	545
84	92
536	485
595	354
62	482
81	505
393	15
0	300
244	6
162	566
168	569
451	559
56	474
97	80
21	190
433	568
550	135
438	566
115	64
248	5
14	210
359	594
191	21
363	7
115	64
90	514
448	560
428	571
504	81
439	565
487	66
562	446
434	568
208	585
150	41
579	190
210	586
49	464
451	41
216	12
578	412
554	459
347	4
493	71
237	593
586	210
489	532
199	18
393	15
99	78
54	129
486	65
13	213
507	83
88	88
74	103
133	549
158	36
125	543
456	556
99	522
70	108
198	582
36	442
181	575
397	583
303	1
574	178
508	84
143	555
11	380
175	28
112	533
515	91
537	117
234	8
206	16
40	151
475	57
261	597
108	530