0	85
0	175
0	452
0	233
0	8
0	417
0	356
0	527
0	261
0	230
0	112
0	96
0	305
0	35
0	236
0	424
0	56
0	77
0	109
0	269
0	160
0	418
0	51
0	22
0	567
0	350
0	116
0	19
0	357
0	586
0	30
0	71
0	576
0	286
0	406
0	2
0	250
0	343
0	377
0	515
0	57
0	12
0	205
0	91
0	283
0	426
0	102
0	348
0	75
0	472
0	233
0	9
0	540
0	61
0	166
0	23
0	521
0	212
0	503
0	273
0	591
0	402
0	415
0	57
0	560
0	526
0	313
0	474
0	37
0	599
0	238
0	475
0	559
0	20
0	418
0	70
0	82
0	196
0	116
0	110
0	366
0	37
0	176
0	510
0	99
0	482
0	211
0	231
0	448
0	374
0	202
0	250
0	392
0	413
0	80
0	387
0	474
0	130
0	34
0	46
0	68
0	347
0	136
0	331
0	483
0	177
0	578
0	509
0	466
0	299
0	172
0	521
0	84
0	506
0	64
0	346
0	463
0	406
0	527
0	121
0	504
0	440
0	11
0	249
0	84
0	305
0	36
0	513
0	202
0	223
0	533
0	586
0	35
0	0
0	562
0	200
0	283
0	583
0	497
0	54
0	119
0	228
0	58
0	66
0	586
0	448
0	451
0	71
0	406
0	510
0	581
0	505
0	84
0	204
0	389
0	68
0	136
0	1
0	535
0	93
0	308
0	185
0	14
0	154
0	62
0	27
0	289
0	293
0	497
0	435
0	490
0	275
0	301
0	92
0	104
0	11
0	380
0	53
0	271
0	267
0	219
0	124
0	545
0	164
0	208
0	505
0	267
0	541
0	318
0	529
0	30
0	429
0	243
0	411
0	1
0	282
0	506
0	318
0	224
0	270
0	41
0	225
0	379
0	73
0	81
0	285
0	549
0	578
0	373
0	181
0	262
0	455
0	578
0	334
0	440
0	117
0	170
0	505
0	499
0	425
0	220
0	149
0	21
0	4
0	307
0	385
0	345
0	509
0	457
0	255
0	595
0	120
0	457
0	148
0	238
0	572
0	406
0	356
0	338
0	275
0	187
0	307
0	189
0	586
0	63
0	166
0	317
0	584
0	588
0	480
463	0
196	0
501	0
513	0
199	0
399	0
402	0
104	0
60	0
592	0
321	0
136	0
159	0
94	0
283	0
257	0
272	0
8	0
536	0
198	0
157	0
320	0
455	0
228	0
224	0
143	0
222	0
170	0
84	0
346	0
275	0
403	0
164	0
401	0
517	0
496	0
224	0
456	0
522	0
555	0
445	0
519	0
29	0
415	0
527	0
124	0
323	0
443	0
101	0
560	0
83	0
245	0
426	0
279	0
216	0
235	0
107	0
297	0
476	0
308	0
202	0
462	0
26	0
134	0
454	0
62	0
432	0
272	0
509	0
405	0
343	0
103	0
487	0
438	0
233	0
599	0
560	0
135	0
358	0
575	0
497	0
234	0
467	0
551	0
395	0
267	0
568	0
149	0
402	0
5	0
171	0
378	0
282	0
152	0
198	0
396	0
113	0
549	0
338	0
84	0
217	0
402	0
407	0
480	0
104	0
296	0
545	0
547	0
101	0
393	0
64	0
440	0
504	0
424	0
252	0
454	0
455	0
289	0
459	0
133	0
65	0
7	0
289	0
183	0
9	0
156	0
83	0
209	0
537	0
387	0
184	0
120	0
440	0
561	0
92	0
177	0
554	0
450	0
194	0
33	0
170	0
152	0
421	0
259	0
358	0
582	0
179	0
88	0
583	0
435	0
223	0
120	0
76	0
235	0
585	0
102	0
506	0
327	0
356	0
322	0
18	0
499	0
140	0
265	0
183	0
32	0
26	0
95	0
138	0
80	0
526	0
116	0
476	0
383	0
80	0
507	0
223	0
234	0
419	0
575	0
361	0
15	0
270	0
497	0
199	0
260	0
191	0
157	0
370	0
499	0
518	0
139	0
328	0
483	0
540	0
545	0
561	0
346	0
463	0
501	0
436	0
70	0
43	0
111	0
318	0
499	0
126	0
485	0
447	0
310	0
391	0
313	0
33	0
89	0
380	0
269	0
213	0
599	0
440	0
519	0
220	0
87	0
277	0
47	0
206	0
397	0
347	0
453	0
179	0
547	0
565	0
583	0
316	0
552	0
108	0
432	0
349	0
223	0
586	0
525	0
217	0
72	0
13	0
353	0
434	0
259	0
567	0
40	0
500	0
456	0
600	574
600	456
600	196
600	556
600	204
600	347
600	98
600	62
600	597
600	97
600	456
600	576
600	16
600	467
600	238
600	553
600	5
600	130
600	356
600	287
600	146
600	230
600	99
600	522
600	377
600	362
600	144
600	195
600	129
600	397
600	270
600	587
600	255
600	444
600	183
600	136
600	400
600	218
600	390
600	314
600	582
600	369
600	436
600	460
600	54
600	586
600	78
600	526
600	170
600	393
600	431
600	231
600	455
600	356
600	567
600	368
600	485
600	274
600	344
600	348
600	62
600	136
600	488
600	595
600	61
600	454
600	72
600	446
600	269
600	201
600	496
600	317
600	387
600	353
600	556
600	171
600	505
600	403
600	88
600	275
600	455
600	409
600	499
600	100
600	96
600	268
600	267
600	424
600	166
600	188
600	61
600	498
600	539
600	230
600	590
600	438
600	102
600	252
600	211
600	554
600	150
600	163
600	250
600	266
600	78
600	598
600	132
600	234
600	413
600	535
600	199
600	444
600	137
600	30
600	475
600	353
600	231
600	194
600	281
600	404
600	281
600	396
600	35
600	554
600	228
600	579
600	348
600	374
600	93
600	377
600	445
600	25
600	240
600	573
600	497
600	278
600	349
600	378
600	206
600	596
600	152
600	245
600	433
600	276
600	90
600	595
600	196
600	546
600	577
600	9
600	158
600	321
600	273
600	53
600	535
600	375
600	573
600	26
600	374
600	120
600	70
600	521
600	266
600	126
600	471
600	418
600	385
600	157
600	267
600	514
600	328
600	317
600	147
600	175
600	376
600	489
600	72
600	518
600	369
600	388
600	401
600	253
600	510
600	67
600	50
600	549
600	420
600	389
600	41
600	287
600	280
600	255
600	462
600	520
600	189
600	581
600	414
600	375
600	302
600	83
600	572
600	451
600	126
600	297
600	373
600	89
600	57
600	445
600	462
600	530
600	151
600	242
600	532
600	52
600	221
600	94
600	368
600	191
600	319
600	257
600	405
600	48
600	462
600	225
600	287
600	514
600	474
600	90
600	2
600	119
600	428
600	507
600	420
600	119
600	419
600	245
600	112
600	176
600	425
600	300
600	104
600	315
600	89
600	264
600	222
600	343
600	23
600	533
600	199
600	359
347	600
21	600
445	600
86	600
508	600
288	600
79	600
123	600
117	600
90	600
79	600
495	600
271	600
547	600
47	600
19	600
483	600
420	600
433	600
95	600
154	600
268	600
578	600
133	600
203	600
434	600
251	600
316	600
368	600
421	600
132	600
121	600
349	600
120	600
156	600
495	600
317	600
377	600
465	600
103	600
595	600
320	600
256	600
387	600
67	600
237	600
170	600
188	600
539	600
266	600
92	600
539	600
129	600
479	600
401	600
429	600
18	600
237	600
78	600
479	600
147	600
98	600
377	600
513	600
120	600
483	600
55	600
199	600
351	600
152	600
241	600
266	600
528	600
344	600
594	600
510	600
227	600
502	600
392	600
340	600
246	600
579	600
596	600
448	600
218	600
163	600
167	600
197	600
537	600
516	600
203	600
211	600
134	600
528	600
52	600
387	600
208	600
92	600
497	600
353	600
388	600
200	600
347	600
480	600
287	600
183	600
273	600
548	600
333	600
113	600
516	600
81	600
585	600
60	600
86	600
273	600
369	600
154	600
66	600
378	600
228	600
283	600
376	600
589	600
275	600
82	600
208	600
59	600
194	600
461	600
296	600
98	600
66	600
199	600
419	600
165	600
588	600
480	600
400	600
290	600
435	600
564	600
412	600
205	600
126	600
96	600
493	600
50	600
498	600
288	600
245	600
88	600
88	600
566	600
335	600
185	600
120	600
494	600
49	600
397	600
49	600
501	600
253	600
598	600
323	600
159	600
174	600
398	600
267	600
191	600
4	600
4	600
355	600
153	600
379	600
118	600
52	600
187	600
206	600
128	600
352	600
379	600
540	600
211	600
24	600
290	600
29	600
1	600
479	600
238	600
539	600
397	600
74	600
37	600
39	600
167	600
236	600
85	600
46	600
349	600
497	600
368	600
320	600
285	600
375	600
477	600
462	600
23	600
453	600
194	600
261	600
551	600
257	600
397	600
307	600
167	600
17	600
354	600
109	600
188	600
237	600
415	600
202	600
87	600
415	600
219	600
432	600
364	600
449	600
236	600
561	600
367	600
426	600
248	600
257	600
66	600
60	600
308	600
327	600
59	600
85	600
384	600
446	600
346	600
303	600
371	600
471	600
217	600
294	600
555	600