0	461
0	335
0	426
0	115
0	333
0	509
0	154
0	508
0	562
0	507
0	175
0	1
0	263
0	9
0	21
0	56
0	479
0	430
0	499
0	3
0	37
0	321
0	224
0	502
0	193
0	293
0	458
0	279
0	48
0	76
0	572
0	315
0	479
0	578
0	163
0	170
0	571
0	474
0	110
0	217
0	223
0	559
0	536
0	5
0	299
0	168
0	532
0	15
0	94
0	166
0	147
0	347
0	152
0	434
0	452
0	266
0	551
0	383
0	553
0	80
0	492
0	559
0	265
0	360
0	224
0	298
0	16
0	195
0	8
0	329
0	455
0	223
0	242
0	232
0	33
0	156
0	35
0	377
0	116
0	586
0	303
0	557
0	496
0	206
0	340
0	598
0	79
0	443
0	100
0	73
0	17
0	350
0	245
0	87
0	291
0	338
0	134
0	394
0	547
0	369
0	368
0	36
0	434
0	508
0	430
0	218
0	598
0	457
0	419
0	320
0	555
0	116
0	551
0	407
0	14
0	241
0	573
0	425
0	574
0	61
0	140
0	261
0	415
0	380
0	152
0	54
0	188
0	444
0	173
0	310
0	400
0	113
0	215
0	119
0	313
0	562
0	40
0	370
0	338
0	569
0	255
0	385
0	540
0	360
0	521
0	374
0	360
0	519
0	375
0	519
0	59
0	66
0	452
0	137
0	535
0	94
0	129
0	225
0	585
0	596
0	311
0	290
0	372
0	142
0	49
0	368
0	554
0	375
0	99
0	563
0	290
0	143
0	418
0	223
0	443
0	476
0	50
0	184
0	339
0	68
0	262
0	339
0	460
0	31
0	439
0	320
0	4
0	313
0	508
0	388
0	39
0	501
0	283
0	394
0	587
0	229
0	65
0	297
0	184
0	142
0	116
0	65
0	10
0	248
0	482
0	303
0	140
0	507
0	205
0	489
0	267
0	445
0	534
0	571
0	476
0	384
0	370
0	223
0	203
0	257
0	5
0	442
0	361
0	570
0	538
0	379
0	553
0	474
0	229
0	104
0	143
0	226
0	413
0	305
0	101
0	536
0	177
0	581
0	276
0	224
0	214
0	91
0	11
0	230
0	266
0	553
0	375
0	353
0	8
0	560
0	415
0	385
0	72
0	169
0	563
0	185
0	458
0	248
0	41
0	288
0	143
0	310
0	83
0	449
0	101
0	118
0	512
0	170
0	509
0	341
0	285
0	305
0	426
0	268
0	288
0	490
0	8
0	361
0	89
0	158
0	382
0	577
0	526
0	94
0	289
0	243
0	305
0	341
0	207
0	222
0	448
0	147
0	269
0	354
0	344
0	534
0	69
0	316
0	471
0	162
0	0
0	19
0	293
0	57
0	244
0	391
0	462
0	534
0	18
0	1
0	207
0	259
0	399
0	29
0	506
0	275
0	572
0	37
0	567
0	378
0	332
0	463
0	561
0	392
0	265
0	231
0	139
0	68
0	156
0	591
0	253
0	37
0	359
0	450
0	327
0	300
0	72
0	464
0	224
0	365
0	373
0	555
0	115
0	549
0	95
0	433
0	55
0	133
0	381
0	98
0	562
0	332
0	213
0	473
0	177
0	251
0	128
0	208
0	599
0	433
0	115
0	460
0	367
0	311
0	550
0	295
0	367
0	270
0	363
0	548
0	11
0	28
0	5
0	237
0	307
0	54
0	595
0	560
0	163
0	431
0	47
0	592
0	165
0	495
0	319
0	312
0	316
0	511
0	319
0	562
0	103
0	136
0	32
0	118
0	193
0	83
0	57
0	174
0	153
0	547
0	329
0	102
0	419
0	567
0	254
0	49
0	530
0	187
0	582
0	406
0	144
0	30
0	343
0	441
0	99
0	575
0	141
0	366
0	238
0	168
0	272
0	537
0	97
0	269
0	550
0	81
0	326
0	302
0	196
0	451
0	362
0	151
0	173
0	74
0	83
0	464
0	508
0	147
0	132
0	497
0	244
0	359
0	34
0	550
0	322
0	194
0	194
0	16
0	499
0	201
0	306
0	323
0	456
0	160
0	144
0	84
0	306
0	137
0	571
0	91
0	11
0	577
0	420
0	406
0	563
0	436
0	320
0	302
0	219
0	273
0	485
0	570
0	530
0	440
0	510
0	305
0	450
0	151
0	125
0	134
0	222
0	316
0	244
0	396
0	554
0	437
0	393
0	512
0	295
0	371
0	355
0	54
0	130
0	109
0	525
0	532
0	79
0	241
0	182
0	347
0	183
0	125
0	433
0	443
0	27
0	76
0	176
0	390
0	172
0	204
0	385
0	501
0	49
0	275
0	514
0	598
0	308
0	210
0	38
0	23
0	378
0	466
0	236
0	29
0	148
0	563
0	192
0	397
0	22
0	260
0	72
0	299
0	164
0	396
0	461
0	353
0	500
0	127
0	412
0	311
0	596
0	28
0	8
0	41
0	105
0	595
0	214
0	118
0	265
0	196
0	181
0	532
0	6
0	26
0	111
0	481
0	231
0	583
0	473
0	253
0	572
0	97
0	475
0	187
0	373
0	66
0	444
0	150
0	200
0	269
0	557
0	336
0	574
0	308
0	152
0	342
0	393
0	151
0	301
0	319
0	204
0	23
0	216
0	475
0	127
0	216
0	147
0	97
0	477
0	141
0	492
0	576
0	564
0	37
0	138
0	207
0	248
0	3
0	289
0	360
0	596
0	139
0	384
0	598
0	310
0	256
0	331
0	104
0	78
0	203
0	538
0	94
0	371
0	558
0	29
0	544
0	522
0	87
0	410
0	398
0	412
0	160
0	213
0	194
0	122
0	403
0	443
0	266
0	479
0	466
0	138
0	393
0	251
0	244
0	376
0	237
0	96
0	300
0	79
0	123
0	363
0	340
0	26
0	534
0	560
0	239
0	599
0	455
0	426
0	595
0	337
0	335
0	46
0	309
0	216
0	167
0	162
0	31
0	487
0	272
0	544
0	468
0	138
0	311
0	201
0	365
0	90
0	216
0	392
0	244
0	543
0	259
0	572
0	372
0	193
0	412
0	489
0	180
0	234
0	100
0	211
0	81
0	435
0	278
0	504
0	184
0	50
0	412
0	489
0	173
0	397
0	519
0	189
0	141
0	430
0	93
0	163
0	496
0	506
0	284
0	569
0	67
0	207
0	381
0	22
0	362
0	418
0	212
0	312
0	146
0	515
0	196
0	26
0	539
0	526
0	143
0	78
0	397
0	110
0	315
0	267
0	274
0	327
0	576
0	203
0	17
0	264
0	302
0	484
0	563
0	140
0	596
0	161
0	70
0	220
0	451
0	108
0	159
0	530
0	345
0	210
0	300
0	36
0	113
0	587
0	79
0	235
0	79
0	436
0	559
0	232
0	497
0	395
0	441
0	346
0	169
0	566
0	252
0	582
0	512
0	145
0	129
0	275
0	133
0	362
0	97
0	424
0	290
0	58
0	448
0	277
0	303
0	539
0	64
0	499
0	256
0	160
0	145
0	465
0	465
0	318
0	523
0	260
0	331
0	293
0	70
0	114
0	526
0	570
0	569
0	554
0	214
0	293
0	583
0	460
0	378
0	305
0	47
0	201
0	71
0	269
0	122
0	22
0	539
0	95
0	392
0	531
0	173
0	80
0	515
0	442
0	242
0	87
0	565
0	430
0	35
0	254
0	22
0	386
0	90
0	67
0	397
0	458
0	307
0	372
0	367
0	578
0	560
0	19
0	342
0	130
0	156
0	321
0	513
0	258
0	89
0	34
0	433
0	552
0	260
0	380
0	75
0	235
0	342
0	21
0	273
0	90
0	582
0	41
0	268
0	222
0	522
0	37
0	324
0	25
0	61
0	243
0	383
0	34
0	426
0	162
0	544
0	535
0	454
0	432
0	247
0	317
0	588
0	71
0	295
0	174
0	402
0	226
0	212
0	143
0	192
0	139
0	83
0	517
0	89
0	370
0	156
0	156
0	66
0	147
0	458
0	268
0	47
0	541
0	595
0	552
0	149
0	259
0	154
0	68
0	274
0	441
0	250
0	362
0	8
0	276
0	525
0	353
0	545
0	46
0	267
0	451
0	53
0	436
0	318
0	234
0	262
0	222
0	314
0	278
0	180
0	475
0	82
0	533
0	221
0	239
0	141
0	255
0	316
0	490
0	64
0	173
0	546
0	205
0	589
0	414
0	546
0	499
0	137
0	270
0	182
0	74
0	187
0	483
0	496
0	262
0	127
0	116
0	587
0	96
0	139
0	585
0	519
0	504
0	529
0	442
0	394
0	284
0	59
0	53
0	332
0	595
0	221
0	94
0	492
0	58
0	516
0	85
0	230
0	394
0	109
0	551
0	406
0	197
0	568
0	234
0	309
0	179
0	522
0	506
0	98
0	149
0	394
0	192
0	109
0	509
0	555
0	589
0	572
0	384
0	32
0	491
0	384
0	121
0	7
0	100
0	522
0	332
0	284
0	146
0	583
0	211
0	558
0	90
0	147
0	40
0	198
0	165
0	490
0	288
0	11
0	157
0	225
0	256
0	51
0	336
0	162
0	407
0	228
0	44
0	390
0	96
0	169
0	248
0	245
0	154
0	176
0	298
0	202
0	197
0	112
0	282
0	58
0	59
0	279
0	546
0	130
0	393
0	401
0	56
0	568
0	473
0	542
0	338
0	50
0	486
0	250
0	477
0	267
0	138
0	360
0	202
0	92
0	231
0	16
0	454
0	47
0	568
0	317
0	100
0	30
0	572
0	4
0	529
0	562
0	231
0	198
0	595
0	488
0	340
0	470
0	15
0	182
0	522
0	142
0	589
0	587
0	474
0	556
0	275
0	92
0	371
0	2
0	139
0	322
0	482
0	123
0	129
0	497
0	177
0	457
0	390
0	20
0	274
0	188
0	498
0	524
0	521
0	5
0	57
0	127
0	187
0	0
0	381
0	341
0	207
0	504
0	243
0	190
0	16
0	260
0	109
0	368
0	476
0	103
0	19
0	412
0	12
0	110
0	143
0	311
0	343
0	10
0	260
0	439
0	117
0	5
0	362
0	283
0	46
0	193
0	577
0	197
0	221
0	572
0	558
0	388
0	436
0	168
0	135
0	369
0	221
0	551
0	231
0	555
0	554
0	467
0	511
0	326
0	409
0	299
0	530
0	494
0	504
0	346
0	194
0	506
0	105
0	442
0	12
0	580
0	434
0	382
0	85
0	69
0	27
0	180
0	424
0	148
0	45
0	25
0	517
0	439
0	516
0	575
0	159
0	354
0	496
0	58
0	242
0	396
0	166
0	568
0	446
0	226
0	238
0	14
0	173
0	251
0	136
0	399
0	357
0	274
0	512
0	39
0	203
0	378
0	67
0	110
0	269
0	12
0	565
0	545
0	361
0	523
0	129
0	306
0	255
0	33
0	308
0	231
0	167
0	578
0	414
0	40
0	561
0	198
0	302
0	250
0	128
0	525
0	585
0	409
0	329
0	402
0	150
0	50
0	494
0	450
0	49
0	358
0	177
0	438
0	266
0	122
0	167
0	3
0	553
0	219
0	139
0	483
0	593
0	264
0	292
0	581
0	390
0	104
0	405
0	519
0	324
0	561
0	302
0	323
0	293
0	578
0	124
0	16
0	591
0	569
0	234
0	351
0	560
0	46
0	418
0	310
0	14
0	9
0	204
0	354
0	256
0	367
0	345
0	85
0	362
0	375
0	132
0	31
0	97
0	226
0	46
0	312
0	236
0	265
0	141
0	275
0	514
0	137
0	505
0	263
0	190
0	329
0	507
0	7
0	60
0	548
0	546
0	273
0	151
0	210
0	162
0	540
0	472
0	9
0	507
0	74
0	269
0	280
0	348
0	261
0	355
0	92
0	282
0	118
0	154
0	148
0	161
0	16
0	348
0	367
0	253
0	355
0	177
0	486
0	197
0	581
0	258
0	395
0	493
0	587
0	39
0	72
0	183
0	293
0	223
0	589
0	533
0	343
0	428
0	481
0	214
0	419
0	449
0	537
0	339
0	12
0	57
0	135
0	196
0	246
0	62
0	42
0	515
0	161
0	306
0	107
0	213
0	308
0	165
0	96
0	392
0	31
0	235
0	273
0	318
0	184
0	529
0	127
0	29
0	415
0	4
0	420
0	296
0	413
0	215
0	254
0	309
0	567
0	239
0	366
0	555
0	577
0	244
0	117
0	496
0	253
0	262
0	261
0	221
0	218
0	481
0	229
0	375
0	49
0	175
0	311
0	387
0	467
0	457
0	555
0	133
0	535
0	426
0	295
0	236
0	128
0	263
0	294
0	389
0	274
0	206
0	388
0	475
0	405
0	515
0	60
0	256
0	570
0	569
0	448
0	387
0	490
0	11
0	16
0	102
0	198
0	279
0	399
0	178
0	177
0	51
0	262
0	17
0	442
0	224
0	267
0	384
0	566
0	503
0	245
0	439
0	322
0	380
0	174
0	143
0	166
0	358
0	483
0	415
0	284
0	543
0	360
0	194
0	352
0	359
0	108
0	232
0	218
0	239
0	100
0	311
0	54
0	100
0	284
0	455
0	413
0	355
0	439
0	231
0	172
0	251
0	551
0	223
0	18
0	323
0	176
0	275
0	32
0	553
0	239
0	88
0	441
0	116
0	113
0	366
0	368
0	439
0	246
0	2
0	360
0	147
0	124
0	527
0	558
0	239
0	111
0	425
0	523
0	543
0	190
0	149
0	383
0	278
0	561
0	48
0	191
0	304
0	166
0	499
0	479
0	41
0	195
0	232
0	594
0	460
0	446
0	467
0	318
0	249
0	393
0	120
0	5
0	439
0	161
0	581
0	469
0	433
0	133
0	75
0	193
0	495
0	443
0	335
0	41
0	164
0	462
0	391
0	461
0	32
0	324
0	403
0	295
0	297
0	4
0	50
0	173
0	355
0	236
0	550
0	110
0	73
0	545
0	397
0	220
0	598
0	88
0	389
0	287
0	109
0	497
0	90
0	299
0	505
0	531
0	47
0	312
0	26
0	2
0	224
0	351
0	37
0	157
0	239
0	476
0	198
0	412
0	419
0	582
0	124
0	535
0	137
0	484
0	114
0	106
0	406
0	58
0	198
0	85
0	106
0	488
0	255
0	215
0	130
0	60
0	464
0	274
0	59
0	46
0	299
0	145
0	574
0	481
0	420
0	454
0	588
0	242
0	443
0	369
0	47
0	48
0	389
0	171
0	202
0	564
0	368
0	137
0	270
0	354
0	41
0	107
0	371
0	5
0	420
0	36
0	71
0	448
0	167
0	404
0	102
0	97
0	396
0	104
0	294
0	272
0	257
0	131
0	373
0	597
0	165
0	310
0	305
0	488
0	481
0	484
0	180
0	82
0	400
0	577
0	138
0	457
0	140
0	448
0	73
0	528
0	183
0	194
0	212
0	532
0	580
0	404
0	20
0	443
0	384
0	474
0	451
0	160
0	447
0	312
0	254
0	361
0	239
0	96
0	230
0	474
0	259
0	149
0	523
0	458
0	189
0	486
0	286
0	514
0	52
0	406
0	337
0	526
0	437
0	592
0	358
0	316
0	241
0	447
0	17
0	202
0	171
0	28
0	434
0	156
0	92
0	305
0	3
0	306
0	397
0	26
0	402
0	136
0	416
0	507
0	251
0	312
0	52
0	172
0	398
0	82
0	139
0	306
0	240
0	235
0	361
0	215
0	281
0	595
0	43
0	209
0	473
0	112
0	410
0	120
0	135
0	417
0	507
0	105
0	160
0	197
0	540
0	168
0	304
0	241
0	572
0	338
0	81
0	8
0	496
0	208
0	77
0	100
0	150
0	111
0	529
0	27
0	479
0	165
0	280
0	38
0	518
0	454
0	192
0	499
0	576
0	108
0	134
0	578
0	55
0	93
0	489
0	436
0	231
0	550
0	589
0	511
0	595
0	206
0	551
0	54
0	509
0	61
0	296
0	237
0	273
0	395
0	392
0	587
0	420
0	525
0	584
0	288
0	486
0	113
0	75
0	54
0	49
0	67
0	18
0	267
0	245
0	265
0	43
0	532
0	162
0	369
0	541
0	238
0	129
0	186
0	499
0	30
0	272
0	567
0	114
0	449
0	0
0	8
0	257
0	517
0	124
0	11
0	260
0	494
0	335
0	296
0	69
0	460
0	282
0	482
0	312
0	106
0	10
0	9
0	584
0	306
0	146
0	564
0	51
0	419
0	394
0	395
0	247
0	204
0	396
0	283
0	88
0	451
0	110
0	595
0	312
0	310
0	329
0	387
0	353
0	459
0	21
0	517
0	594
0	131
0	407
0	379
0	323
0	384
0	568
0	208
0	430
0	128
0	275
0	155
0	60
0	394
0	138
0	405
0	121
0	37
0	149
0	68
0	62
0	223
0	401
0	464
0	297
0	147
0	409
0	170
0	75
0	420
0	212
0	477
0	62
0	526
0	35
0	300
0	512
0	172
0	380
0	139
0	128
0	387
0	303
0	2
0	44
0	294
0	109
0	364
0	117
0	347
0	504
0	78
0	168
0	514
0	236
0	306
0	417
0	206
0	528
0	115
0	550
0	484
0	568
0	555
0	589
0	201
0	10
0	441
0	427
0	344
0	370
0	214
0	170
0	192
0	261
0	78
0	110
0	211
0	295
0	236
0	333
0	523
0	417
0	437
0	289
0	176
0	18
0	159
0	67
0	5
0	481
0	59
0	293
0	424
0	156
0	93
0	331
0	423
0	232
0	236
0	455
0	360
0	542
0	485
0	593
0	161
0	478
0	106
0	471
0	126
0	363
0	128
0	438
0	121
0	291
0	30
0	333
0	556
0	297
0	185
0	498
0	594
0	240
0	220
0	372
0	243
0	526
0	61
0	549
0	382
0	90
0	243
0	97
0	1
0	268
0	323
0	407
0	484
0	592
0	354
0	187
0	483
0	135
0	205
0	77
0	122
0	306
0	68
0	42
0	267
0	107
0	229
0	188
0	554
0	114
0	108
0	65
0	130
0	424
0	248
0	349
0	505
0	476
0	177
0	301
0	102
0	520
0	150
0	410
0	435
0	223
0	171
0	301
0	549
0	397
0	159
0	213
0	232
0	594
0	275
0	122
0	464
0	173
0	399
0	37
0	266
0	146
0	519
0	38
0	65
0	23
0	194
0	553
0	460
0	49
0	163
0	478
0	556
0	565
0	136
0	236
0	52
0	317
0	208
0	330
0	257
0	546
0	66
0	266
0	385
0	233
0	344
0	26
0	48
0	299
0	274
0	487
0	453
0	68
0	199
0	480
0	219
0	392
0	143
0	140
0	595
0	181
0	395
0	122
0	247
0	481
0	462
0	595
0	97
0	281
0	525
0	382
0	594
0	546
0	177
0	136
0	119
0	64
0	422
0	549
0	278
0	145
0	139
0	15
0	46
0	309
0	554
0	10
0	20
0	221
0	282
0	578
0	330
0	156
0	63
0	106
0	170
0	46
0	36
0	570
0	176
0	108
0	254
0	564
0	565
0	433
0	33
0	275
0	256
0	557
0	457
0	8
0	511
0	467
0	487
0	42
0	115
0	264
0	171
0	481
0	241
0	547
0	416
0	520
0	53
0	347
0	475
0	445
0	25
0	522
0	37
0	541
0	451
0	68
0	592
0	289
0	45
0	3
0	438
0	335
0	54
0	139
0	229
0	207
0	494
0	581
0	399
0	59
0	222
0	482
0	326
0	561
0	358
0	582
0	469
0	32
0	320
0	54
0	345
0	373
0	393
0	471
0	358
0	49
0	376
0	173
0	286
0	432
0	575
0	452
0	100
0	521
0	471
0	503
0	495
0	373
0	344
0	35
0	314
0	94
0	501
0	350
0	520
0	5
0	342
0	585
0	261
0	456
0	47
0	400
0	551
0	246
0	142
0	90
0	371
0	176
0	138
0	217
0	556
0	199
0	230
0	280
0	207
0	420
0	293
0	556
0	306
0	143
0	24
0	128
0	554
0	175
0	43
0	257
0	292
0	122
0	165
0	154
0	35
0	491
0	118
0	469
0	584
0	62
0	411
0	599
0	392
0	240
0	333
0	335
0	71
0	455
0	191
0	515
0	146
0	435
0	318
0	486
0	98
0	401
0	355
0	410
0	229
0	282
0	364
0	142
0	6
0	564
0	489
0	132
0	340
0	548
0	585
0	378
0	521
0	279
0	477
0	386
0	233
0	380
0	452
0	232
0	98
0	271
0	238
0	536
0	274
0	596
0	181
0	162
0	212
0	526
0	380
0	587
0	325
0	116
0	555
0	185
0	323
0	214
0	67
0	210
0	324
0	506
0	220
0	194
0	548
0	141
0	399
0	511
0	81
0	176
0	61
0	354
0	209
0	537
0	230
0	37
0	523
0	267
0	349
0	11
0	67
0	347
0	504
0	273
0	214
0	527
0	462
0	79
0	101
0	405
0	530
0	546
0	327
0	358
0	172
0	249
0	151
0	181
0	142
0	466
0	581
0	456
0	443
0	153
0	168
0	154
0	139
0	268
0	201
0	138
0	436
0	334
0	531
0	299
0	355
0	374
0	134
0	593
0	536
0	123
0	170
0	333
0	383
0	406
0	33
0	421
0	227
0	380
0	461
0	523
0	37
0	47
0	89
0	424
0	458
0	248
0	212
0	501
0	146
0	523
0	47
0	326
0	21
0	382
0	488
0	396
0	448
0	335
0	447
0	133
0	469
0	538
0	334
0	385
0	593
0	132
0	589
0	300
0	462
0	582
0	411
0	579
0	409
0	65
0	481
0	589
0	398
0	43
0	272
0	528
0	487
0	564
0	515
0	332
0	139
0	528
0	551
0	128
0	484
0	312
0	182
0	519
0	65
0	215
0	155
0	446
0	337
0	398
0	112
0	293
0	113
0	36
0	148
0	232
0	597
0	302
0	80
0	57
0	11
0	183
0	240
0	124
0	581
0	236
0	359
0	319
0	188
0	62
0	475
0	163
0	450
0	253
0	479
0	51
0	424
0	206
0	15
0	192
0	222
0	73
0	566
0	62
0	385
0	585
0	12
0	327
0	494
0	576
0	44
0	234
0	221
0	71
0	561
0	344
0	0
0	367
0	416
0	267
0	187
0	567
0	408
0	115
0	54
0	274
0	590
0	197
0	62
0	404
0	109
0	362
0	242
0	377
0	435
0	42
0	464
0	250
0	71
0	484
0	175
0	157
0	263
0	235
0	568
0	63
0	493
0	342
0	270
457	0
281	0
68	0
12	0
565	0
562	0
81	0
53	0
563	0
174	0
362	0
319	0
332	0
154	0
441	0
545	0
2	0
571	0
470	0
187	0
194	0
514	0
130	0
205	0
351	0
221	0
296	0
96	0
28	0
531	0
491	0
144	0
558	0
464	0
310	0
243	0
12	0
246	0
484	0
483	0
451	0
44	0
477	0
287	0
210	0
240	0
497	0
384	0
359	0
321	0
548	0
359	0
213	0
552	0
190	0
364	0
35	0
588	0
462	0
561	0
305	0
84	0
314	0
4	0
185	0
463	0
157	0
124	0
496	0
431	0
22	0
411	0
264	0
372	0
457	0
258	0
563	0
557	0
237	0
586	0
118	0
338	0
273	0
222	0
440	0
437	0
563	0
415	0
53	0
174	0
455	0
279	0
291	0
446	0
504	0
94	0
288	0
107	0
118	0
283	0
438	0
282	0
572	0
58	0
221	0
322	0
532	0
172	0
155	0
45	0
218	0
140	0
194	0
530	0
418	0
430	0
566	0
581	0
351	0
2	0
305	0
425	0
441	0
206	0
397	0
452	0
505	0
529	0
318	0
64	0
396	0
372	0
257	0
217	0
154	0
587	0
381	0
10	0
50	0
281	0
269	0
18	0
332	0
170	0
286	0
220	0
450	0
17	0
523	0
541	0
363	0
66	0
227	0
239	0
6	0
98	0
396	0
418	0
72	0
226	0
38	0
129	0
139	0
371	0
118	0
138	0
427	0
595	0
581	0
351	0
341	0
181	0
13	0
442	0
486	0
575	0
80	0
14	0
221	0
181	0
548	0
112	0
190	0
515	0
127	0
332	0
396	0
159	0
555	0
500	0
562	0
573	0
574	0
163	0
279	0
452	0
216	0
416	0
340	0
205	0
26	0
102	0
26	0
204	0
368	0
48	0
261	0
544	0
74	0
34	0
151	0
196	0
93	0
123	0
234	0
280	0
288	0
6	0
518	0
569	0
590	0
599	0
347	0
324	0
384	0
170	0
500	0
163	0
428	0
536	0
432	0
390	0
158	0
515	0
374	0
211	0
417	0
425	0
220	0
192	0
545	0
133	0
316	0
412	0
216	0
104	0
28	0
5	0
516	0
7	0
272	0
437	0
498	0
254	0
486	0
358	0
1	0
378	0
318	0
124	0
245	0
20	0
180	0
586	0
382	0
482	0
140	0
508	0
316	0
87	0
88	0
467	0
321	0
347	0
289	0
112	0
92	0
109	0
399	0
232	0
509	0
436	0
247	0
261	0
90	0
85	0
248	0
37	0
573	0
399	0
226	0
227	0
351	0
258	0
476	0
308	0
398	0
390	0
568	0
588	0
334	0
216	0
381	0
151	0
351	0
279	0
72	0
115	0
522	0
85	0
425	0
466	0
369	0
233	0
413	0
590	0
82	0
513	0
381	0
477	0
80	0
396	0
98	0
228	0
55	0
590	0
180	0
160	0
594	0
317	0
534	0
95	0
506	0
256	0
159	0
301	0
68	0
303	0
407	0
147	0
128	0
29	0
35	0
338	0
234	0
106	0
424	0
444	0
231	0
285	0
288	0
51	0
510	0
591	0
68	0
316	0
520	0
314	0
559	0
571	0
117	0
473	0
482	0
194	0
293	0
537	0
241	0
444	0
31	0
469	0
113	0
131	0
306	0
71	0
596	0
433	0
405	0
50	0
339	0
252	0
157	0
125	0
38	0
219	0
395	0
514	0
419	0
325	0
111	0
324	0
553	0
337	0
269	0
566	0
104	0
527	0
442	0
545	0
368	0
277	0
531	0
470	0
42	0
126	0
138	0
497	0
110	0
358	0
495	0
38	0
138	0
184	0
423	0
46	0
395	0
144	0
419	0
241	0
35	0
300	0
335	0
63	0
176	0
405	0
213	0
442	0
285	0
284	0
181	0
43	0
295	0
551	0
476	0
453	0
470	0
114	0
295	0
455	0
278	0
178	0
466	0
82	0
513	0
502	0
265	0
226	0
378	0
462	0
73	0
98	0
121	0
29	0
444	0
400	0
238	0
595	0
552	0
231	0
460	0
291	0
51	0
500	0
339	0
68	0
13	0
552	0
569	0
138	0
474	0
443	0
383	0
396	0
395	0
586	0
148	0
360	0
519	0
7	0
480	0
467	0
251	0
119	0
143	0
133	0
483	0
378	0
160	0
360	0
427	0
259	0
304	0
177	0
207	0
518	0
576	0
216	0
108	0
417	0
400	0
506	0
129	0
395	0
54	0
150	0
277	0
586	0
279	0
572	0
382	0
593	0
145	0
488	0
275	0
349	0
19	0
78	0
543	0
129	0
361	0
160	0
243	0
184	0
47	0
307	0
86	0
319	0
74	0
416	0
315	0
405	0
286	0
174	0
352	0
226	0
271	0
444	0
254	0
229	0
95	0
28	0
242	0
242	0
320	0
515	0
519	0
192	0
87	0
501	0
485	0
481	0
230	0
438	0
250	0
362	0
285	0
371	0
219	0
82	0
364	0
95	0
568	0
224	0
206	0
194	0
177	0
37	0
213	0
419	0
33	0
440	0
159	0
382	0
37	0
392	0
234	0
344	0
409	0
540	0
89	0
447	0
40	0
406	0
427	0
391	0
253	0
583	0
444	0
383	0
323	0
76	0
298	0
338	0
101	0
429	0
486	0
218	0
59	0
590	0
365	0
190	0
569	0
183	0
235	0
124	0
134	0
334	0
155	0
162	0
430	0
469	0
108	0
462	0
84	0
125	0
163	0
478	0
96	0
585	0
497	0
346	0
137	0
216	0
90	0
309	0
183	0
42	0
594	0
146	0
391	0
27	0
443	0
418	0
172	0
382	0
519	0
588	0
574	0
569	0
110	0
230	0
50	0
350	0
85	0
328	0
366	0
1	0
19	0
424	0
399	0
541	0
409	0
591	0
177	0
290	0
294	0
339	0
98	0
257	0
372	0
22	0
531	0
456	0
434	0
107	0
532	0
128	0
335	0
0	0
99	0
507	0
144	0
183	0
345	0
340	0
134	0
175	0
425	0
479	0
375	0
112	0
190	0
527	0
391	0
196	0
400	0
486	0
27	0
208	0
178	0
511	0
401	0
442	0
251	0
351	0
559	0
548	0
542	0
18	0
135	0
38	0
353	0
570	0
196	0
290	0
71	0
27	0
245	0
337	0
282	0
585	0
354	0
27	0
577	0
59	0
447	0
52	0
225	0
17	0
364	0
73	0
139	0
416	0
342	0
362	0
586	0
350	0
310	0
418	0
207	0
240	0
468	0
497	0
43	0
162	0
544	0
219	0
296	0
550	0
76	0
56	0
12	0
309	0
305	0
428	0
163	0
300	0
21	0
274	0
72	0
102	0
46	0
250	0
160	0
191	0
294	0
50	0
380	0
128	0
234	0
184	0
257	0
182	0
337	0
381	0
85	0
453	0
333	0
172	0
599	0
251	0
433	0
410	0
499	0
487	0
160	0
528	0
130	0
567	0
533	0
220	0
202	0
353	0
189	0
86	0
127	0
553	0
37	0
94	0
413	0
314	0
112	0
314	0
385	0
344	0
537	0
365	0
523	0
337	0
282	0
180	0
402	0
68	0
599	0
546	0
116	0
441	0
26	0
3	0
16	0
272	0
468	0
389	0
323	0
14	0
308	0
594	0
411	0
458	0
111	0
114	0
331	0
326	0
540	0
334	0
523	0
225	0
98	0
511	0
10	0
41	0
545	0
197	0
67	0
422	0
530	0
531	0
131	0
1	0
156	0
544	0
507	0
235	0
404	0
313	0
101	0
50	0
520	0
65	0
111	0
14	0
504	0
130	0
399	0
570	0
321	0
557	0
386	0
462	0
112	0
550	0
574	0
522	0
167	0
227	0
272	0
316	0
239	0
27	0
250	0
386	0
458	0
379	0
245	0
83	0
251	0
571	0
447	0
592	0
533	0
504	0
440	0
129	0
188	0
267	0
375	0
529	0
356	0
246	0
476	0
443	0
157	0
406	0
50	0
502	0
455	0
387	0
235	0
396	0
592	0
109	0
39	0
121	0
559	0
81	0
355	0
398	0
564	0
65	0
434	0
540	0
262	0
194	0
19	0
190	0
160	0
423	0
238	0
496	0
65	0
154	0
180	0
356	0
254	0
147	0
434	0
443	0
231	0
57	0
505	0
488	0
443	0
173	0
214	0
512	0
248	0
334	0
265	0
574	0
371	0
62	0
116	0
155	0
160	0
516	0
258	0
74	0
335	0
539	0
1	0
26	0
99	0
96	0
293	0
148	0
288	0
129	0
219	0
476	0
192	0
16	0
79	0
397	0
362	0
430	0
170	0
365	0
585	0
437	0
195	0
24	0
388	0
174	0
464	0
424	0
143	0
225	0
362	0
433	0
341	0
267	0
19	0
27	0
119	0
298	0
573	0
393	0
38	0
260	0
288	0
550	0
217	0
461	0
303	0
543	0
427	0
542	0
439	0
195	0
13	0
435	0
125	0
223	0
91	0
589	0
443	0
311	0
302	0
110	0
55	0
527	0
518	0
292	0
585	0
151	0
289	0
380	0
342	0
269	0
76	0
304	0
397	0
188	0
228	0
163	0
182	0
282	0
210	0
56	0
570	0
543	0
577	0
75	0
587	0
25	0
13	0
39	0
240	0
525	0
258	0
471	0
245	0
519	0
422	0
552	0
573	0
43	0
276	0
163	0
397	0
309	0
310	0
425	0
71	0
274	0
598	0
470	0
199	0
89	0
529	0
400	0
302	0
476	0
344	0
417	0
408	0
48	0
461	0
128	0
548	0
76	0
230	0
119	0
96	0
367	0
473	0
365	0
70	0
402	0
301	0
266	0
518	0
148	0
136	0
595	0
321	0
44	0
554	0
332	0
400	0
121	0
69	0
306	0
591	0
454	0
240	0
163	0
90	0
153	0
62	0
180	0
58	0
106	0
32	0
450	0
291	0
337	0
116	0
101	0
141	0
248	0
15	0
70	0
166	0
256	0
318	0
58	0
144	0
199	0
237	0
6	0
348	0
422	0
131	0
586	0
402	0
521	0
370	0
322	0
356	0
320	0
22	0
167	0
534	0
43	0
2	0
157	0
372	0
354	0
321	0
69	0
305	0
457	0
279	0
371	0
382	0
259	0
205	0
250	0
479	0
270	0
555	0
483	0
478	0
492	0
453	0
580	0
91	0
418	0
133	0
213	0
457	0
176	0
361	0
197	0
413	0
593	0
280	0
140	0
85	0
581	0
558	0
186	0
483	0
394	0
41	0
108	0
157	0
442	0
64	0
39	0
11	0
581	0
335	0
548	0
180	0
270	0
161	0
460	0
100	0
564	0
139	0
157	0
510	0
487	0
457	0
283	0
450	0
354	0
511	0
10	0
380	0
336	0
390	0
366	0
449	0
214	0
497	0
126	0
406	0
544	0
227	0
357	0
271	0
384	0
342	0
80	0
536	0
442	0
266	0
110	0
356	0
515	0
41	0
337	0
399	0
511	0
539	0
19	0
90	0
513	0
243	0
59	0
11	0
221	0
365	0
199	0
222	0
570	0
194	0
468	0
133	0
347	0
242	0
592	0
223	0
52	0
260	0
345	0
72	0
58	0
533	0
302	0
116	0
195	0
514	0
155	0
1	0
413	0
420	0
138	0
584	0
562	0
256	0
300	0
87	0
361	0
559	0
40	0
391	0
80	0
441	0
586	0
237	0
493	0
233	0
509	0
384	0
4	0
269	0
299	0
270	0
291	0
532	0
512	0
82	0
337	0
540	0
479	0
174	0
13	0
519	0
436	0
137	0
202	0
281	0
545	0
525	0
56	0
169	0
540	0
143	0
158	0
249	0
101	0
140	0
587	0
220	0
294	0
533	0
421	0
76	0
371	0
311	0
80	0
412	0
272	0
345	0
320	0
64	0
298	0
67	0
538	0
552	0
422	0
39	0
76	0
259	0
285	0
343	0
109	0
365	0
393	0
123	0
191	0
463	0
425	0
436	0
57	0
448	0
592	0
34	0
257	0
533	0
188	0
503	0
479	0
298	0
163	0
118	0
596	0
381	0
239	0
467	0
137	0
443	0
122	0
537	0
564	0
425	0
461	0
426	0
462	0
337	0
266	0
246	0
0	0
55	0
521	0
115	0
219	0
167	0
271	0
252	0
190	0
86	0
315	0
250	0
42	0
41	0
195	0
132	0
426	0
597	0
467	0
276	0
126	0
452	0
77	0
376	0
487	0
552	0
4	0
170	0
429	0
360	0
50	0
84	0
427	0
381	0
154	0
3	0
564	0
39	0
176	0
159	0
455	0
169	0
212	0
412	0
302	0
437	0
381	0
176	0
301	0
141	0
578	0
209	0
157	0
383	0
396	0
554	0
152	0
500	0
495	0
442	0
287	0
182	0
47	0
522	0
222	0
364	0
39	0
57	0
409	0
235	0
101	0
246	0
385	0
106	0
202	0
200	0
407	0
474	0
245	0
357	0
465	0
480	0
287	0
509	0
458	0
409	0
377	0
491	0
507	0
233	0
401	0
288	0
439	0
551	0
324	0
115	0
301	0
593	0
509	0
129	0
246	0
503	0
20	0
581	0
575	0
318	0
489	0
412	0
368	0
364	0
520	0
295	0
194	0
587	0
463	0
182	0
152	0
309	0
265	0
278	0
452	0
298	0
39	0
87	0
355	0
160	0
349	0
340	0
34	0
535	0
536	0
511	0
327	0
31	0
319	0
216	0
501	0
217	0
7	0
554	0
455	0
280	0
392	0
491	0
101	0
578	0
541	0
206	0
356	0
246	0
9	0
287	0
0	0
468	0
4	0
154	0
549	0
179	0
398	0
224	0
99	0
75	0
538	0
23	0
232	0
392	0
291	0
132	0
215	0
503	0
501	0
304	0
166	0
216	0
474	0
28	0
109	0
88	0
549	0
203	0
394	0
250	0
563	0
395	0
42	0
434	0
125	0
462	0
138	0
54	0
506	0
139	0
323	0
105	0
74	0
413	0
36	0
421	0
45	0
357	0
201	0
563	0
257	0
8	0
162	0
506	0
227	0
55	0
310	0
419	0
405	0
135	0
446	0
29	0
485	0
245	0
558	0
177	0
558	0
288	0
230	0
36	0
15	0
314	0
103	0
12	0
258	0
172	0
0	0
569	0
0	0
141	0
552	0
274	0
359	0
327	0
342	0
457	0
109	0
287	0
325	0
68	0
318	0
367	0
459	0
201	0
569	0
457	0
49	0
589	0
522	0
138	0
444	0
297	0
184	0
248	0
25	0
201	0
54	0
42	0
408	0
562	0
23	0
531	0
495	0
440	0
522	0
506	0
192	0
353	0
382	0
49	0
157	0
498	0
278	0
407	0
511	0
491	0
101	0
52	0
5	0
209	0
341	0
545	0
362	0
265	0
137	0
74	0
351	0
412	0
467	0
41	0
96	0
315	0
536	0
32	0
267	0
248	0
439	0
291	0
306	0
70	0
432	0
591	0
298	0
231	0
105	0
451	0
52	0
312	0
524	0
386	0
136	0
82	0
588	0
593	0
162	0
80	0
430	0
395	0
205	0
488	0
589	0
495	0
51	0
552	0
69	0
586	0
559	0
7	0
537	0
239	0
433	0
309	0
465	0
136	0
472	0
215	0
147	0
519	0
575	0
507	0
225	0
397	0
246	0
4	0
371	0
574	0
585	0
251	0
507	0
535	0
77	0
274	0
391	0
22	0
118	0
254	0
132	0
285	0
527	0
297	0
181	0
202	0
473	0
88	0
195	0
597	0
92	0
592	0
526	0
278	0
275	0
512	0
410	0
355	0
129	0
59	0
461	0
156	0
322	0
404	0
404	0
355	0
141	0
470	0
342	0
523	0
381	0
479	0
488	0
316	0
327	0
9	0
463	0
463	0
270	0
5	0
572	0
44	0
145	0
316	0
433	0
190	0
94	0
547	0
74	0
184	0
247	0
42	0
87	0
103	0
307	0
153	0
29	0
187	0
360	0
71	0
109	0
442	0
596	0
289	0
580	0
507	0
243	0
196	0
481	0
460	0
291	0
367	0
102	0
25	0
587	0
87	0
342	0
354	0
42	0
176	0
308	0
431	0
332	0
221	0
220	0
578	0
462	0
5	0
307	0
489	0
283	0
250	0
376	0
567	0
39	0
487	0
438	0
398	0
208	0
557	0
98	0
332	0
5	0
122	0
495	0
487	0
535	0
439	0
41	0
141	0
596	0
532	0
526	0
52	0
10	0
378	0
296	0
131	0
144	0
20	0
16	0
203	0
176	0
291	0
317	0
550	0
161	0
453	0
313	0
378	0
321	0
41	0
332	0
226	0
64	0
82	0
474	0
506	0
392	0
518	0
439	0
148	0
168	0
73	0
203	0
564	0
327	0
595	0
257	0
300	0
565	0
338	0
537	0
453	0
373	0
357	0
13	0
227	0
279	0
7	0
585	0
219	0
395	0
428	0
451	0
428	0
400	0
523	0
394	0
223	0
138	0
392	0
532	0
4	0
105	0
301	0
239	0
202	0
326	0
372	0
320	0
291	0
1	0
340	0
538	0
34	0
533	0
101	0
95	0
98	0
597	0
113	0
594	0
444	0
496	0
82	0
236	0
84	0
104	0
42	0
189	0
81	0
9	0
490	0
531	0
111	0
452	0
163	0
302	0
323	0
467	0
339	0
268	0
394	0
311	0
524	0
391	0
182	0
13	0
135	0
212	0
318	0
415	0
256	0
88	0
209	0
542	0
574	0
235	0
567	0
318	0
185	0
350	0
260	0
418	0
424	0
32	0
554	0
262	0
455	0
420	0
202	0
323	0
194	0
15	0
254	0
124	0
480	0
397	0
510	0
344	0
414	0
339	0
93	0
385	0
406	0
79	0
23	0
161	0
149	0
59	0
377	0
332	0
542	0
321	0
581	0
584	0
534	0
64	0
129	0
352	0
165	0
173	0
203	0
353	0
285	0
189	0
155	0
572	0
563	0
502	0
309	0
66	0
495	0
453	0
169	0
238	0
329	0
562	0
25	0
315	0
138	0
9	0
574	0
286	0
452	0
401	0
247	0
151	0
271	0
551	0
376	0
217	0
433	0
21	0
339	0
505	0
81	0
51	0
477	0
27	0
225	0
143	0
311	0
279	0
365	0
401	0
463	0
379	0
412	0
583	0
291	0
362	0
370	0
240	0
410	0
346	0
215	0
356	0
255	0
403	0
216	0
40	0
515	0
84	0
576	0
440	0
373	0
143	0
522	0
172	0
80	0
500	0
550	0
261	0
177	0
500	0
478	0
289	0
556	0
124	0
331	0
169	0
466	0
193	0
393	0
52	0
97	0
34	0
196	0
565	0
344	0
233	0
309	0
552	0
357	0
228	0
341	0
442	0
94	0
160	0
516	0
453	0
432	0
253	0
230	0
138	0
495	0
228	0
268	0
497	0
34	0
324	0
10	0
165	0
362	0
28	0
178	0
499	0
455	0
156	0
557	0
352	0
63	0
4	0
433	0
498	0
540	0
126	0
371	0
543	0
385	0
311	0
458	0
290	0
177	0
152	0
262	0
476	0
91	0
67	0
427	0
350	0
510	0
489	0
398	0
85	0
133	0
536	0
538	0
382	0
159	0
362	0
343	0
265	0
335	0
353	0
465	0
499	0
570	0
174	0
8	0
91	0
474	0
432	0
209	0
102	0
270	0
482	0
32	0
85	0
427	0
117	0
208	0
324	0
468	0
469	0
41	0
510	0
433	0
520	0
189	0
236	0
71	0
216	0
295	0
580	0
180	0
402	0
208	0
358	0
197	0
39	0
0	0
10	0
574	0
480	0
285	0
541	0
157	0
230	0
410	0
371	0
539	0
567	0
383	0
230	0
0	0
517	0
337	0
212	0
66	0
312	0
159	0
246	0
153	0
500	0
312	0
117	0
331	0
61	0
307	0
304	0
455	0
182	0
229	0
424	0
304	0
458	0
153	0
308	0
392	0
66	0
439	0
16	0
406	0
548	0
180	0
88	0
214	0
93	0
473	0
403	0
203	0
189	0
43	0
59	0
539	0
352	0
54	0
568	0
471	0
77	0
150	0
92	0
213	0
256	0
292	0
593	0
149	0
58	0
58	0
423	0
36	0
112	0
291	0
274	0
584	0
249	0
330	0
15	0
345	0
544	0
93	0
39	0
80	0
498	0
285	0
573	0
63	0
473	0
517	0
337	0
308	0
31	0
181	0
391	0
220	0
70	0
402	0
225	0
144	0
300	0
483	0
481	0
574	0
157	0
59	0
211	0
558	0
192	0
550	0
255	0
319	0
395	0
449	0
332	0
598	0
59	0
459	0
104	0
562	0
507	0
434	0
452	0
271	0
477	0
275	0
124	0
430	0
263	0
506	0
309	0
421	0
437	0
98	0
271	0
152	0
597	0
65	0
345	0
555	0
463	0
563	0
83	0
578	0
402	0
450	0
567	0
376	0
372	0
551	0
577	0
488	0
370	0
223	0
342	0
36	0
549	0
309	0
480	0
248	0
142	0
192	0
63	0
553	0
328	0
48	0
428	0
559	0
283	0
411	0
495	0
180	0
305	0
70	0
496	0
64	0
161	0
522	0
578	0
147	0
298	0
445	0
395	0
573	0
233	0
562	0
9	0
382	0
531	0
494	0
39	0
93	0
470	0
344	0
156	0
567	0
465	0
284	0
52	0
423	0
204	0
587	0
272	0
12	0
523	0
459	0
17	0
499	0
140	0
527	0
290	0
553	0
247	0
363	0
451	0
533	0
581	0
126	0
42	0
233	0
201	0
163	0
20	0
275	0
204	0
246	0
57	0
372	0
413	0
256	0
357	0
524	0
485	0
87	0
538	0
375	0
191	0
518	0
459	0
240	0
414	0
332	0
308	0
241	0
242	0
131	0
333	0
452	0
34	0
239	0
325	0
169	0
317	0
560	0
403	0
509	0
276	0
470	0
136	0
435	0
271	0
281	0
80	0
153	0
423	0
258	0
40	0
466	0
83	0
570	0
481	0
331	0
381	0
357	0
410	0
197	0
588	0
577	0
444	0
14	0
300	0
441	0
470	0
171	0
290	0
145	0
145	0
174	0
89	0
285	0
206	0
376	0
579	0
162	0
540	0
84	0
217	0
433	0
430	0
256	0
547	0
427	0
56	0
160	0
155	0
62	0
474	0
193	0
419	0
403	0
285	0
367	0
575	0
216	0
506	0
600	195
600	413
600	481
600	394
600	68
600	49
600	222
600	328
600	576
600	93
600	168
600	83
600	224
600	358
600	430
600	47
600	110
600	593
600	471
600	451
600	27
600	220
600	3
600	430
600	465
600	506
600	467
600	555
600	274
600	86
600	1
600	35
600	524
600	385
600	68
600	89
600	505
600	502
600	388
600	528
600	431
600	442
600	39
600	393
600	488
600	521
600	438
600	97
600	215
600	403
600	120
600	447
600	368
600	302
600	592
600	43
600	106
600	269
600	61
600	546
600	117
600	38
600	526
600	118
600	194
600	482
600	536
600	459
600	11
600	573
600	29
600	500
600	431
600	253
600	531
600	587
600	106
600	63
600	278
600	191
600	127
600	132
600	123
600	176
600	443
600	475
600	18
600	46
600	96
600	473
600	350
600	415
600	10
600	187
600	269
600	40
600	17
600	476
600	527
600	411
600	516
600	10
600	565
600	214
600	502
600	322
600	199
600	220
600	200
600	492
600	489
600	13
600	595
600	585
600	347
600	553
600	216
600	288
600	332
600	274
600	374
600	33
600	434
600	358
600	190
600	73
600	273
600	27
600	262
600	347
600	566
600	406
600	481
600	8
600	510
600	308
600	88
600	197
600	264
600	473
600	87
600	419
600	443
600	575
600	590
600	188
600	5
600	422
600	458
600	385
600	178
600	74
600	376
600	81
600	293
600	546
600	109
600	179
600	166
600	453
600	573
600	300
600	248
600	287
600	134
600	516
600	557
600	241
600	312
600	155
600	577
600	14
600	163
600	434
600	536
600	337
600	197
600	435
600	293
600	260
600	151
600	194
600	96
600	556
600	106
600	445
600	554
600	184
600	539
600	367
600	336
600	568
600	73
600	66
600	122
600	91
600	279
600	154
600	575
600	320
600	90
600	487
600	399
600	478
600	304
600	83
600	516
600	311
600	139
600	282
600	46
600	567
600	441
600	190
600	74
600	458
600	265
600	18
600	118
600	259
600	108
600	111
600	507
600	346
600	286
600	266
600	384
600	461
600	232
600	230
600	191
600	303
600	563
600	38
600	190
600	173
600	162
600	347
600	68
600	389
600	108
600	251
600	557
600	74
600	69
600	307
600	116
600	322
600	17
600	355
600	397
600	16
600	116
600	319
600	52
600	341
600	193
600	263
600	125
600	186
600	20
600	444
600	585
600	408
600	270
600	138
600	473
600	321
600	205
600	541
600	106
600	495
600	165
600	508
600	78
600	417
600	535
600	267
600	363
600	423
600	205
600	524
600	122
600	147
600	455
600	421
600	102
600	7
600	373
600	452
600	142
600	109
600	593
600	159
600	161
600	505
600	407
600	513
600	389
600	587
600	413
600	151
600	60
600	225
600	545
600	480
600	524
600	337
600	436
600	226
600	234
600	12
600	529
600	90
600	186
600	423
600	561
600	107
600	381
600	130
600	462
600	576
600	87
600	147
600	474
600	572
600	531
600	429
600	579
600	518
600	334
600	89
600	341
600	243
600	517
600	495
600	509
600	44
600	100
600	70
600	350
600	278
600	596
600	359
600	201
600	88
600	456
600	408
600	341
600	14
600	13
600	188
600	297
600	556
600	443
600	175
600	210
600	111
600	588
600	456
600	366
600	190
600	439
600	367
600	499
600	214
600	369
600	37
600	516
600	274
600	362
600	355
600	145
600	217
600	495
600	11
600	219
600	450
600	209
600	571
600	369
600	354
600	162
600	8
600	289
600	486
600	543
600	294
600	454
600	68
600	326
600	302
600	202
600	12
600	533
600	584
600	313
600	572
600	316
600	400
600	219
600	152
600	457
600	277
600	419
600	329
600	87
600	4
600	464
600	260
600	137
600	163
600	535
600	139
600	288
600	546
600	379
600	225
600	495
600	596
600	515
600	151
600	599
600	346
600	566
600	52
600	100
600	105
600	125
600	241
600	59
600	498
600	316
600	321
600	182
600	399
600	575
600	423
600	470
600	486
600	518
600	251
600	92
600	157
600	413
600	541
600	412
600	533
600	410
600	378
600	62
600	412
600	571
600	459
600	250
600	18
600	467
600	346
600	7
600	285
600	345
600	152
600	400
600	24
600	374
600	426
600	269
600	406
600	377
600	394
600	257
600	45
600	120
600	394
600	389
600	549
600	541
600	51
600	96
600	575
600	346
600	131
600	9
600	66
600	163
600	85
600	99
600	265
600	423
600	195
600	387
600	545
600	298
600	470
600	513
600	38
600	378
600	478
600	209
600	197
600	332
600	493
600	165
600	396
600	315
600	293
600	193
600	358
600	20
600	194
600	298
600	283
600	256
600	530
600	539
600	556
600	447
600	49
600	70
600	579
600	366
600	89
600	596
600	112
600	188
600	47
600	89
600	441
600	223
600	169
600	143
600	289
600	278
600	203
600	349
600	329
600	466
600	584
600	475
600	213
600	262
600	262
600	525
600	5
600	32
600	162
600	402
600	147
600	427
600	147
600	23
600	252
600	370
600	179
600	21
600	151
600	243
600	103
600	148
600	67
600	550
600	559
600	10
600	270
600	265
600	233
600	365
600	511
600	441
600	272
600	0
600	325
600	375
600	18
600	21
600	225
600	36
600	272
600	287
600	77
600	451
600	526
600	267
600	496
600	201
600	594
600	99
600	530
600	483
600	393
600	6
600	161
600	325
600	253
600	432
600	15
600	458
600	331
600	377
600	242
600	573
600	264
600	580
600	387
600	131
600	572
600	446
600	74
600	330
600	239
600	297
600	446
600	218
600	95
600	293
600	491
600	511
600	76
600	458
600	60
600	312
600	515
600	244
600	272
600	359
600	510
600	42
600	592
600	293
600	548
600	333
600	190
600	498
600	485
600	202
600	570
600	525
600	470
600	253
600	222
600	78
600	539
600	106
600	449
600	334
600	402
600	272
600	193
600	391
600	60
600	365
600	521
600	38
600	375
600	216
600	234
600	65
600	334
600	207
600	46
600	430
600	274
600	429
600	296
600	402
600	537
600	399
600	102
600	443
600	309
600	588
600	400
600	83
600	520
600	87
600	355
600	497
600	283
600	138
600	278
600	61
600	150
600	529
600	478
600	24
600	9
600	328
600	517
600	62
600	65
600	353
600	557
600	41
600	423
600	518
600	578
600	59
600	154
600	511
600	133
600	112
600	557
600	1
600	28
600	293
600	203
600	540
600	119
600	41
600	598
600	223
600	486
600	526
600	319
600	377
600	519
600	156
600	223
600	110
600	107
600	371
600	428
600	557
600	488
600	362
600	256
600	387
600	569
600	81
600	196
600	110
600	33
600	567
600	465
600	175
600	470
600	457
600	599
600	572
600	554
600	320
600	582
600	577
600	6
600	94
600	33
600	35
600	455
600	596
600	564
600	440
600	314
600	299
600	194
600	215
600	355
600	397
600	537
600	432
600	113
600	439
600	369
600	359
600	286
600	38
600	231
600	570
600	578
600	586
600	360
600	36
600	119
600	427
600	272
600	365
600	64
600	151
600	19
600	424
600	314
600	150
600	27
600	178
600	252
600	58
600	456
600	74
600	531
600	150
600	573
600	449
600	534
600	257
600	319
600	582
600	449
600	463
600	329
600	430
600	388
600	557
600	234
600	287
600	227
600	78
600	568
600	216
600	345
600	47
600	278
600	311
600	597
600	572
600	393
600	86
600	503
600	501
600	248
600	539
600	124
600	472
600	113
600	82
600	92
600	500
600	473
600	537
600	533
600	327
600	524
600	351
600	193
600	493
600	274
600	466
600	130
600	477
600	306
600	53
600	181
600	402
600	176
600	490
600	300
600	291
600	249
600	473
600	150
600	463
600	544
600	581
600	545
600	473
600	498
600	287
600	72
600	43
600	323
600	18
600	375
600	146
600	43
600	482
600	3
600	326
600	419
600	73
600	191
600	20
600	425
600	552
600	104
600	546
600	260
600	198
600	330
600	511
600	337
600	528
600	292
600	381
600	507
600	85
600	447
600	579
600	529
600	77
600	4
600	459
600	42
600	77
600	338
600	580
600	116
600	410
600	207
600	77
600	353
600	312
600	518
600	559
600	179
600	13
600	479
600	14
600	494
600	71
600	468
600	188
600	75
600	102
600	487
600	370
600	294
600	399
600	145
600	99
600	69
600	326
600	213
600	439
600	441
600	192
600	67
600	145
600	145
600	194
600	465
600	181
600	89
600	330
600	572
600	458
600	562
600	400
600	244
600	87
600	50
600	136
600	85
600	246
600	36
600	358
600	314
600	418
600	171
600	62
600	124
600	214
600	121
600	376
600	120
600	419
600	540
600	573
600	350
600	197
600	383
600	192
600	293
600	427
600	462
600	316
600	133
600	377
600	322
600	213
600	292
600	75
600	85
600	485
600	210
600	33
600	584
600	63
600	368
600	114
600	352
600	40
600	211
600	198
600	192
600	598
600	239
600	260
600	487
600	472
600	302
600	188
600	578
600	408
600	432
600	594
600	12
600	401
600	84
600	423
600	81
600	521
600	500
600	326
600	298
600	4
600	78
600	104
600	251
600	578
600	87
600	461
600	329
600	446
600	451
600	320
600	119
600	324
600	255
600	397
600	167
600	311
600	0
600	209
600	301
600	500
600	316
600	238
600	567
600	134
600	317
600	82
600	457
600	471
600	46
600	67
600	462
600	255
600	454
600	537
600	336
600	116
600	42
600	287
600	16
600	407
600	79
600	184
600	401
600	582
600	541
600	482
600	159
600	476
600	583
600	82
600	485
600	25
600	14
600	596
600	524
600	271
600	413
600	348
600	528
600	66
600	184
600	150
600	283
600	291
600	278
600	142
600	61
600	234
600	261
600	597
600	115
600	517
600	164
600	394
600	92
600	433
600	139
600	232
600	411
600	139
600	559
600	577
600	223
600	364
600	483
600	231
600	182
600	71
600	272
600	554
600	447
600	224
600	300
600	348
600	391
600	403
600	537
600	301
600	420
600	46
600	332
600	267
600	573
600	204
600	190
600	553
600	170
600	79
600	351
600	451
600	192
600	114
600	590
600	484
600	301
600	344
600	485
600	292
600	49
600	555
600	521
600	337
600	477
600	493
600	528
600	584
600	414
600	564
600	307
600	176
600	1
600	374
600	435
600	180
600	315
600	154
600	599
600	507
600	496
600	478
600	187
600	286
600	345
600	218
600	557
600	253
600	491
600	297
600	417
600	262
600	386
600	55
600	45
600	451
600	93
600	339
600	150
600	150
600	58
600	154
600	513
600	540
600	354
600	405
600	390
600	92
600	223
600	169
600	198
600	147
600	18
600	97
600	469
600	141
600	122
600	234
600	218
600	41
600	575
600	267
600	564
600	33
600	356
600	30
600	71
600	333
600	410
600	175
600	300
600	339
600	353
600	465
600	86
600	349
600	209
600	111
600	89
600	216
600	439
600	486
600	149
600	308
600	548
600	364
600	0
600	428
600	63
600	412
600	561
600	92
600	555
600	442
600	544
600	314
600	547
600	37
600	228
600	403
600	409
600	238
600	509
600	203
600	86
600	508
600	7
600	271
600	276
600	457
600	304
600	371
600	311
600	508
600	144
600	563
600	489
600	131
600	175
600	536
600	221
600	133
600	214
600	146
600	332
600	42
600	3
600	4
600	139
600	456
600	231
600	161
600	438
600	547
600	292
600	296
600	349
600	191
600	512
600	102
600	212
600	461
600	327
600	481
600	209
600	416
600	405
600	517
600	247
600	195
600	224
600	565
600	167
600	465
600	179
600	551
600	54
600	544
600	279
600	124
600	209
600	410
600	261
600	34
600	557
600	482
600	239
600	256
600	187
600	360
600	140
600	510
600	96
600	129
600	122
600	527
600	355
600	94
600	253
600	356
600	128
600	78
600	486
600	486
600	241
600	419
600	519
600	103
600	276
600	526
600	186
600	381
600	480
600	16
600	41
600	116
600	385
600	287
600	249
600	119
600	491
600	81
600	528
600	443
600	3
600	415
600	221
600	472
600	200
600	409
600	190
600	29
600	473
600	114
600	564
600	543
600	552
600	360
600	308
600	77
600	52
600	386
600	295
600	267
600	540
600	118
600	456
600	393
600	39
600	286
600	397
600	168
600	409
600	110
600	111
600	233
600	232
600	349
600	340
600	41
600	469
600	286
600	20
600	508
600	133
600	50
600	576
600	293
600	159
600	555
600	590
600	151
600	224
600	223
600	297
600	35
600	482
600	183
600	246
600	583
600	443
600	436
600	425
600	327
600	450
600	317
600	214
600	51
600	212
600	110
600	555
600	293
600	356
600	225
600	578
600	365
600	386
600	98
600	517
600	3
600	338
600	385
600	306
600	15
600	61
600	225
600	430
600	344
600	253
600	456
600	230
600	296
600	505
600	171
600	544
600	65
600	496
600	8
600	400
600	359
600	483
600	167
600	46
600	16
600	555
600	101
600	277
600	108
600	570
600	206
600	575
600	93
600	5
600	350
600	323
600	163
600	230
600	333
600	497
600	511
600	401
600	469
600	124
600	10
600	436
600	561
600	558
600	473
600	113
600	579
600	250
600	375
600	8
600	490
600	570
600	295
600	461
600	583
600	544
600	484
600	346
600	570
600	514
600	472
600	373
600	14
600	31
600	133
600	233
600	557
600	333
600	347
600	370
600	153
600	549
600	175
600	74
600	401
600	119
600	92
600	73
600	20
600	23
600	424
600	377
600	509
600	441
600	294
600	111
600	106
600	472
600	411
600	541
600	291
600	458
600	231
600	541
600	220
600	191
600	234
600	0
600	127
600	456
600	521
600	381
600	313
600	445
600	532
600	197
600	95
600	335
600	149
600	314
600	533
600	524
600	358
600	384
600	378
600	432
600	135
600	420
600	84
600	112
600	4
600	193
600	179
600	82
600	423
600	337
600	437
600	369
600	207
600	72
600	430
600	301
600	116
600	573
600	297
600	295
600	253
600	10
600	455
600	18
600	8
600	578
600	466
600	508
600	549
600	586
600	135
600	547
600	240
600	40
600	415
600	597
600	274
600	472
600	344
600	16
600	203
600	446
600	308
600	297
600	470
600	541
600	598
600	560
600	488
600	486
600	428
600	287
600	438
600	204
600	573
600	587
600	234
600	76
600	1
600	412
600	121
600	491
600	23
600	23
600	181
600	159
600	231
600	34
600	458
600	439
600	373
600	55
600	503
600	327
600	166
600	114
600	564
600	203
600	75
600	541
600	386
600	540
600	47
600	227
600	514
600	281
600	358
600	152
600	310
600	373
600	60
600	183
600	86
600	238
600	358
600	310
600	201
600	230
600	449
600	444
600	497
600	306
600	270
600	475
600	16
600	128
600	119
600	129
600	236
600	293
600	177
600	80
600	13
600	316
600	245
600	316
600	463
600	131
600	301
600	53
600	521
600	272
600	23
600	274
600	392
600	48
600	105
600	422
600	352
600	440
600	193
600	207
600	169
600	517
600	311
600	160
600	218
600	181
600	563
600	417
600	596
600	488
600	452
600	389
600	517
600	425
600	372
600	17
600	8
600	303
600	261
600	44
600	494
600	449
600	63
600	417
600	299
600	62
600	138
600	81
600	599
600	305
600	531
600	14
600	135
600	123
600	557
600	186
600	447
600	395
600	317
600	151
600	175
600	416
600	9
600	40
600	399
600	128
600	533
600	563
600	528
600	569
600	116
600	274
600	249
600	92
600	416
600	255
600	178
600	449
600	591
600	13
600	49
600	469
600	594
600	229
600	191
600	353
600	66
600	414
600	477
600	189
600	593
600	430
600	576
600	593
600	163
600	541
600	215
600	363
600	351
600	201
600	341
600	12
600	150
600	507
600	415
600	453
600	6
600	328
600	251
600	224
600	67
600	44
600	171
600	209
600	347
600	41
600	421
600	107
600	180
600	478
600	336
600	271
600	277
600	179
600	493
600	535
600	590
600	304
600	391
600	104
600	484
600	92
600	561
600	590
600	181
600	595
600	251
600	385
600	196
600	297
600	328
600	205
600	130
600	204
600	519
600	400
600	289
600	294
600	164
600	245
600	54
600	415
600	419
600	341
600	139
600	345
600	448
600	573
600	6
600	149
600	389
600	378
600	385
600	235
600	153
600	209
600	302
600	182
600	322
600	443
600	71
600	22
600	159
600	94
600	184
600	375
600	188
600	247
600	218
600	183
600	338
600	426
600	4
600	261
600	514
600	4
600	519
600	381
600	582
600	104
600	159
600	344
600	325
600	166
600	194
600	256
600	553
600	146
600	62
600	384
600	455
600	344
600	115
600	530
600	362
600	509
600	273
600	403
600	516
600	216
600	255
600	17
600	322
600	104
600	314
600	236
600	314
600	367
600	287
600	354
600	20
600	452
600	173
600	285
600	338
600	70
600	58
600	63
600	197
600	532
600	328
600	126
600	382
600	18
600	275
600	458
600	142
600	62
600	2
600	242
600	467
600	185
600	55
600	463
600	79
600	97
600	445
600	465
600	574
600	466
600	581
600	101
600	492
600	541
600	477
600	432
600	336
600	161
600	77
600	125
600	425
600	165
600	312
600	554
600	364
600	271
600	116
600	401
600	15
600	319
600	597
600	418
600	77
600	397
600	20
600	62
600	471
600	210
600	511
600	182
600	323
600	154
600	254
600	18
600	123
600	350
600	329
600	53
600	500
600	432
600	489
600	5
600	569
600	439
600	90
600	225
600	4
600	251
600	489
600	508
600	217
600	178
600	384
600	438
600	167
600	73
600	387
600	89
600	188
600	78
600	206
600	264
600	324
600	314
600	69
600	28
600	181
600	492
600	135
600	288
600	97
600	96
600	528
600	28
600	585
600	367
600	514
600	64
600	339
600	0
600	431
600	334
600	96
600	548
600	206
600	201
600	69
600	239
600	383
600	485
600	379
600	219
600	197
600	548
600	477
600	518
600	399
600	399
600	438
600	131
600	434
600	126
600	100
600	278
600	367
600	350
600	29
600	209
600	572
600	225
600	84
600	348
600	498
600	68
600	568
600	593
600	147
600	257
600	473
600	13
600	397
600	173
600	496
600	451
600	120
600	36
600	227
600	179
600	415
600	32
600	257
600	255
600	54
600	449
600	96
600	13
600	97
600	158
600	480
600	241
600	189
600	305
600	35
600	218
600	334
600	193
600	4
600	565
600	515
600	273
600	242
600	495
600	377
600	486
600	31
600	363
600	187
600	173
600	457
600	139
600	235
600	403
600	372
600	348
600	296
600	438
600	473
600	578
600	171
600	321
600	256
600	234
600	535
600	101
600	141
600	111
600	382
600	18
600	450
600	19
600	266
600	205
600	129
600	415
600	79
600	467
600	540
600	359
600	50
600	20
600	243
600	4
600	5
600	419
600	1
600	181
600	34
600	489
600	388
600	184
600	441
600	330
600	431
600	177
600	472
600	191
600	422
600	277
600	334
600	18
600	461
600	257
600	293
600	153
600	436
600	459
600	554
600	241
600	435
600	466
600	185
600	203
600	350
600	314
600	561
600	388
600	62
600	575
600	10
600	199
600	52
600	107
600	431
600	533
600	234
600	258
600	595
600	61
600	560
600	514
600	212
600	174
600	112
600	553
600	303
600	393
600	175
600	534
600	142
600	523
600	120
600	97
600	13
600	344
600	278
600	351
600	301
600	44
600	597
600	342
600	58
600	218
600	462
600	519
600	520
600	111
600	6
600	81
600	581
600	9
600	345
600	337
600	226
600	10
600	352
600	311
600	211
600	344
600	229
600	45
600	433
600	558
600	102
600	225
600	297
600	229
600	150
600	409
600	491
600	236
600	579
600	78
600	560
600	208
600	101
600	264
600	328
600	92
600	541
600	393
600	16
600	313
600	85
600	487
600	53
600	272
600	57
600	409
600	31
600	236
600	570
600	346
600	397
600	38
600	347
600	179
600	401
600	360
600	458
600	467
600	95
600	35
600	61
600	234
600	375
600	267
600	213
600	283
600	517
600	63
600	484
600	368
600	433
600	535
600	319
600	303
600	504
600	383
600	488
600	257
600	215
600	96
600	306
600	539
600	494
600	150
600	89
600	550
600	233
600	180
600	398
600	498
600	422
600	282
600	453
600	311
600	212
600	185
600	579
600	139
600	481
600	381
600	55
600	328
600	301
600	473
600	595
600	237
600	432
600	41
600	391
600	164
600	597
600	360
600	162
600	180
600	186
600	42
600	118
600	557
600	381
600	396
600	311
600	368
600	116
600	432
600	456
600	65
600	537
600	28
600	586
600	429
600	312
600	98
600	593
600	214
600	583
600	362
600	462
600	589
600	25
600	539
600	514
600	262
600	294
600	368
600	78
600	399
600	571
600	55
600	196
600	219
600	129
600	422
600	105
600	483
600	237
600	510
600	458
600	428
600	187
600	378
600	511
600	508
600	208
600	120
600	320
600	269
600	323
600	109
600	267
600	580
600	78
600	112
600	463
600	323
600	111
600	380
600	65
600	194
600	542
600	529
600	152
600	461
600	98
600	317
600	151
600	575
600	204
600	339
600	350
600	220
600	399
600	301
600	565
600	443
600	187
600	478
600	415
600	219
600	109
600	544
600	14
600	285
600	316
600	540
600	305
600	55
600	83
600	465
600	591
600	448
600	358
600	595
600	230
600	351
600	242
600	188
600	5
600	158
600	438
600	361
600	2
600	492
600	0
600	59
600	417
600	481
600	509
600	494
600	177
600	186
600	337
600	86
600	180
600	508
600	599
600	260
600	236
600	181
600	590
600	529
600	117
600	398
600	40
600	306
600	178
600	388
600	95
600	1
600	240
600	374
600	38
600	36
600	449
600	33
600	226
600	559
600	350
600	199
600	564
600	108
600	436
600	479
600	428
600	595
600	401
600	493
600	450
600	4
600	91
600	546
600	156
600	513
600	62
600	278
600	71
600	569
600	480
600	466
600	140
600	399
600	115
600	410
600	130
600	497
600	46
600	159
600	241
600	196
600	352
600	315
600	290
600	277
600	402
600	261
600	328
600	322
600	408
600	189
600	298
600	207
600	308
600	410
600	273
600	213
600	182
600	302
600	337
600	53
600	396
600	27
600	381
600	378
600	306
600	383
600	339
600	356
600	135
600	186
600	377
600	176
600	323
600	80
600	179
600	525
600	24
600	34
600	219
600	305
600	77
600	167
600	331
600	354
600	433
600	320
600	249
600	385
600	10
600	129
600	456
600	73
600	362
600	308
600	271
600	318
600	170
600	391
600	240
600	392
600	470
600	373
600	95
600	390
600	221
600	387
600	461
600	335
419	600
416	600
560	600
115	600
588	600
303	600
296	600
472	600
599	600
114	600
33	600
522	600
325	600
108	600
504	600
554	600
597	600
416	600
444	600
478	600
270	600
280	600
275	600
521	600
568	600
390	600
142	600
217	600
39	600
6	600
513	600
135	600
221	600
60	600
195	600
76	600
106	600
538	600
542	600
534	600
275	600
498	600
284	600
306	600
468	600
322	600
343	600
83	600
163	600
213	600
26	600
96	600
539	600
269	600
305	600
268	600
105	600
527	600
449	600
519	600
247	600
287	600
510	600
578	600
507	600
442	600
488	600
520	600
499	600
27	600
545	600
0	600
351	600
125	600
381	600
598	600
50	600
495	600
422	600
529	600
294	600
45	600
84	600
343	600
244	600
451	600
429	600
597	600
101	600
13	600
430	600
435	600
528	600
585	600
534	600
500	600
481	600
390	600
211	600
347	600
137	600
6	600
164	600
248	600
584	600
487	600
410	600
234	600
500	600
207	600
148	600
151	600
12	600
213	600
190	600
47	600
149	600
309	600
380	600
559	600
488	600
267	600
384	600
297	600
343	600
313	600
6	600
440	600
386	600
299	600
337	600
9	600
595	600
40	600
44	600
293	600
537	600
587	600
335	600
427	600
597	600
423	600
259	600
234	600
23	600
185	600
596	600
404	600
379	600
287	600
594	600
351	600
366	600
247	600
348	600
445	600
359	600
162	600
146	600
395	600
236	600
127	600
365	600
366	600
162	600
403	600
45	600
441	600
40	600
414	600
166	600
155	600
17	600
570	600
0	600
254	600
100	600
581	600
122	600
178	600
370	600
445	600
51	600
528	600
211	600
539	600
564	600
387	600
573	600
240	600
205	600
560	600
258	600
364	600
146	600
566	600
316	600
85	600
522	600
112	600
552	600
476	600
556	600
32	600
93	600
348	600
231	600
422	600
343	600
564	600
92	600
469	600
236	600
108	600
554	600
535	600
2	600
396	600
166	600
87	600
108	600
343	600
156	600
116	600
119	600
158	600
118	600
589	600
557	600
218	600
584	600
255	600
445	600
225	600
78	600
236	600
188	600
209	600
267	600
214	600
324	600
403	600
487	600
282	600
215	600
103	600
59	600
95	600
401	600
21	600
188	600
45	600
592	600
388	600
578	600
18	600
409	600
307	600
12	600
167	600
295	600
396	600
227	600
242	600
522	600
161	600
103	600
389	600
538	600
302	600
297	600
467	600
463	600
534	600
550	600
419	600
423	600
242	600
308	600
165	600
466	600
180	600
260	600
425	600
558	600
226	600
461	600
63	600
450	600
573	600
33	600
216	600
169	600
369	600
486	600
300	600
141	600
175	600
3	600
341	600
524	600
318	600
356	600
529	600
436	600
353	600
12	600
597	600
303	600
386	600
151	600
540	600
451	600
483	600
65	600
7	600
81	600
117	600
390	600
558	600
527	600
577	600
407	600
461	600
340	600
444	600
390	600
97	600
384	600
457	600
30	600
298	600
134	600
390	600
265	600
155	600
166	600
503	600
160	600
172	600
275	600
513	600
81	600
481	600
246	600
439	600
560	600
147	600
189	600
441	600
228	600
276	600
484	600
411	600
260	600
288	600
486	600
258	600
326	600
175	600
136	600
0	600
516	600
14	600
562	600
328	600
308	600
270	600
3	600
590	600
483	600
68	600
528	600
469	600
213	600
399	600
112	600
460	600
299	600
201	600
511	600
371	600
57	600
4	600
437	600
439	600
155	600
22	600
123	600
229	600
331	600
375	600
121	600
187	600
66	600
119	600
375	600
178	600
449	600
277	600
166	600
344	600
450	600
66	600
169	600
306	600
408	600
355	600
141	600
214	600
7	600
173	600
299	600
518	600
210	600
43	600
470	600
409	600
256	600
523	600
406	600
427	600
217	600
319	600
559	600
293	600
410	600
320	600
230	600
127	600
43	600
28	600
42	600
210	600
138	600
392	600
555	600
570	600
406	600
401	600
265	600
472	600
473	600
267	600
211	600
550	600
290	600
237	600
435	600
540	600
71	600
452	600
131	600
447	600
252	600
291	600
462	600
385	600
450	600
20	600
173	600
180	600
247	600
145	600
4	600
191	600
13	600
331	600
41	600
523	600
442	600
116	600
200	600
336	600
492	600
296	600
470	600
392	600
454	600
53	600
328	600
5	600
100	600
51	600
158	600
526	600
551	600
358	600
2	600
396	600
517	600
193	600
295	600
427	600
360	600
493	600
256	600
309	600
81	600
392	600
359	600
312	600
185	600
424	600
78	600
128	600
60	600
486	600
549	600
175	600
346	600
351	600
545	600
216	600
19	600
405	600
381	600
275	600
319	600
549	600
151	600
330	600
375	600
42	600
65	600
362	600
75	600
167	600
427	600
374	600
393	600
409	600
362	600
270	600
199	600
442	600
23	600
164	600
381	600
402	600
22	600
591	600
186	600
296	600
81	600
288	600
425	600
175	600
65	600
202	600
191	600
524	600
449	600
351	600
180	600
571	600
366	600
501	600
460	600
520	600
79	600
319	600
505	600
139	600
293	600
568	600
31	600
518	600
351	600
226	600
395	600
528	600
221	600
380	600
177	600
508	600
38	600
91	600
264	600
27	600
344	600
151	600
532	600
405	600
3	600
454	600
497	600
463	600
459	600
110	600
230	600
175	600
113	600
300	600
53	600
443	600
132	600
498	600
30	600
159	600
529	600
364	600
571	600
85	600
444	600
283	600
595	600
118	600
306	600
515	600
414	600
375	600
437	600
135	600
498	600
135	600
403	600
164	600
200	600
4	600
259	600
171	600
30	600
542	600
596	600
48	600
530	600
371	600
108	600
408	600
319	600
42	600
355	600
223	600
255	600
67	600
474	600
319	600
262	600
355	600
362	600
509	600
358	600
245	600
445	600
381	600
173	600
108	600
419	600
421	600
559	600
349	600
474	600
159	600
592	600
441	600
374	600
153	600
130	600
273	600
41	600
510	600
320	600
354	600
135	600
271	600
453	600
207	600
376	600
180	600
348	600
166	600
443	600
316	600
61	600
155	600
155	600
109	600
592	600
232	600
528	600
589	600
537	600
62	600
325	600
583	600
192	600
501	600
370	600
433	600
395	600
159	600
46	600
9	600
475	600
387	600
298	600
16	600
552	600
38	600
148	600
215	600
194	600
12	600
431	600
150	600
29	600
179	600
403	600
100	600
159	600
496	600
359	600
304	600
530	600
35	600
8	600
229	600
305	600
222	600
59	600
349	600
24	600
363	600
175	600
29	600
116	600
51	600
296	600
429	600
84	600
226	600
370	600
307	600
243	600
112	600
19	600
373	600
387	600
59	600
346	600
572	600
144	600
288	600
514	600
457	600
574	600
480	600
597	600
119	600
295	600
439	600
79	600
0	600
29	600
272	600
176	600
428	600
496	600
123	600
493	600
188	600
85	600
177	600
397	600
52	600
316	600
471	600
283	600
142	600
228	600
565	600
452	600
4	600
565	600
155	600
574	600
37	600
241	600
449	600
50	600
537	600
160	600
44	600
424	600
264	600
430	600
553	600
462	600
68	600
395	600
50	600
101	600
95	600
528	600
533	600
33	600
182	600
553	600
12	600
386	600
77	600
27	600
199	600
283	600
573	600
75	600
21	600
479	600
240	600
248	600
82	600
483	600
437	600
350	600
362	600
315	600
311	600
568	600
212	600
325	600
392	600
457	600
370	600
292	600
58	600
167	600
68	600
434	600
446	600
549	600
244	600
190	600
350	600
244	600
140	600
518	600
84	600
501	600
195	600
568	600
422	600
205	600
231	600
523	600
449	600
405	600
533	600
565	600
474	600
309	600
172	600
152	600
588	600
389	600
327	600
254	600
195	600
304	600
56	600
133	600
367	600
357	600
274	600
162	600
572	600
275	600
496	600
494	600
262	600
368	600
529	600
519	600
514	600
590	600
260	600
446	600
160	600
459	600
344	600
304	600
589	600
139	600
348	600
83	600
244	600
300	600
574	600
535	600
52	600
54	600
247	600
494	600
413	600
445	600
451	600
401	600
268	600
540	600
438	600
457	600
135	600
256	600
282	600
247	600
498	600
438	600
421	600
128	600
383	600
58	600
72	600
65	600
539	600
237	600
458	600
475	600
493	600
506	600
98	600
282	600
203	600
501	600
20	600
456	600
461	600
0	600
26	600
553	600
466	600
188	600
436	600
74	600
289	600
344	600
171	600
387	600
232	600
377	600
111	600
119	600
200	600
254	600
528	600
276	600
378	600
319	600
497	600
251	600
154	600
506	600
464	600
405	600
90	600
337	600
74	600
47	600
114	600
91	600
132	600
420	600
330	600
477	600
597	600
158	600
410	600
301	600
383	600
401	600
481	600
83	600
100	600
260	600
465	600
469	600
405	600
252	600
532	600
397	600
261	600
63	600
152	600
241	600
196	600
442	600
525	600
550	600
375	600
280	600
288	600
2	600
469	600
415	600
536	600
13	600
133	600
536	600
485	600
395	600
179	600
59	600
264	600
553	600
193	600
405	600
213	600
561	600
138	600
407	600
62	600
187	600
154	600
588	600
346	600
18	600
345	600
407	600
18	600
249	600
318	600
126	600
243	600
344	600
416	600
167	600
119	600
479	600
136	600
157	600
406	600
213	600
138	600
295	600
451	600
221	600
362	600
21	600
521	600
326	600
564	600
464	600
444	600
222	600
19	600
229	600
227	600
322	600
555	600
118	600
403	600
268	600
595	600
221	600
264	600
298	600
65	600
598	600
500	600
415	600
153	600
88	600
138	600
488	600
473	600
295	600
508	600
597	600
452	600
281	600
0	600
313	600
374	600
474	600
345	600
496	600
462	600
519	600
330	600
85	600
535	600
492	600
21	600
133	600
497	600
442	600
466	600
595	600
462	600
593	600
19	600
241	600
286	600
469	600
156	600
400	600
19	600
104	600
320	600
524	600
281	600
60	600
462	600
246	600
205	600
491	600
234	600
591	600
246	600
557	600
464	600
342	600
265	600
85	600
124	600
47	600
62	600
529	600
541	600
321	600
16	600
291	600
368	600
225	600
314	600
201	600
288	600
424	600
189	600
422	600
498	600
478	600
238	600
458	600
543	600
489	600
492	600
309	600
587	600
222	600
279	600
163	600
555	600
211	600
476	600
213	600
196	600
478	600
93	600
60	600
157	600
198	600
437	600
362	600
286	600
204	600
537	600
367	600
314	600
349	600
522	600
149	600
104	600
127	600
144	600
24	600
136	600
245	600
312	600
205	600
368	600
153	600
285	600
510	600
454	600
189	600
485	600
136	600
544	600
30	600
594	600
593	600
479	600
110	600
329	600
185	600
34	600
397	600
183	600
484	600
495	600
562	600
271	600
336	600
332	600
443	600
505	600
218	600
372	600
207	600
213	600
88	600
13	600
348	600
52	600
370	600
117	600
227	600
247	600
233	600
117	600
260	600
265	600
548	600
78	600
294	600
351	600
348	600
80	600
103	600
96	600
347	600
242	600
181	600
464	600
445	600
147	600
463	600
262	600
210	600
391	600
203	600
501	600
240	600
485	600
556	600
464	600
145	600
45	600
87	600
15	600
278	600
327	600
26	600
14	600
240	600
447	600
426	600
460	600
438	600
492	600
376	600
241	600
456	600
399	600
560	600
576	600
95	600
569	600
397	600
364	600
191	600
581	600
276	600
343	600
506	600
381	600
283	600
69	600
361	600
489	600
558	600
408	600
90	600
498	600
246	600
85	600
433	600
396	600
22	600
451	600
172	600
66	600
307	600
468	600
32	600
171	600
559	600
91	600
113	600
330	600
59	600
413	600
394	600
163	600
15	600
253	600
337	600
465	600
439	600
432	600
198	600
325	600
11	600
191	600
232	600
193	600
307	600
394	600
340	600
515	600
581	600
177	600
123	600
213	600
541	600
366	600
454	600
409	600
167	600
382	600
145	600
473	600
572	600
199	600
281	600
68	600
423	600
356	600
491	600
5	600
83	600
459	600
59	600
446	600
19	600
279	600
438	600
138	600
565	600
89	600
372	600
567	600
212	600
129	600
589	600
2	600
296	600
75	600
255	600
245	600
140	600
405	600
209	600
219	600
52	600
85	600
63	600
117	600
585	600
343	600
499	600
21	600
35	600
427	600
220	600
463	600
10	600
29	600
494	600
583	600
144	600
6	600
390	600
597	600
278	600
104	600
319	600
485	600
586	600
367	600
582	600
43	600
298	600
83	600
350	600
180	600
272	600
450	600
513	600
128	600
121	600
530	600
164	600
404	600
291	600
564	600
590	600
324	600
275	600
564	600
141	600
485	600
545	600
421	600
181	600
599	600
80	600
298	600
157	600
490	600
526	600
14	600
599	600
528	600
396	600
549	600
452	600
544	600
402	600
492	600
114	600
483	600
243	600
339	600
316	600
391	600
96	600
3	600
292	600
561	600
331	600
345	600
23	600
183	600
586	600
330	600
253	600
100	600
270	600
218	600
171	600
108	600
440	600
197	600
135	600
247	600
191	600
318	600
88	600
235	600
376	600
453	600
367	600
73	600
338	600
307	600
461	600
2	600
532	600
74	600
435	600
331	600
86	600
360	600
432	600
427	600
97	600
570	600
579	600
53	600
196	600
68	600
381	600
528	600
524	600
118	600
249	600
260	600
382	600
595	600
539	600
128	600
532	600
139	600
363	600
495	600
67	600
24	600
45	600
200	600
461	600
566	600
182	600
436	600
431	600
172	600
172	600
555	600
377	600
439	600
146	600
559	600
173	600
29	600
119	600
18	600
382	600
406	600
290	600
4	600
558	600
279	600
300	600
20	600
396	600
545	600
426	600
535	600
585	600
110	600
126	600
47	600
373	600
307	600
521	600
363	600
459	600
385	600
335	600
284	600
478	600
190	600
150	600
223	600
438	600
545	600
164	600
78	600
290	600
266	600
549	600
90	600
107	600
167	600
542	600
291	600
523	600
75	600
569	600
207	600
25	600
8	600
405	600
289	600
506	600
574	600
33	600
329	600
518	600
556	600
45	600
346	600
292	600
331	600
220	600
152	600
290	600
131	600
178	600
456	600
125	600
428	600
535	600
274	600
81	600
22	600
69	600
161	600
125	600
228	600
419	600
171	600
599	600
475	600
62	600
491	600
104	600
537	600
193	600
148	600
419	600
89	600
153	600
456	600
159	600
51	600
408	600
71	600
102	600
295	600
484	600
155	600
513	600
434	600
90	600
512	600
499	600
409	600
492	600
449	600
479	600
18	600
565	600
85	600
174	600
427	600
85	600
593	600
249	600
298	600
302	600
63	600
487	600
59	600
65	600
444	600
291	600
440	600
21	600
207	600
414	600
426	600
141	600
156	600
60	600
222	600
293	600
537	600
318	600
459	600
289	600
448	600
155	600
208	600
50	600
195	600
211	600
491	600
542	600
126	600
258	600
443	600
474	600
542	600
470	600
143	600
7	600
152	600
5	600
447	600
527	600
588	600
173	600
208	600
362	600
415	600
193	600
174	600
345	600
120	600
165	600
465	600
462	600
146	600
487	600
90	600
110	600
312	600
74	600
175	600
517	600
392	600
16	600
546	600
468	600
494	600
443	600
8	600
593	600
105	600
432	600
237	600
395	600
594	600
376	600
340	600
183	600
48	600
372	600
572	600
188	600
505	600
85	600
239	600
169	600
59	600
598	600
276	600
358	600
105	600
6	600
60	600
541	600
297	600
238	600
497	600
566	600
42	600
259	600
218	600
353	600
410	600
272	600
316	600
44	600
341	600
171	600
235	600
313	600
419	600
34	600
38	600
122	600
72	600
90	600
288	600
324	600
127	600
268	600
570	600
397	600
56	600
268	600
133	600
100	600
270	600
72	600
158	600
348	600
526	600
305	600
339	600
580	600
441	600
593	600
418	600
62	600
314	600
161	600
472	600
42	600
75	600
597	600
398	600
430	600
338	600
191	600
48	600
132	600
497	600
85	600
320	600
384	600
131	600
416	600
7	600
172	600
162	600
242	600
563	600
82	600
454	600
355	600
68	600
446	600
48	600
559	600
169	600
54	600
60	600
327	600
432	600
142	600
493	600
243	600
594	600
524	600
266	600
505	600
188	600
397	600
590	600
157	600
346	600
130	600
494	600
14	600
590	600
459	600
243	600
360	600
198	600
78	600
143	600
466	600
372	600
563	600
516	600
262	600
239	600
63	600
264	600
489	600
190	600
251	600
565	600
215	600
397	600
449	600
381	600
532	600
440	600
291	600
50	600
65	600
540	600
399	600
595	600
49	600
421	600
235	600
275	600
270	600
250	600
177	600
340	600
85	600
125	600
383	600
369	600
131	600
390	600
190	600
425	600
370	600
175	600
420	600
278	600
397	600
10	600
536	600
29	600
468	600
511	600
290	600
105	600
579	600
450	600
596	600
8	600
237	600
417	600
385	600
487	600
57	600
218	600
505	600
353	600
102	600
371	600
334	600
162	600
489	600
164	600
6	600
187	600
351	600
454	600
589	600
470	600
145	600
71	600
526	600
104	600
412	600
101	600
173	600
198	600
377	600
128	600
589	600
440	600
568	600
293	600
481	600
27	600
539	600
124	600
305	600
507	600
442	600
43	600
443	600
477	600
547	600
395	600
347	600
410	600
428	600
472	600
561	600
407	600
167	600
551	600
6	600
217	600
304	600
224	600
570	600
263	600
558	600
282	600
580	600
536	600
348	600
381	600
79	600
347	600
98	600
187	600
142	600
293	600
221	600
96	600
60	600
452	600
591	600
537	600
226	600
130	600
524	600
281	600
534	600
422	600
347	600
37	600
92	600
69	600
158	600
353	600
164	600
102	600
414	600
60	600
71	600
50	600
85	600
567	600
399	600
98	600
241	600
403	600
19	600
171	600
194	600
39	600
451	600
260	600
409	600
249	600
382	600
448	600
172	600
4	600
406	600
167	600
562	600
87	600
597	600
487	600
272	600
511	600
334	600
31	600
157	600
266	600
410	600
84	600
64	600
100	600
5	600
85	600
196	600
176	600
388	600
241	600
598	600
44	600
38	600
585	600
43	600
350	600
12	600
15	600
80	600
197	600
494	600
589	600
151	600
144	600
276	600
547	600
170	600
451	600
517	600
328	600
88	600
153	600
144	600
417	600
121	600
563	600
237	600
328	600
248	600
333	600
462	600
84	600
164	600
458	600
391	600
430	600
562	600
494	600
319	600
516	600
171	600
361	600
386	600
230	600
526	600
324	600
261	600
117	600
114	600
540	600
398	600
587	600
329	600
467	600
293	600
166	600
252	600
221	600
362	600
359	600
591	600
456	600
508	600
207	600
393	600
173	600
83	600
440	600
443	600
540	600
252	600
313	600
466	600
332	600
295	600
308	600
83	600
191	600
293	600
594	600
354	600
147	600
475	600
270	600
502	600
373	600
438	600
382	600
124	600
561	600
18	600
45	600
143	600
164	600
27	600
318	600
225	600
322	600
255	600
387	600
369	600
308	600
366	600
508	600
337	600
569	600
94	600
220	600
154	600
573	600
408	600
444	600
6	600
319	600
297	600
235	600
418	600
396	600
486	600
333	600
374	600
153	600
223	600
463	600
155	600
517	600
174	600
13	600
416	600
413	600
453	600
187	600
336	600
281	600
73	600
344	600
395	600
340	600
470	600
417	600
263	600
482	600
104	600
58	600
43	600
74	600
388	600
246	600
401	600
330	600
329	600
423	600
302	600
137	600
599	600
105	600
151	600
455	600
290	600
217	600
297	600
145	600
522	600
276	600
540	600
297	600
202	600
98	600
461	600
243	600
298	600
417	600
119	600
362	600
196	600
29	600
541	600
304	600
40	600
469	600
87	600
60	600
52	600
385	600
455	600
462	600
324	600
567	600
303	600
182	600
369	600
109	600
208	600
123	600
169	600
361	600
9	600
215	600
60	600
85	600
306	600
71	600
126	600
318	600
364	600
217	600
293	600
131	600
80	600
486	600
225	600
90	600
512	600
511	600
322	600
222	600
414	600
219	600
291	600
45	600
39	600
558	600
538	600
102	600
59	600
590	600
384	600
328	600
572	600
583	600
163	600
93	600
392	600
326	600
197	600
165	600
12	600
587	600
385	600
55	600
431	600
127	600
346	600
18	600
105	600
13	600
24	600
26	600
158	600
245	600
120	600
134	600
131	600
355	600
462	600
486	600
452	600
119	600
170	600
594	600
375	600
53	600
436	600
582	600
473	600
164	600
517	600
274	600
434	600
516	600
140	600
173	600
383	600
416	600
361	600
433	600
277	600
580	600
489	600
185	600
485	600
464	600
463	600
8	600
376	600
217	600
324	600
547	600
88	600
161	600
306	600
446	600
416	600
317	600
210	600
565	600
537	600
493	600
320	600
536	600
242	600
232	600
104	600
210	600
436	600
469	600
376	600
235	600
431	600
6	600
514	600
112	600
468	600
199	600
508	600
188	600
153	600
221	600
29	600
401	600
410	600
265	600
150	600
575	600
458	600
491	600
338	600
293	600
485	600
451	600
228	600
549	600
121	600
91	600
76	600
592	600
465	600
481	600
117	600
59	600
461	600
505	600
22	600
530	600
266	600
326	600
579	600
409	600
513	600
417	600
23	600
274	600
439	600
42	600
216	600
264	600
33	600
491	600
439	600
338	600
273	600
197	600
347	600
19	600
201	600
161	600
273	600
582	600
435	600
473	600
482	600
550	600
146	600
415	600
409	600
20	600
257	600
451	600
311	600
154	600
110	600
498	600
549	600
180	600
115	600
17	600
477	600
254	600
193	600
145	600
230	600
120	600
497	600
69	600
274	600
143	600
232	600
495	600
285	600
589	600
285	600
576	600
420	600
576	600
315	600
86	600
152	600
376	600
230	600
7	600
270	600
442	600
308	600
356	600
460	600
586	600
97	600
57	600
50	600
269	600
286	600
137	600
122	600
236	600
112	600
103	600
381	600
108	600
193	600
511	600
300	600
155	600
325	600
186	600
72	600
13	600
202	600
184	600
270	600
516	600
124	600
560	600
26	600
502	600
181	600
571	600
167	600
64	600
142	600
495	600
481	600
73	600
141	600
16	600
359	600
177	600
219	600
336	600
160	600
136	600
23	600
414	600
481	600
323	600
28	600
501	600
160	600
33	600
109	600
91	600
528	600
563	600
49	600
562	600
305	600
522	600
534	600
380	600
499	600
43	600
454	600
87	600
311	600
525	600
128	600
552	600
586	600
99	600
597	600
107	600
47	600
469	600
169	600
353	600