414	198
543	422
57	421
551	435
487	325
126	302
64	409
346	80
386	150
101	345
196	180
222	136
495	338
599	518
366	114
587	498
217	144
425	216
367	117
423	213
416	202
110	329
87	370
153	254
65	408
345	78
328	49
497	341
380	138
445	252
370	122
376	132
528	396
362	108
490	330
189	192
382	142
594	509
115	320
245	96
51	431
150	260
454	267
590	503
67	404
82	378
227	126
137	283
243	99
426	219
293	12
7	508
450	260
528	395
191	189
441	245
425	216
388	153
20	485
134	287
20	485
164	236
46	441
416	201
511	365
435	234
486	322
400	173
514	371
418	204
403	179
543	422
380	138
591	504
193	186
507	359
410	190
270	52
373	126
201	171
479	311
270	52
39	453
87	369
450	260
298	3
30	468
311	19
115	321
302	4
471	296
342	73
130	294
500	346
85	372
334	60
67	404
537	411
568	465
414	197
362	107
19	487
355	96
482	316
384	145
529	397
589	500
43	445
553	439
477	306
475	303
417	203
590	503
153	255
148	263
31	467
264	63
21	484
437	237
523	387
45	442
314	24
154	253
123	306
130	295
403	178
43	446
600	519
203	168
194	183
426	219
71	397
411	193
39	453
52	430
468	292
149	261
226	128
405	182
371	124
153	255
32	464
414	197
158	246
38	454
129	296
243	99
306	11
111	328
541	417
259	71
265	61
505	356
591	505
148	263
0	519
350	86
574	474
127	300
457	272
76	389
40	451
515	373
584	493
503	352
329	50
559	449
211	155
440	242
572	472
11	500
427	220
563	456
57	421
226	129
582	488
242	100
540	416
382	143
321	36
300	1
382	143
426	219
283	30
104	339
375	130
585	494
264	62
173	220
67	403
483	317
324	42
140	278
525	390
200	174
505	356
122	308
48	437
440	242
397	168
580	485
389	154
188	194
355	96
314	24
142	274
52	430
453	265
410	191
464	284
77	387
488	326
454	267
508	360
409	189
386	150
430	226
452	263
178	212
437	237
125	303
128	298
26	474
427	220
295	9
307	13
313	22
257	74
579	483
192	187
271	50
261	68
397	169
499	345
542	420
445	251
1	518
111	327
128	298
149	261
495	338
7	508
515	373
256	77
130	295
31	467
246	93
390	157
54	426
52	429
546	427
326	46
389	154
459	275
55	425
332	55
206	163
487	325
376	132
510	364
282	32
567	463
432	229
111	328
69	400
17	491
421	209
189	193
274	46
76	388
545	424
420	208
11	500
244	98
339	67
525	390
55	424
177	213
49	435
357	99
582	488
7	507
274	46
522	384
326	45
502	350
391	158
160	243
600	519
42	447
331	54
87	370
593	507
50	434
40	451
566	461
111	327
215	148
426	218
161	241
188	195
45	442
201	171
272	48
514	371
178	211
485	321
137	283
434	233
248	91
118	316
236	111
298	3
100	346
223	134
345	79
195	182
409	189
302	4
412	194
574	474
370	121
202	170
374	128
172	222
122	308
498	344
275	44
384	145
186	197
543	421
463	282
55	424
15	494
519	379
274	46
504	353
345	78
232	118
242	101
502	350
131	293
355	95
425	216
13	497
341	71
572	472
70	398
314	25
375	131
113	324
390	156
531	401
132	291
456	271
367	117
391	158
453	266
410	190
524	388
498	344
36	457
567	463
452	263
448	256
140	278
40	450
316	28
386	150
470	294
473	300
158	247
229	124
323	40
43	445
128	299
140	277
592	506
78	385
5	512
426	219
174	219
417	203
77	386
162	240
152	257
430	225
513	370
421	209
244	98
261	67
541	417
63	411
412	194
503	352
26	475
299	2
511	365
141	275
63	410
190	190
533	403
181	206
535	408
40	450
328	48
67	403
387	151
441	245
517	376
396	166
138	281
413	196
437	237
224	132
177	213
453	266
474	301
599	518
47	438
468	291
157	248
143	272
457	273
325	44
346	80
414	198
365	113
151	258
541	418
53	428
528	396
517	376
242	100
363	110
179	209
213	151
199	175
545	425
433	231
181	207
72	395
413	196
370	121
78	384
181	207
529	397
470	294
251	85
274	45
447	254
369	120
330	52
346	80
52	430
493	334
321	37
206	163
505	356
291	16
303	5
108	332
564	458
45	442
291	15
3	514
104	339
104	339
96	353
442	246
468	291
478	308
14	495
243	99
529	397
550	434
91	363
406	183
177	213
460	277
275	44
560	450
109	331
510	364
210	157
537	411
26	474
213	151
559	448
129	297
193	186
178	212
185	200
86	371
137	283
528	396
271	50
243	99
467	289
328	48
336	62
65	407
292	14
227	127
421	209
172	222
11	501
89	366
73	394
184	202
423	213
553	438
87	370
484	319
18	488
516	375
321	37
340	70
236	111
212	152
343	75
375	131
123	306
108	332
518	378
493	334
387	151
84	375
489	328
11	500
114	322
184	201
50	433
228	125
191	189
148	264
316	28
365	112
152	257
126	301
463	283
306	11
556	443
577	480
474	302
585	494
481	313
17	491
535	407
559	449
472	298
160	242
409	189
39	452
134	287
323	40
116	319
507	359
561	453
140	277
495	338
235	112
235	112
541	418
482	316
172	222
261	68
74	391
420	208
272	48
339	68
357	99
402	177
19	487
254	80
189	193
104	339
349	85
109	331
73	394
229	123
150	260
381	141
555	442
375	130
353	92
190	191
205	164
552	436
545	425
581	487
82	377
452	264
312	21
378	135
12	499
26	474
466	287
308	14
470	295
456	270
508	360
357	99
417	203
515	373
209	158
14	496
365	113
350	86
439	241
372	125
244	98
11	500
489	327
593	507
55	424
111	328
114	323
114	323
289	20
454	267
196	180
466	287
367	117
62	413
352	91
423	214
173	221
245	95
142	274
313	23
533	404
320	35
402	177
109	331
414	198
339	67
393	162
576	478
486	322
252	83
298	4
593	508
430	226
518	377
331	54
280	35
326	45
220	138
250	86
310	17
99	348
403	178
194	183
189	193
137	283
517	376
343	74
40	450
408	187
519	379
387	151
369	119
436	235
569	467
319	33
84	375
336	63
533	403
65	408
355	95
175	217
322	39
124	305
522	384
466	287
92	361
234	114
570	468
514	371
101	345
595	512
168	229
45	442
174	219
596	513
359	102
250	87
33	463
363	110
260	70
549	431
549	431
479	311
3	514
235	113
579	483
59	418
537	410
168	229
537	411
321	37
535	407
548	429
386	149
595	512
255	79
147	265
278	39
412	195
421	210
468	292
29	469
415	199
355	95
439	241
596	513
254	80
380	139
365	112
201	171
218	142
168	229
591	505
250	86
288	21
290	18
537	411
465	286
230	121
76	389
591	505
200	173
391	158
107	334
3	515
350	86
556	444
377	133
142	274
78	385
13	497
90	364
298	4
253	82
236	111
481	313
185	200
200	173
192	187
142	274
578	481
169	227
490	329
65	407
530	399
313	22
156	250
598	516
48	437
511	366
52	429
544	423
452	264
259	72
55	425
160	242
470	294
26	474
376	132
45	442
600	519
596	513
87	370
140	277
407	185
36	457
77	387
569	467
179	209
41	448
334	59
314	25
437	238
447	254
100	347
473	300
22	482
265	61
48	437
415	199
149	261
498	344
520	382
201	171
510	364
321	36
387	151
28	472
26	474
522	384
433	230
422	211
534	405
389	155
328	48
423	214
122	309
187	196
160	243
458	274
97	352
384	145
544	423
24	478
224	132
319	34
104	340
33	462
85	373
277	40
243	99
481	313
600	519
522	384
162	240
401	175
215	148
185	200
267	57
162	240
307	13
350	87
184	202
249	89
497	342
191	189
598	516
56	423
529	397
458	274
576	478
418	204
70	399
245	95
271	51
238	108
410	190
568	465
82	378
208	160
171	224
574	474
39	453
589	500
140	277
305	9
210	157
93	358
325	43
596	513
77	386
470	294
111	327
200	173
357	99
80	382
46	440
149	261
132	292
447	254
526	392
300	1
501	348
207	162
418	205
396	167
487	325
57	421
438	240
526	391
571	469
533	404
560	451
34	461
569	467
243	99
495	338
190	190
365	112
364	111
143	273
77	386
287	22
41	448
111	327
417	203
584	493
275	43
351	89
438	240
470	295
378	136
5	511
254	80
444	249
520	382
580	485
211	154
91	362
484	319
94	357
360	104
175	216
39	453
328	49
329	51
445	252
336	62
589	500
170	225
589	500
316	28
583	490
456	271
398	170
91	363
48	436
84	374
51	432
167	230
146	267
513	370
496	340
112	326
338	66
82	377
393	161
274	46
214	149
455	269
74	392
571	470
412	195
178	212
284	28
401	175
313	23
347	82
557	446
188	194
127	300
77	386
62	413
516	375
309	16
136	285
472	298
79	383
254	80
534	406
108	333
472	298
509	362
458	274
198	177
482	316
504	354
140	278
352	90
8	506
577	480
287	22
340	69
420	208
414	197
466	287
146	267
84	374
253	81
436	235
223	134
22	481
561	452
384	146
534	406
360	104
361	106
595	511
67	404
194	184
113	324
505	356
223	134
487	324
401	175
246	93
276	42
390	157
473	300
360	105
188	195
43	446
417	203
128	299
477	307
354	93
590	503
56	423
90	364
238	108
329	51
210	157
59	418
309	15
380	138
234	115
63	410
419	206
350	86
201	172
217	144
585	494
217	144
143	272
52	429
159	245
522	385
261	68
18	489
360	104
219	141
11	500
81	380
254	80
91	363
478	309
483	317
309	16
134	287
172	222
312	21
156	250
91	363
523	387
115	321
336	63
31	467
252	84
44	443
219	140
253	81
467	289
596	513
163	237
393	162
111	327
199	175
285	26
112	326
248	90
56	423
555	442
227	126
461	279
272	48
114	322
571	470
133	289
40	451
50	434
212	153
340	70
28	471
254	80
14	495
177	213
365	113
318	31
454	267
93	359
390	156
25	476
369	119
533	403
47	439
514	371
436	235
235	112
149	262
56	423
431	228
45	442
37	455
157	248
65	407
522	384
113	324
325	44
118	315
546	426
333	58
432	229
305	9
299	2
255	79
431	227
149	262
529	397
143	272
341	72
71	397
430	226
235	113
76	388
309	15
224	132
350	87
147	266
532	402
74	391
548	429
248	91
567	463
564	457
276	41
194	183
415	200
403	179
380	138
309	15
494	336
185	199
105	338
408	188
489	328
66	405
135	286
335	61
385	148
329	51
83	376
358	100
568	464
450	260
439	241
175	216
580	486
567	462
396	166
50	433
480	312
157	248
422	212
220	139
144	271
587	498
557	446
508	361
281	34
537	410
258	73
246	94
174	219
213	151
380	138
271	51
179	209
253	82
518	378
475	303
143	272
324	42
112	326
508	360
155	251
282	31
118	316
400	174
397	169
352	90
429	223
220	138
486	323
321	36
209	158
380	138
18	488
438	239
41	449
71	397
486	323
281	34
550	434
72	396
296	7
263	64
429	223
240	104
303	5
275	44
394	163
410	190
147	266
434	232
296	7
241	103
309	16
149	261
264	62
64	409
375	131
289	20
582	488
281	34
324	41
89	365
421	210
97	351
553	438
510	364
3	514
233	117
552	436
194	183
131	293
301	2
134	288
317	30
78	384
156	249
408	187
153	255
285	27
192	188
447	254
497	342
380	138
468	291
421	209
339	68
189	193
185	199
58	420
243	99
435	234
500	346
224	132
477	307
518	377
337	64
287	22
410	190
395	164
351	88
139	279
449	258
597	514
334	60
350	86
497	341
17	490
333	58
476	305
30	468
531	400
447	254
211	154
375	131
303	5
290	18
73	393
465	286
40	451
250	86
314	25
582	488
260	69
514	371
236	111
24	479
476	305
193	185
405	182
438	240
52	429
416	201
468	292
497	341
467	290
451	261
198	177
503	351
348	83
365	112
430	226
95	356
484	319
12	499
412	194
556	444
390	157
246	94
280	35
463	282
112	326
225	130
17	491
36	458
35	459
558	447
570	468
268	55
244	98
520	381
45	442
162	240
51	431
278	39
539	414
179	209
343	75
534	405
403	179
41	448
296	8
175	216
268	56
82	377
137	283
301	2
16	492
595	512
585	494
451	262
220	138
381	140
577	480
544	423
139	279
291	16
377	134
49	435
427	221
152	256
378	136
456	271
533	404
341	71
238	108
54	427
560	451
329	51
434	232
465	286
278	38
16	493
95	356
466	288
215	147
219	141
313	22
341	71
223	133
537	410
357	99
498	343
117	317
21	484
500	346
537	410
244	97
183	203
330	53
593	508
515	373
304	7
303	5
524	389
361	106
489	328
315	27
412	194
409	189
330	52
94	357
328	48
7	507
255	79
414	197
87	370
295	9
246	93
33	463
15	494
217	144
537	410
312	21
590	502
561	452
49	435
453	265
309	16
276	41
375	131
531	400
231	120
245	95
481	313
437	237
568	464
557	445
589	500
20	486
82	378
468	292
307	13
532	402
485	320
235	113
183	203
269	54
166	233
141	276
209	158
119	313
296	7
565	460
121	310
600	519
81	380
329	51
386	150
4	513
549	431
192	187
580	485
511	366
134	288
263	64
434	232
589	500
559	448
74	392
358	101
14	495
269	54
510	364
497	342
320	35
202	170
390	157
342	73
297	6
460	278
123	306
572	471
587	498
379	137
369	120
380	138
563	455
494	337
223	134
78	385
63	410
292	14
267	58
507	358
208	159
179	210
362	107
539	415
498	344
561	453
304	8
566	461
403	178
123	306
584	492
25	477
282	31
567	462
92	361
466	288
108	332
100	346
179	210
34	461
304	8
393	161
294	10
209	158
385	148
547	428
556	443
411	192
24	478
494	337
244	97
396	166
168	229
321	37
410	190
581	487
586	496
57	421
224	132
505	355
372	125
443	248
104	339
322	38
115	321
307	13
177	214
477	306
488	326
207	161
317	29
36	458
173	220
298	4
352	90
155	251
220	139
211	154
238	107
315	27
481	313
104	339
391	158
260	69
43	445
160	242
504	354
352	90
548	430
448	257
580	485
75	390
385	147
492	332
419	207
421	210
587	498
455	268
451	261
498	343
369	119
213	151
355	96
241	102
260	69
229	124
546	427
131	293
391	158
460	277
362	108
497	341
467	290
267	58
172	222
254	80
501	349
222	136
93	358
359	102
408	187
397	168
127	300
309	15
291	16
514	371
513	370
337	64
229	123
434	232
264	62
51	432
505	355
355	95
488	326
214	149
246	94
269	54
98	350
595	512
526	391
32	465
338	66
245	95
235	112
230	121
279	36
323	40
346	80
17	490
463	283
362	108
434	232
251	85
319	33
261	67
6	510
357	99
490	330
95	355
353	92
80	382
529	397
475	304
574	474
533	403
497	341
445	252
145	269
595	512
390	157
584	493
493	334
531	400
372	125
139	279
221	137
26	475
367	117
226	128
78	384
195	182
407	185
286	24
373	127
537	410
410	190
73	393
221	137
26	475
126	302
565	459
408	188
322	38
123	306
260	69
91	363
523	386
340	69
119	314
450	260
286	25
364	111
252	83
471	297
594	510
530	398
499	345
371	124
402	177
190	191
395	165
266	60
248	91
578	481
138	281
463	282
108	332
378	135
218	142
308	14
272	49
71	397
230	121
542	419
531	401
72	395
282	32
526	391
101	345
470	294
114	322
122	309
501	349
358	101
62	412
134	287
419	207
138	280
186	198
442	246
263	64
378	136
108	332
507	358
410	190
121	311
455	268
418	205
134	287
281	33
367	116
119	313
235	112
17	490
73	394
393	162
468	292
460	278
336	62
354	93
256	77
315	26
519	379
529	397
395	165
345	79
298	4
580	486
38	454
103	342
198	177
486	323
363	110
523	387
522	384
82	378
193	186
12	499
576	478
532	402
424	215
472	299
586	496
195	182
493	335
344	76
279	36
395	164
520	382
362	107
289	20
478	308
395	165
121	310
524	389
401	176
353	92
198	177
11	500
315	26
11	501
456	270
554	440
469	293
373	127
329	51
339	67
434	233
45	442
201	172
138	280
241	102
369	119
193	186
24	479
357	99
120	312
407	186
157	248
238	107
204	166
404	181
466	287
534	405
464	284
10	502
286	24
108	332
526	391
225	130
58	420
223	134
439	241
577	480
534	406
593	507
443	248
116	319
206	163
426	219
540	416
369	120
93	359
596	513
118	315
189	192
477	306
26	474
564	457
410	190
526	391
285	27
380	138
280	35
578	481
362	107
254	80
212	152
496	340
204	166
559	448
537	410
286	24
84	374
194	183
123	306
511	365
33	463
141	276
448	257
88	367
206	163
245	95
331	54
538	412
48	436
246	93
319	34
9	505
2	516
509	363
169	228
87	369
586	496
30	468
388	152
577	480
287	23
309	16
309	15
519	379
250	86
114	323
160	242
372	125
322	39
418	204
12	499
280	35
503	352
560	450
159	244
388	152
246	93
265	61
567	463
271	50
369	119
485	321
385	147
207	161
559	448
568	465
72	395
576	479
596	513
324	41
421	210
134	288
59	418
18	488
436	236
462	280
202	170
110	329
308	14
481	313
596	513
343	75
446	253
166	232
373	127
315	27
125	303
518	378
62	412
184	202
158	247
516	375
192	187
369	119
201	172
320	35
194	184
409	189
600	519
248	90
527	393
39	452
257	75
370	122
127	300
264	63
129	296
55	425
348	84
96	354
301	2
233	117
85	372
498	344
375	130
365	112
502	350
386	150
75	390
57	422
127	300
367	117
537	410
580	485
525	390
483	317
475	303
451	261
331	54
322	39
486	322
516	375
36	457
438	239
306	11
123	306
291	15
460	277
51	431
557	446
300	1
395	164
1	518
163	237
19	487
285	26
359	102
157	248
548	429
545	424
305	9
459	275
299	2
508	360
389	155
316	28
348	83
449	258
273	47
173	221
145	268
286	24
253	82
466	287
379	137
153	254
315	26
373	127
460	278
175	216
7	508
250	86
86	371
80	382
350	86
268	56
535	407
489	327
365	113
386	149
419	207
261	67
107	335
103	341
456	271
321	37
299	2
505	355
569	466
563	455
280	35
370	122
233	116
282	32
548	429
422	212
116	319
570	468
28	471
320	35
560	450
73	394
151	258
378	136
74	391
373	127
183	203
241	102
541	417
484	319
403	179
39	453
369	120
44	444
499	345
429	224
120	312
549	431
456	271
498	343
24	478
531	401
382	143
328	48
69	400
508	361
519	379
356	97
25	476
3	514
469	293
354	93
363	110
467	290
153	255
312	21
244	97
42	447
546	426
169	228
73	393
469	293
92	360
31	466
389	155
574	474
119	314
92	360
33	463
529	397
318	32
600	519
589	500
225	131
102	343
484	319
423	213
596	513
337	64
18	488
403	179
443	248
328	49
446	253
471	296
497	341
204	167
167	231
508	360
110	329
237	110
386	150
469	293
583	491
85	373
545	425
205	164
506	357
55	424
329	51
507	358
93	359
160	242
259	71
249	89
77	386
402	177
170	225
113	324
127	300
78	384
267	57
146	267
397	169
212	153
544	423
138	280
440	242
31	466
260	69
35	460
466	287
410	191
468	291
110	330
141	275
142	274
274	45
363	109
497	342
151	258
493	334
470	294
543	421
137	282
423	214
404	180
503	351
261	67
237	109
554	441
483	318
526	391
197	179
169	227
507	358
31	466
78	384
35	460
44	443
496	339
274	46
533	403
56	423
457	273
576	478
244	98
356	98
0	519
9	505
175	216
560	451
282	32
395	165
107	335
56	423
94	357
246	94
286	25
397	168
55	424
410	190
210	157
52	429
179	209
289	19
207	162
364	111
77	386
300	1
324	42
106	336
346	80
22	481
314	25
242	101
150	260
286	25
114	322
491	331
56	423
55	424
36	457
571	470
140	278
380	138
372	125
226	129
415	200
529	397
463	282
53	428
539	415
100	346
546	426
7	507
277	40
571	469
242	100
576	479
147	266
34	461
276	41
183	203
265	61
561	452
470	294
536	409
117	318
531	401
512	367
69	400
216	145
161	241
553	439
373	127
257	75
323	40
536	409
398	170
136	284
406	183
239	106
248	90
173	221
592	506
345	79
523	387
181	207
471	296
425	216
112	326
191	189
330	53
245	95
397	169
483	318
143	272
245	96
465	286
142	274
53	428
22	481
56	423
369	120
397	169
263	64
157	248
499	345
464	284
527	393
32	464
153	255
417	203
178	211
553	438
472	299
286	25
505	355
141	276
307	13
492	332
309	15
371	124
134	287
481	314
2	516
45	442
447	254
207	161
9	504
562	454
497	341
484	319
563	455
245	95
21	483
576	479
50	434
496	339
460	278
44	443
138	280
290	18
134	287
130	294
593	507
207	162
38	454
169	228
152	257
317	29
274	45
187	196
563	456
402	177
245	95
578	482
549	431
559	448
92	361
306	10
284	28
442	246
389	154
107	334
235	112
423	214
463	282
28	471
345	79
396	166
170	226
586	496
295	9
334	60
65	408
137	282
187	196
373	126
596	513
311	19
8	506
112	326
185	200
10	503
415	200
416	201
243	99
250	86
391	158
168	229
279	37
157	248
129	297
171	223
10	503
272	48
143	273
545	425
402	177
548	429
149	261
176	215
529	397
511	365
245	96
369	119
576	478
179	209
265	61
160	242
340	69
260	70
272	48
432	229
360	105
240	105
506	357
350	86
276	42
548	429
214	150
338	66
337	64
220	139
509	362
8	506
172	222
231	119
153	254
7	507
476	305
148	263
26	474
57	421
167	230
466	288
594	510
555	442
105	338
578	481
5	511
65	407
496	340
353	92
414	198
6	510
244	97
427	220
514	371
22	482
219	140
300	1
19	487
270	52
316	28
371	123
540	416
330	53
499	345
260	69
140	278
99	348
151	258
268	56
293	12
162	239
598	516
188	194
481	313
84	374
171	224
24	479
345	79
597	514
226	128
25	477
250	86
482	315
494	336
422	211
220	138
451	261
530	398
539	414
536	409
519	379
15	494
259	72
83	376
408	187
575	477
42	447
385	148
447	254
305	9
345	79
30	468
440	242
467	290
168	229
580	485
206	163
594	510
587	497
190	190
261	67
280	35
549	431
453	265
422	212
9	505
15	494
472	298
339	67
24	478
92	361
395	164
194	183
318	31
168	229
296	7
301	2
280	35
254	80
22	482
374	129
32	464
403	179
319	34
75	390
90	364
342	73
554	441
481	313
342	73
314	25
507	359
29	470
120	312
537	410
232	118
529	397
412	194
313	22
282	31
402	177
511	366
272	48
449	259
598	516
171	224
164	235
405	182
158	246
294	10
541	417
261	68
93	359
350	86
569	467
354	93
306	11
410	190
399	172
581	487
138	280
183	203
214	149
496	339
367	117
88	367
194	184
137	282
440	243
169	227
350	86
362	107
557	445
45	442
498	343
48	436
276	41
484	319
213	151
396	166
450	260
593	507
54	427
384	146
286	24
386	150
125	304
323	40
281	33
518	377
426	219
423	214
488	326
579	484
58	419
171	223
181	207
413	196
427	220
594	509
529	397
597	515
418	204
432	229
507	358
272	48
319	33
162	240
334	60
283	30
49	435
537	410
545	425
384	146
326	45
301	2
586	495
78	384
374	129
166	232
205	164
436	235
404	181
162	239
232	118
396	167
566	461
517	376
210	157
499	345
138	280
569	466
172	222
214	150
583	490
559	449
284	28
278	38
118	315
324	42
270	53
178	211
300	1
29	470
60	416
565	459
320	35
490	330
293	12
220	139
570	468
574	475
234	114
322	38
263	64
313	22
223	133
432	229
559	449
370	122
15	494
190	191
221	137
276	41
476	305
370	122
7	507
561	453
581	487
469	293
97	352
201	171
309	15
243	99
429	224
123	306
161	241
126	302
271	50
411	193
299	2
62	412
406	183
39	453
553	438
63	410
431	228
122	309
293	13
551	435
405	182
158	247
281	34
434	233
65	407
106	337
47	439
437	238
258	73
7	507
318	31
152	257
431	227
377	134
180	208
21	484
97	351
391	158
416	202
377	133
40	450
124	305
594	509
18	489
238	107
494	336
125	303
51	432
52	430
103	341
5	512
365	112
14	496
84	374
179	209
423	214
541	417
385	148
593	507
423	214
131	293
278	39
234	114
11	501
63	411
141	276
200	174
504	354
191	189
411	193
506	357
123	306
71	397
235	112
69	401
550	433
354	94
252	84
400	174
294	11
204	166
347	81
505	355
501	349
263	64
384	145
214	149
223	134
162	239
304	7
304	8
7	507
28	471
494	336
31	467
281	33
414	198
279	37
574	475
143	272
285	27
290	17
258	73
128	299
373	126
19	487
258	73
256	77
492	332
35	459
302	3
272	49
158	246
329	50
56	423
283	29
443	248
3	514
274	46
452	264
377	133
10	503
598	517
292	14
515	372
387	151
208	159
227	127
99	349
69	401
398	170
4	513
86	371
530	399
265	61
186	197
197	179
506	357
81	379
361	106
341	71
73	394
414	198
571	470
202	170
571	469
508	360
25	477
339	67
244	98
530	398
556	443
402	177
462	280
207	162
475	303
467	289
229	123
142	274
313	22
547	428
462	280
315	26
130	294
14	495
333	57
54	427
84	375
564	457
14	496
140	278
202	170
467	289
212	152
50	433
189	193
235	113
163	237
590	502
473	300
290	17
78	384
373	127
136	285
574	475
331	54
270	52
228	125
165	234
400	174
220	138
31	467
499	345
117	318
421	210
463	282
91	363
593	507
167	231
276	41
276	41
245	95
524	388
63	410
107	335
338	66
175	217
88	368
530	399
471	296
481	313
246	93
334	59
55	424
544	423
582	489
239	106
470	294
592	506
115	321
276	41
455	269
489	327
105	338
274	45
321	37
115	321
294	11
466	287
189	193
588	499
395	165
565	459
193	186
545	424
343	74
520	381
546	427
92	361
498	344
530	399
227	126
341	72
280	35
202	170
566	461
58	420
275	43
473	300
533	403
45	442
27	473
248	91
381	140
301	2
299	2
30	468
487	325
185	199
283	30
222	136
145	269
429	224
192	188
569	466
269	54
435	234
488	326
579	484
412	195
510	364
517	376
196	181
327	47
395	165
519	379
276	41
243	99
84	374
164	236
299	2
145	268
300	1
487	325
174	218
244	97
357	99
204	167
242	100
317	29
449	259
181	206
539	415
178	211
475	303
318	32
9	505
52	429
110	330
16	492
463	282
83	376
396	167
59	417
325	43
212	153
289	19
240	104
231	119
170	226
231	119
39	452
326	46
203	168
129	296
291	15
392	159
525	390
23	480
291	15
184	201
447	254
238	107
84	374
95	355
78	384
92	360
291	16
44	444
172	222
57	422
85	372
113	324
391	158
15	494
279	37
264	63
146	267
528	395
168	229
366	115
203	169
31	467
298	4
49	435
221	137
470	295
421	209
346	80
480	312
213	151
509	363
84	374
408	188
335	61
307	13
141	275
68	402
164	235
283	30
28	471
472	298
566	461
235	112
61	415
431	227
330	52
455	268
470	294
532	402
41	448
5	512
448	257
486	323
361	106
76	389
473	300
457	273
284	28
11	500
95	355
477	306
58	419
21	484
507	358
6	509
430	226
230	121
123	307
540	416
579	484
214	149
589	501
537	410
458	274
586	495
72	396
377	133
374	128
522	384
574	474
246	93
422	211
19	487
241	102
589	501
512	368
332	55
302	4
101	345
542	420
285	26
100	347
192	187
579	484
134	288
256	76
467	290
475	303
384	145
396	166
381	141
242	101
288	21
222	135
148	264
531	401
410	190
162	239
537	410
393	162
413	196
84	374
49	435
535	408
106	337
322	38
254	80
467	290
148	263
550	433
151	259
158	247
264	62
332	55
453	265
11	500
414	198
436	235
35	459
83	376
580	485
395	165
354	93
449	258
70	399
204	167
392	160
205	164
96	353
596	513
582	489
128	298
291	16
401	175
63	410
410	190
526	392
317	30
199	175
301	2
295	9
524	388
439	241
440	242
368	118
456	270
492	332
199	176
69	401
215	148
462	281
200	174
380	138
225	130
331	54
483	317
126	301
358	100
448	256
598	517
553	439
390	157
438	239
97	351
399	171
332	55
287	23
378	135
27	473
333	58
54	426
133	290
328	48
392	160
287	22
41	448
531	400
300	1
316	28
287	23
239	106
326	45
472	298
138	280
199	176
273	47
375	130
412	195
174	219
143	273
168	229
576	478
6	510
569	466
332	55
52	430
485	320
254	80
371	123
555	442
483	317
218	142
444	250
291	15
594	510
559	448
17	490
539	415
183	203
39	453
507	358
401	175
240	104
179	209
545	424
41	449
237	109
576	478
309	15
574	474
588	499
335	61
423	214
17	491
410	190
452	263
499	345
354	93
28	472
334	59
332	56
149	261
65	408
62	413
87	369
131	293
158	247
208	160
112	326
545	425
154	253
587	497
403	179
552	436
304	7
362	108
270	53
491	331
379	137
561	452
116	319
59	418
442	247
384	145
307	13
572	471
584	492
208	159
71	397
298	3
60	416
313	22
509	363
395	164
217	144
204	166
352	90
283	29
571	469
512	367
266	60
488	326
54	426
429	223
226	128
386	149
460	278
514	371
511	366
484	319
78	384
490	329
458	274
219	141
486	322
178	212
479	310
106	336
329	51
592	506
156	250
166	232
433	231
63	411
466	288
537	410
486	322
513	370
7	507
4	513
509	362
530	398
32	464
250	86
171	223
81	379
106	337
220	138
226	128
369	119
481	313
257	74
484	319
212	152
305	9
560	451
534	405
476	305
395	164
513	370
50	433
533	403
314	24
365	113
149	262
43	445
65	408
332	56
9	505
387	151
258	73
463	283
253	82
250	87
171	224
343	75
102	344
90	364
433	230
71	397
144	271
151	258
541	418
435	234
23	480
246	94
566	461
567	462
65	408
176	215
494	336
102	343
537	410
433	231
501	349
4	513
354	94
314	25
256	77
67	403
536	409
486	323
395	164
35	460
447	255
275	44
367	116
327	47
519	379
43	445
565	460
22	481
40	450
412	194
62	413
276	42
377	133
581	487
526	391
433	230
589	501
74	391
115	321
84	375
595	511
166	233
482	316
109	331
410	191
5	511
565	460
69	400
41	448
429	224
143	273
303	6
288	21
563	455
421	209
104	339
363	109
352	91
81	380
446	253
300	1
333	58
220	138
133	290
208	159
100	347
61	414
210	157
199	175
334	60
405	182
344	77
344	77
472	299
266	59
448	257
157	248
354	93
486	323
133	289
155	252
564	458
250	86
7	507
203	169
323	40
553	439
486	323
190	190
228	125
360	104
597	515
203	169
59	418
204	167
436	235
158	246
120	312
402	177
507	359
15	494
22	481
60	416
3	515
284	28
49	435
463	282
522	384
589	500
17	490
395	165
408	187
371	123
63	410
100	346
267	57
288	21
537	410
129	296
66	406
335	61
437	237
438	239
144	271
68	402
552	436
457	272
250	86
14	496
284	28
157	248
555	442
118	315
307	12
297	6
352	90
511	366
123	307
559	448
78	385
308	14
406	184
68	402
134	288
241	102
493	334
424	215
107	334
328	48
418	204
108	332
92	360
427	221
194	183
34	461
41	448
327	47
508	361
258	73
512	368
126	301
540	416
146	267
335	61
575	477
249	88
61	414
340	69
163	237
128	299
189	193
507	358
49	435
524	389
28	472
26	475
54	426
549	432
438	239
144	271
496	339
183	203
329	51
14	496
431	227
523	387
484	319
456	271
109	331
248	90
86	371
357	99
325	43
3	515
61	415
302	4
322	39
497	342
310	17
295	9
94	357
444	249
2	517
34	461
464	284
401	175
163	238
49	435
340	69
306	11
250	86
225	131
449	259
34	461
546	427
507	358
147	265
597	514
340	69
462	280
360	104
477	307
487	324
567	463
594	510
467	289
590	503
87	369
170	226
246	94
549	431
235	112
526	391
92	360
209	158
203	169
413	196
472	298
430	225
246	94
243	99
80	382
556	443
502	350
0	519
382	143
380	138
56	423
447	254
587	498
78	384
434	233
430	225
82	377
403	179
415	199
77	386
429	223
276	41
427	221
475	303
325	44
600	519
497	341
231	119
477	306
430	225
587	498
600	519
393	162
522	385
426	219
163	237
514	371
101	345
220	138
145	268
287	22
148	264
145	269
298	4
210	156
122	308
363	109
63	410
192	188
516	374
436	235
118	316
29	469
434	233
425	216
493	334
17	490
93	358
547	428
126	301
466	287
319	33
389	155
169	228
561	452
277	40
44	444
8	506
385	147
425	217
111	327
579	483
406	183
111	328
52	429
155	252
3	514
331	54
110	330
99	348
457	273
216	146
62	412
235	112
341	72
69	400
446	253
535	408
579	484
150	260
230	121
599	518
130	295
115	321
523	386
288	21
276	41
599	518
523	387
186	197
124	305
95	355
397	169
152	256
255	79
442	246
98	350
515	373
537	410
33	463
291	16
442	246
95	355
385	147
110	329
10	502
349	85
522	384
238	107
395	164
506	357
388	153
482	316
438	240
116	319
590	503
113	325
63	410
112	326
511	366
512	367
66	406
547	428
579	483
127	300
226	128
169	227
411	192
561	453
128	299
372	125
433	230
24	478
415	200
273	47
325	43
307	13
510	364
132	292
434	233
590	502
121	311
5	511
61	415
537	410
87	369
110	330
573	473
328	48
315	27
229	123
319	34
78	384
258	73
435	234
414	198
207	161
565	459
328	48
391	158
14	496
392	160
381	140
537	410
413	196
238	107
197	178
369	120
510	364
477	307
140	278
227	126
541	417
569	466
210	157
558	447
140	278
174	219
87	370
75	390
555	442
350	87
208	160
292	14
569	467
357	99
311	19
112	326
392	159
79	383
46	440
428	222
484	319
89	366
162	239
386	149
33	462
482	315
10	502
271	51
50	433
335	61
231	119
393	162
452	263
173	220
188	194
425	216
522	384
563	455
24	479
452	263
126	302
294	11
188	195
0	519
62	412
90	364
224	132
583	491
390	157
354	93
249	88
449	258
481	313
529	397
89	365
578	481
468	291
474	302
447	254
87	370
499	345
500	347
366	114
176	215
470	294
246	94
512	368
543	422
476	305
42	447
184	201
175	216
325	43
157	248
37	455
524	388
365	112
245	95
67	403
309	15
576	479
539	415
246	94
167	231
401	176
374	128
505	355
391	158
224	132
80	381
77	386
147	266
518	378
184	202
157	248
528	396
129	297
302	4
355	96
562	454
475	304
464	284
276	41
535	407
161	241
199	176
324	41
284	28
252	84
190	191
202	170
44	444
545	425
138	280
372	125
294	10
512	367
534	405
133	289
130	295
89	366
534	406
545	424
190	190
193	185
29	470
573	473
234	115
540	416
32	464
40	451
584	493
275	43
354	93
148	263
487	325
472	299
28	472
415	200
396	166
291	16
309	15
296	8
557	446
202	170
82	377
199	175
522	385
32	464
488	326
26	474
559	449
427	220
159	245
283	30
413	196
505	355
317	30
269	54
81	379
437	237
570	468
540	416
306	11
72	395
283	30
565	459
291	16
27	473
280	35
263	64
584	492
148	263
298	4
579	483
267	57
86	371
298	4
536	409
277	40
71	397
330	52
544	423
89	365
171	224
562	454
76	389
187	196
589	500
522	384
203	169
305	9
51	431
481	313
62	412
15	494
24	478
160	243
434	232
163	238
147	266
517	376
349	85
289	20
588	499
570	468
219	141
534	405
262	66
576	478
505	355
475	303
408	188
306	11
492	332
184	201
209	158
471	297
589	501
377	133
381	140
402	177
521	383
377	134
320	35
445	251
526	392
363	109
417	203
410	191
0	519
488	326
255	78
125	303
372	125
380	138
365	113
346	80
373	126
377	133
83	376
190	191
239	106
499	345
255	78
98	350
248	90
451	261
360	105
377	134
541	418
200	174
293	13
488	326
4	513
149	262
37	455
210	156
99	349
243	99
580	486
276	41
94	357
200	173
120	312
393	162
305	9
45	442
200	174
24	478
540	416
150	260
201	172
127	300
221	137
52	429
266	60
344	77
312	21
104	339
190	190
596	513
16	492
320	35
571	469
254	80
428	222
403	179
199	175
188	194
399	171
65	408
27	473
113	324
52	430
354	93
90	364
295	9
136	285
186	198
231	119
541	417
127	300
167	230
215	148
534	405
85	373
169	228
302	3
199	176
489	327
89	365
198	177
88	368
96	354
488	326
496	339
50	434
440	243
449	259
591	504
278	39
245	95
51	432
77	386
338	66
423	214
78	384
504	354
437	238
366	115
434	233
402	177
305	9
357	99
370	121
117	317
555	442
62	413
125	304
242	101
394	163
110	329
472	298
267	58
365	113
272	48
205	165
466	288
178	211
501	349
425	217
120	312
250	87
501	348
101	345
494	337
220	138
311	19
57	422
402	177
391	158
398	170
537	411
182	204
440	242
14	496
23	480
328	48
317	30
452	263
403	179
132	292
39	452
504	353
85	372
184	202
475	304
138	280
583	490
402	177
340	70
250	87
173	220
568	465
599	518
342	73
78	384
559	449
516	375
213	151
548	429
571	469
131	293
393	162
553	438
149	261
6	509
208	159
30	468
548	429
300	1
312	21
0	519
340	69
507	359
474	301
149	262
347	81
58	420
87	370
358	101
444	249
414	197
196	181
531	400
300	1
67	403
163	237
25	477
47	439
0	519
419	206
537	411
25	477
59	417
114	323
24	479
568	465
45	442
342	73
7	507
347	82
564	458
37	455
339	68
119	313
481	313
500	347
426	219
409	189
458	274
375	131
291	16
217	144
482	316
274	46
208	160
188	194
499	345
110	330
389	155
537	410
250	87
444	249
155	251
399	171
219	140
274	46
88	367
344	76
50	434
412	195
529	397
511	365
522	384
491	331
189	192
97	352
408	188
527	394
225	130
246	94
419	206
452	264
517	376
435	234
425	217
131	293
536	409
314	25
22	482
451	261
483	317
410	191
520	381
255	78
362	108
398	170
126	301
52	430
77	386
163	237
425	217
595	511
320	35
389	155
173	221
454	267
45	442
13	498
563	456
213	151
365	113
160	242
376	132
292	14
272	48
440	243
149	262
428	222
386	149
553	438
257	74
147	265
452	264
513	369
448	257
370	122
22	481
585	494
468	292
7	507
41	448
395	165
241	102
93	358
584	493
193	186
518	378
284	28
198	177
96	354
509	362
86	371
258	73
176	215
93	359
481	314
145	269
32	464
345	78
551	435
59	418
149	261
231	119
438	239
41	448
429	223
137	283
223	133
257	75
77	386
487	325
156	249
279	37
328	48
575	477
166	232
297	5
552	437
286	25
436	235
98	350
237	110
454	267
563	455
460	278
9	505
431	227
202	170
286	25
352	91
389	154
245	96
125	303
193	186
406	184
119	313
256	76
346	80
302	3
97	352
379	137
7	507
253	82
561	453
20	486
445	251
1	518
558	447
475	304
518	377
491	331
174	219
7	508
0	519
35	460
380	138
239	106
311	19
233	117
32	465
509	363
462	281
196	180
160	242
346	80
292	14
142	274
571	469
385	148
227	126
343	74
94	357
52	430
401	176
88	368
47	439
0	519
391	158
477	307
410	191
211	155
410	190
23	480
548	429
597	514
243	99
300	1
51	431
347	82
82	377
517	376
259	72
268	56
46	440
266	59
123	306
483	318
300	1
18	488
245	95
451	261
11	501
419	207
469	293
248	90
235	113
10	503
447	255
538	413
297	6
49	435
245	96
254	80
401	176
455	269
277	40
123	306
464	284
342	73
398	170
395	165
367	117
97	351
159	244
387	151
181	206
466	288
406	183
241	102
347	82
435	234
147	266
287	22
347	82
134	288
578	481
589	500
246	93
119	313
196	181
493	334
75	390
113	324
517	376
292	14
148	264
427	220
191	189
592	506
96	354
538	413
60	416
418	204
171	223
186	198
327	47
530	398
291	15
186	198
363	110
12	499
322	39
389	154
319	33
82	377
90	364
464	285
413	196
568	464
328	49
15	494
5	512
16	492
100	347
138	281
281	33
544	423
523	387
575	477
541	417
471	296
559	448
450	260
233	116
134	287
30	468
285	26
129	297
275	43
259	71
517	376
589	501
463	282
389	154
360	104
358	101
165	234
391	158
329	51
447	254
227	127
265	61
15	494
457	272
415	199
461	279
408	188
203	168
162	240
91	363
35	459
560	450
274	46
378	135
196	181
586	495
472	298
342	73
4	513
458	274
371	124
482	315
41	448
108	332
516	374
510	364
364	111
308	14
8	506
305	9
183	203
241	103
468	292
199	176
77	387
19	487
437	238
447	254
558	447
192	187
470	295
109	331
25	477
291	15
441	245
346	80
70	398
349	85
572	471
146	267
254	80
101	345
222	136
151	258
391	158
1	518
181	206
152	256
477	306
472	299
561	452
80	382
276	41
67	403
350	86
435	234
210	156
169	228
268	55
386	149
478	308
499	345
412	195
384	145
451	261
560	451
448	257
321	36
398	170
227	126
386	149
417	203
183	203
367	117
199	175
525	390
331	54
298	4
600	519
296	8
9	504
169	228
578	482
279	37
66	405
65	407
584	493
516	374
513	370
204	167
266	60
21	483
501	348
478	309
425	216
76	388
21	483
246	94
172	222
593	507
107	335
115	320
546	426
460	278
485	320
78	384
328	48
149	261
369	120
226	128
161	241
508	361
449	259
88	368
343	75
28	471
173	220
357	99
457	272
508	361
134	287
316	28
469	293
39	452
125	303
22	482
238	108
196	180
268	55
495	338
395	164
51	432
157	248
330	52
232	118
294	11
426	218
38	454
326	45
350	86
85	372
50	434
204	166
348	83
155	251
104	340
244	97
204	166
438	240
196	181
540	416
140	278
539	415
350	86
475	304
329	50
96	353
359	102
558	447
347	81
78	385
162	239
589	501
348	83
95	355
225	130
181	207
96	353
240	104
135	286
572	472
533	404
483	318
141	275
37	455
439	241
522	384
522	385
127	300
397	168
91	362
363	110
71	397
245	96
357	99
282	31
2	516
562	454
511	366
192	187
596	513
334	59
462	280
69	401
220	139
488	326
501	348
533	403
246	93
393	161
202	170
466	288
410	191
543	422
194	184
540	416
141	276
99	349
427	221
575	476
190	190
328	48
478	309
451	262
125	304
102	344
251	85
376	132
576	479
564	458
6	510
309	16
499	345
140	277
557	446
523	386
141	276
203	169
104	339
426	219
43	445
283	30
153	254
370	122
537	410
311	19
333	57
538	412
550	433
289	19
558	447
166	232
93	358
24	478
125	303
21	484
512	367
556	444
259	71
498	343
346	80
28	472
320	35
555	442
497	341
151	259
507	358
501	349
142	274
392	160
402	177
243	99
246	94
91	363
69	400
317	29
303	5
539	415
2	516
580	485
78	385
212	153
497	341
447	255
276	41
417	203
342	73
144	270
494	337
334	59
542	420
111	328
32	465
166	232
4	513
175	217
175	216
503	351
300	1
318	31
287	22
452	264
478	309
281	34
470	294
211	154
353	92
373	127
537	410
119	314
158	246
410	191
235	112
317	29
425	217
157	248
136	284
160	243
203	168
31	466
467	289
104	339
116	319
149	262
257	74
452	264
309	15
588	499
322	38
347	81
535	407
525	390
511	366
366	115
339	67
285	26
487	325
431	228
519	380
596	513
17	491
381	140
413	196
167	230
389	155
87	370
491	331
466	287
309	15
461	279
590	502
451	261
134	287
93	359
431	228
564	457
421	209
267	57
229	123
257	75
381	141
598	517
383	144
550	434
178	211
31	467
271	51
70	399
273	47
14	495
311	19
242	101
485	321
42	447
399	171
452	264
492	332
313	22
309	15
278	39
147	265
462	281
578	482
231	119
470	294
324	41
137	283
242	101
339	67
359	102
404	181
217	144
149	261
370	121
531	401
550	434
296	8
198	177
25	476
331	54
231	119
499	345
149	262
418	205
339	68
568	465
280	35
44	444
388	153
224	132
576	479
119	314
175	217
494	336
421	210
579	483
421	209
387	151
400	174
416	201
11	500
226	128
477	306
423	213
494	336
175	216
79	383
275	43
451	261
464	284
25	477
587	498
233	117
372	125
484	319
235	112
63	410
300	1
544	423
544	423
339	67
90	364
348	84
9	504
418	204
351	88
108	332
458	274
168	229
270	52
546	426
129	297
37	455
294	11
388	152
173	220
535	408
471	296
552	436
378	135
67	403
328	48
507	358
448	257
11	500
247	92
185	199
350	86
189	192
126	301
495	338
175	216
257	74
592	506
255	79
328	48
310	18
409	189
192	188
255	78
479	310
188	194
397	168
18	488
36	458
404	181
530	399
500	346
46	441
48	437
375	131
425	217
507	359
309	15
291	16
482	315
508	360
3	514
290	17
183	203
365	112
108	333
48	437
302	3
457	272
3	515
371	124
270	52
466	288
84	375
240	105
577	480
483	317
534	405
72	396
10	503
390	156
4	513
380	138
275	44
324	41
581	487
8	506
491	331
127	300
571	469
249	88
240	104
313	22
220	139
563	455
1	518
522	385
139	279
47	438
13	498
449	258
261	67
574	475
181	206
54	427
78	384
193	186
275	43
421	209
213	151
565	460
501	349
528	395
179	209
81	380
57	421
145	268
442	246
357	99
475	303
8	506
574	475
499	345
466	287
564	457
57	421
272	48
269	54
92	360
174	219
525	390
246	93
201	171
430	226
558	447
482	315
391	158
232	118
47	439
231	120
505	355
173	221
25	476
419	206
597	515
177	214
375	130
71	397
117	318
142	274
567	463
287	23
306	10
328	48
97	351
11	500
481	313
63	411
255	79
490	329
50	433
123	307
496	339
476	305
423	213
566	461
293	12
364	111
367	116
84	374
522	384
282	32
315	26
5	512
481	314
153	254
567	462
33	462
83	376
584	492
378	136
509	362
474	302
13	497
204	166
346	80
473	300
60	416
548	429
515	372
320	35
443	248
324	41
122	308
79	383
273	47
191	189
373	126
172	222
40	450
543	421
501	349
538	412
424	215
499	345
281	33
127	300
397	169
481	313
425	216
115	321
347	81
245	96
32	464
359	102
286	24
286	24
386	150
198	177
9	505
557	445
460	278
328	49
1	518
373	126
500	346
267	58
194	183
100	347
371	124
571	470
81	379
399	171
488	326
464	285
67	404
212	153
497	342
522	384
502	350
18	488
201	171
15	494
474	302
406	184
130	294
288	21
600	519
100	346
280	35
114	323
528	395
447	255
263	64
194	183
517	376
358	100
471	297
448	257
498	343
550	434
78	384
173	220
100	346
559	448
156	250
102	343
548	429
369	119
200	173
146	267
505	356
17	491
523	386
496	340
542	420
253	81
416	201
210	156
365	112
581	487
435	234
78	384
468	292
572	472
561	452
523	386
223	134
253	82
152	257
41	448
362	107
462	280
285	26
213	151
440	242
58	420
90	364
466	288
189	192
302	3
550	433
517	376
319	33
352	91
477	306
474	301
214	150
39	453
143	272
7	507
479	311
475	304
209	158
451	262
485	321
595	511
488	326
338	66
252	83
373	126
546	427
224	132
149	261
332	55
260	69
115	320
593	508
358	101
477	307
134	287
50	433
457	273
415	199
524	388
371	123
6	509
257	75
455	268
281	34
190	191
329	51
3	514
112	326
349	85
437	238
179	209
314	25
535	408
52	429
578	481
134	287
166	232
146	267
119	313
371	124
21	484
484	319
307	13
490	329
282	31
198	177
32	465
91	363
173	220
463	283
492	333
549	432
81	379
212	152
106	337
72	396
215	147
385	148
546	426
24	478
559	448
452	264
580	486
20	486
282	31
67	404
122	309
545	425
157	248
351	89
563	456
267	57
47	438
460	277
583	490
235	112
317	30
596	513
58	419
522	384
314	25
197	179
275	44
230	122
204	166
430	225
581	487
46	441
263	65
457	272
532	402
250	87
304	8
227	127
363	109
351	88
322	39
289	20
140	277
233	117
284	28
458	274
194	183
181	206
156	250
319	33
575	476
522	384
134	287
177	214
402	177
42	447
592	506
583	490
355	96
274	45
71	397
557	446
110	330
537	410
512	367
328	48
214	150
403	178
226	128
169	228
31	466
497	342
317	29
400	174
302	4
308	14
119	314
490	329
118	316
19	487
581	487
31	467
140	278
458	274
27	473
584	492
255	79
285	26
153	255
442	246
374	129
260	69
6	510
590	502
117	317
571	469
36	457
434	232
118	316
122	308
387	151
217	144
429	224
67	403
553	439
71	397
150	260
117	318
330	52
52	429
507	358
520	381
187	196
523	387
114	323
408	187
344	76
134	288
331	54
316	28
243	99
372	125
18	489
264	62
165	234
424	215
522	385
282	31
414	198
276	41
293	12
81	379
119	313
488	326
509	362
208	160
216	145
63	411
586	495
135	286
285	26
534	406
179	210
165	234
97	351
581	487
581	487
561	452
436	235
302	4
384	146
226	129
256	76
538	412
427	220
49	435
140	277
588	499
513	369
525	390
58	420
151	258
172	222
375	130
510	364
507	358
248	90
148	264
256	76
445	251
519	380
365	112
436	235
378	136
121	310
427	220
557	446
438	239
171	224
8	506
455	268
324	41
264	63
276	42
313	23
463	283
501	348
388	152
497	341
99	348
578	481
397	169
215	147
271	51
165	234
91	363
551	435
218	143
51	432
75	390
218	142
544	423
255	79
567	462
304	8
56	423
76	388
41	448
37	455
578	481
58	420
537	411
378	135
534	405
515	373
205	164
52	430
52	429
359	103
320	35
505	356
13	498
41	448
143	273
259	71
11	501
194	184
346	80
87	369
144	270
227	127
183	203
122	308
278	39
449	258
256	76
35	460
61	415
507	359
160	242
134	287
302	3
80	382
78	384
183	203
430	225
501	349
510	364
267	58
369	119
507	359
582	488
350	87
101	345
67	404
378	136
579	483
433	230
1	518
187	196
54	426
362	108
67	403
539	414
440	242
548	429
449	258
479	310
202	170
112	326
554	440
172	222
427	220
23	480
511	366
535	408
175	216
97	352
378	136
322	38
63	410
228	125
408	187
534	406
261	67
593	507
173	221
503	352
137	282
264	62
80	381
21	483
479	310
45	442
185	200
259	71
144	270
119	314
286	24
107	334
250	87
149	261
447	255
246	93
111	328
121	311
213	151
44	444
133	290
458	274
174	218
598	516
31	467
599	518
401	176
155	251
339	68
9	505
392	160
469	293
465	286
594	510
190	191
293	12
532	402
564	458
92	361
491	331
430	225
594	509
348	83
95	355
121	310
334	59
72	395
269	54
546	427
22	481
588	499
340	69
302	4
57	421
485	320
238	108
336	63
235	112
580	485
261	67
532	402
205	165
192	188
209	158
295	9
200	173
477	307
477	307
83	376
436	235
333	57
219	141
154	253
470	294
257	74
399	172
496	339
399	171
233	117
346	80
131	293
319	34
115	321
55	425
119	314
291	15
386	150
293	12
123	306
339	67
319	34
162	240
384	146
91	363
548	429
317	30
250	87
522	384
458	274
242	100
414	197
24	478
368	118
533	403
285	27
62	412
347	81
369	119
540	416
87	369
246	93
96	354
262	66
324	42
516	374
501	349
208	160
92	360
45	442
63	410
44	443
316	28
492	332
92	361
155	251
11	500
537	411
244	98
498	344
522	384
25	476
537	411
331	54
198	177
530	398
365	112
431	228
357	99
293	13
176	215
228	125
413	196
579	484
121	311
291	15
304	8
268	55
584	492
49	435
356	98
226	129
134	287
184	202
167	230
247	92
19	487
219	140
43	445
414	197
464	284
532	402
402	177
309	15
407	186
125	304
553	439
583	490
160	243
449	258
37	456
557	446
346	80
296	8
54	427
515	373
431	227
147	266
452	264
420	208
3	514
502	350
149	261
47	438
484	319
269	54
406	183
403	178
436	236
581	487
13	497
198	177
463	283
363	110
533	404
540	416
407	186
520	382
50	434
399	171
400	174
384	146
79	383
560	450
482	316
553	438
123	306
118	316
293	12
204	166
492	332
593	508
108	333
380	139
110	330
170	226
89	365
153	255
529	397
246	94
286	24
581	487
306	11
4	513
596	513
211	154
192	188
245	96
154	253
287	22
444	250
110	329
445	252
450	260
50	434
539	415
283	29
267	57
19	487
211	154
272	48
533	403
430	226
568	464
118	316
33	463
307	13
451	261
178	211
374	128
428	222
507	358
534	405
505	356
419	206
334	59
444	250
533	403
65	407
63	410
587	498
71	397
235	112
25	477
25	476
469	293
177	214
440	243
126	302
299	2
102	344
418	204
248	91
117	317
248	91
371	124
201	171
210	156
118	315
266	60
31	467
534	406
422	212
351	89
228	125
533	404
417	203
82	378
329	51
34	461
581	487
346	80
49	435
74	391
22	481
504	354
464	285
249	88
571	470
86	371
402	177
187	196
138	280
50	433
422	211
25	477
222	135
169	228
55	425
421	209
103	342
313	22
545	425
227	126
560	451
462	280
111	327
421	210
155	252
254	80
153	254
55	425
298	3
95	355
417	203
178	212
24	478
68	402
6	510
37	455
599	518
368	118
136	284
299	2
382	142
437	237
492	332
582	488
129	296
7	507
158	247
511	365
379	137
187	196
514	371
183	203
274	45
332	56
104	340
537	411
126	302
32	465
393	161
514	371
125	303
596	513
139	279
253	81
172	222
531	400
43	445
571	470
22	482
419	207
560	451
593	507
4	513
563	455
358	100
158	246
164	235
153	254
542	420
573	473
114	322
357	99
362	108
343	75
530	399
292	14
254	80
31	467
301	2
263	65
419	207
430	225
113	324
349	85
276	41
93	359
207	162
192	188
48	437
403	178
227	126
552	436
559	449
171	223
563	456
69	401
432	229
537	410
241	103
186	197
408	188
535	408
526	391
357	99
596	513
384	145
189	192
63	410
214	150
231	120
63	410
146	267
550	434
277	40
270	53
118	316
309	16
440	242
492	333
325	43
197	179
344	76
2	517
405	182
401	175
4	513
424	215
315	26
272	48
324	42
379	137
94	357
397	168
382	142
249	89
322	39
51	432
202	170
382	143
354	94
437	237
299	2
490	330
565	459
82	377
594	510
167	231
373	126
361	106
44	443
385	147
352	91
523	387
315	26
432	229
575	477
179	209
380	139
458	274
326	45
371	123
402	177
401	176
57	421
400	173
444	249
198	177
475	304
29	470
78	384
497	342
115	321
306	10
425	216
175	217
61	415
134	287
65	408
88	367
132	292
121	311
496	339
126	302
246	94
436	235
388	153
457	272
114	323
311	19
432	229
486	322
269	54
249	88
402	177
363	110
360	105
309	16
330	52
511	365
104	339
97	351
400	173
156	249
309	15
43	446
72	396
222	135
179	209
246	93
142	274
318	31
589	500
456	270
64	409
222	135
192	187
172	222
439	241
313	22
41	448
12	499
261	68
69	400
412	194
395	165
516	375
393	162
185	200
577	480
24	478
517	376
590	503
462	280
256	76
70	398
574	474
237	110
0	519
229	124
512	368
398	170
169	227
328	48
74	391
293	12
360	104
166	233
60	416
394	163
216	145
115	320
311	20
387	151
583	490
134	287
265	61
20	485
216	146
346	80
281	33
213	151
494	336
96	354
508	360
179	209
266	59
499	345
77	386
120	312
523	387
45	442
399	172
583	491
278	38
52	429
584	493
132	292
272	48
128	299
229	124
511	366
395	164
48	436
103	342
235	112
266	60
67	404
266	59
417	203
374	128
261	67
340	69
508	360
244	97
171	224
392	160
552	437
91	363
140	278
377	134
158	247
587	497
297	6
565	460
83	376
229	123
396	167
467	290
84	375
192	187
248	90
138	280
194	183
572	471
447	254
320	35
287	22
114	322
307	12
65	408
507	358
238	107
53	428
151	259
125	303
298	3
157	248
464	285
413	196
41	449
171	223
472	299
272	48
58	419
87	370
18	488
582	489
107	335
152	256
145	269
2	517
268	55
211	154
559	448
392	159
542	420
132	292
76	388
57	421
243	99
426	218
328	48
71	397
551	435
6	510
380	138
477	306
492	332
113	324
483	317
95	356
249	88
548	430
103	341
216	145
26	474
321	36
114	322
477	306
570	468
519	379
220	139
471	297
416	201
395	165
395	164
281	33
125	303
298	3
43	445
492	332
533	403
410	190
217	144
8	506
559	449
155	251
467	290
456	271
473	300
400	174
436	236
551	435
380	139
125	304
226	128
457	273
548	430
558	447
48	437
480	312
385	147
66	405
518	378
286	25
531	401
407	186
513	370
426	219
155	252
443	248
282	32
109	331
12	499
467	290
505	355
193	185
529	397
69	401
492	332
535	407
324	41
201	171
352	91
412	195
280	35
554	441
40	451
462	281
280	35
332	56
10	503
451	261
301	2
368	118
279	37
332	56
165	234
516	375
579	484
378	136
222	136
403	179
433	230
357	99
411	192
595	511
58	419
322	39
428	222
51	431
95	355
468	291
75	390
479	310
156	249
451	261
126	301
316	28
233	117
365	113
491	331
276	42
351	88
486	323
260	69
401	175
75	390
268	56
97	351
436	235
520	382
582	489
380	139
403	178
208	160
577	480
470	294
339	68
230	121
390	156
570	468
482	315
587	498
289	20
102	344
24	479
478	309
255	78
135	286
150	260
133	290
546	427
246	93
122	308
586	496
17	490
392	160
122	308
470	294
511	365
254	80
108	332
176	215
241	103
421	209
334	60
437	237
284	28
235	112
421	210
131	293
138	281
301	2
334	60
439	241
31	466
232	118
307	12
257	75
528	395
118	316
197	178
20	486
418	205
421	209
528	396
445	251
551	435
306	11
230	122
181	207
324	41
166	232
505	355
133	289
300	1
328	48
207	161
458	274
405	182
112	326
381	140
177	213
391	158
62	413
310	18
319	33
565	460
497	342
153	255
551	435
319	34
478	308
419	206
370	122
577	480
28	471
516	375
62	412
280	35
347	81
398	170
6	510
527	394
75	390
8	506
4	513
598	516
576	478
169	227
79	383
84	375
311	19
534	405
504	353
36	458
10	502
58	419
120	312
68	402
45	442
453	265
233	116
273	47
423	213
431	227
489	327
219	141
77	386
149	261
582	489
590	502
239	106
305	9
146	267
55	424
276	42
140	278
247	92
544	423
350	86
80	382
556	444
34	461
310	17
64	409
268	55
446	253
21	483
123	306
466	287
107	334
120	312
44	444
279	36
319	34
447	254
250	86
235	112
445	251
87	370
99	349
126	301
81	380
75	390
424	215
414	198
389	155
248	90
278	39
140	278
494	337
30	468
497	342
136	285
153	254
11	500
476	305
198	177
4	513
458	274
567	463
537	410
260	70
291	16
79	383
170	225
244	97
97	352
457	272
305	9
74	392
164	236
510	364
312	21
182	204
455	269
430	225
372	125
208	159
89	365
146	267
583	490
43	446
416	201
182	204
50	433
545	425
285	27
549	431
292	14
574	475
37	456
453	265
301	2
294	11
290	18
149	261
151	259
405	182
102	344
423	213
451	261
578	482
487	324
515	373
203	168
324	42
13	498
77	387
242	101
545	425
150	260
518	378
216	146
179	209
260	70
354	93
560	450
491	331
38	454
213	151
123	306
522	384
447	254
194	184
198	177
475	303
368	118
514	371
228	125
114	323
153	255
440	243
86	371
385	147
95	356
21	483
263	65
68	402
321	37
396	166
103	342
485	320
35	460
59	417
156	250
228	125
174	219
317	29
407	185
170	226
320	35
552	436
304	8
95	355
440	242
399	171
443	248
565	460
557	445
555	442
222	136
256	77
582	489
143	273
493	335
134	287
540	416
520	381
72	396
328	48
545	425
276	42
354	93
253	81
179	209
388	153
244	97
349	85
78	384
280	35
177	213
589	500
9	504
393	162
193	185
67	403
78	384
519	379
290	18
237	109
138	280
486	322
591	504
487	324
0	519
34	461
94	357
305	9
273	47
70	398
170	226
216	145
108	332
452	264
53	428
9	505
367	117
35	460
378	135
337	65
332	55
214	149
564	457
15	494
401	176
240	105
7	507
537	410
455	268
447	254
270	52
559	448
233	116
190	190
61	414
10	502
190	190
170	225
141	275
367	116
287	22
370	121
435	234
160	242
161	241
37	456
35	459
230	122
530	399
304	7
419	206
166	233
116	319
543	422
382	142
508	361
560	450
228	125
524	389
578	481
430	225
147	266
406	184
260	70
535	408
399	171
354	93
553	439
543	421
557	445
155	252
483	317
25	477
77	386
101	345
155	251
545	424
386	150
540	416
213	151
291	15
564	457
216	145
520	381
11	501
552	437
287	22
414	197
258	73
258	73
380	138
439	241
14	496
252	83
520	381
406	183
464	285
561	453
339	67
513	369
385	148
316	28
505	355
286	24
66	405
19	487
198	177
142	274
20	486
548	430
576	479
455	269
76	388
279	37
142	274
230	121
55	424
337	64
589	500
15	494
472	299
530	398
502	350
132	292
15	494
91	363
350	87
196	181
250	86
450	260
265	61
187	196
526	391
370	121
147	265
109	331
172	222
529	397
391	158
220	138
566	461
82	377
138	280
187	196
138	281
76	389
332	55
444	250
583	490
231	119
461	279
44	443
18	489
41	448
595	512
486	323
295	9
343	74
486	322
159	245
426	218
415	200
575	476
582	488
453	265
169	228
90	364
570	468
254	80
49	435
268	55
562	454
381	141
73	393
355	95
578	482
485	321
80	382
313	22
515	373
146	267
179	209
97	351
373	126
553	438
67	403
440	242
361	106
120	312
455	269
334	60
35	460
426	219
218	143
357	99
459	275
413	196
264	63
108	333
140	278
11	500
445	252
436	235
19	487
559	448
343	75
394	163
350	86
484	319
530	399
267	57
490	330
252	83
245	95
7	507
96	353
225	130
584	492
126	302
240	104
460	278
424	215
229	124
396	166
197	178
567	462
158	247
492	333
281	34
481	313
229	124
561	452
306	11
498	343
82	377
576	478
378	136
41	448
513	370
339	67
178	212
529	397
65	408
454	267
335	61
7	508
332	56
179	210
517	376
433	230
200	174
141	275
407	185
427	221
390	156
309	15
427	221
584	493
542	420
374	129
20	485
585	494
384	145
216	145
408	188
188	194
375	131
319	34
72	395
426	219
86	371
375	130
215	147
190	190
513	370
503	351
104	340
133	289
437	237
497	342
277	40
347	82
574	474
307	12
29	470
18	489
267	57
448	256
448	256
580	485
226	128
425	216
142	274
444	250
404	180
175	216
382	143
359	102
400	173
9	505
69	401
505	355
152	256
63	411
17	491
292	14
142	274
153	254
436	235
152	256
82	378
416	201
295	9
89	366
497	342
523	386
325	44
565	459
505	356
445	252
224	132
148	264
240	104
567	463
442	247
297	6
590	502
449	258
492	333
69	401
213	151
168	229
472	299
209	158
254	80
202	170
509	363
29	470
115	321
516	374
135	286
540	416
569	466
63	410
538	413
501	348
96	353
444	249
46	440
50	434
278	39
71	397
437	237
53	428
425	216
323	40
301	2
597	515
111	327
1	518
18	488
123	307
574	474
19	487
467	290
203	168
130	294
354	93
264	62
500	347
500	346
159	245
168	229
568	465
4	513
28	472
468	292
9	505
18	488
231	119
180	208
308	14
244	98
472	298
409	189
563	455
381	140
50	434
429	223
89	366
452	264
567	463
416	201
489	327
193	185
394	163
541	417
442	246
451	261
339	67
270	52
273	47
329	51
371	124
341	72
92	360
172	222
266	60
338	66
136	284
153	254
37	455
152	256
421	209
399	171
63	410
131	293
164	235
536	409
426	219
181	206
268	56
23	480
230	122
545	425
426	218
289	19
472	298
340	69
302	4
424	215
331	54
564	458
153	254
506	357
574	474
204	167
490	330
533	404
126	302
44	443
167	231
146	267
432	229
422	211
517	376
571	469
444	250
255	79
290	17
107	335
423	213
249	88
275	43
21	483
556	443
45	442
416	202
250	86
458	274
301	2
294	11
563	455
578	481
398	170
332	55
191	189
16	493
267	58
417	203
307	13
321	37
159	245
388	153
39	452
218	143
486	322
508	361
320	35
246	93
283	30
482	315
470	295
324	41
231	119
179	209
123	307
512	367
524	389
420	208
436	235
432	229
520	381
397	169
231	120
193	185
80	382
298	4
17	491
276	41
400	173
326	46
86	371
402	177
45	442
195	182
2	516
7	508
580	485
583	491
518	377
10	503
565	460
269	54
462	280
545	425
91	362
504	354
529	397
234	115
582	488
437	238
279	36
351	89
11	500
52	430
74	391
594	510
130	295
578	482
148	264
193	186
301	2
76	388
242	101
74	391
175	216
21	483
254	80
489	327
28	471
198	177
28	472
489	327
477	307
218	142
151	258
436	235
258	73
213	151
227	126
531	401
245	96
564	457
179	209
201	171
447	255
582	489
129	296
512	368
80	382
408	187
465	286
177	214
564	457
380	139
331	54
288	21
518	377
322	39
446	253
533	403
187	196
356	97
288	21
114	323
115	321
230	122
82	378
478	308
238	108
211	155
97	351
514	371
259	71
140	277
324	41
137	282
412	194
80	382
15	494
36	458
146	267
61	414
496	339
408	187
548	430
309	15
119	313
309	15
65	407
435	234
508	361
304	8
453	266
99	349
63	410
74	391
235	112
512	367
487	324
136	285
160	242
471	297
23	480
404	180
334	60
518	377
207	162
555	442
459	275
203	169
408	187
289	20
544	423
245	96
490	329
139	279
327	47
208	159
108	332
492	332
11	500
317	30
365	113
313	22
335	61
122	309
90	364
312	21
353	92
343	75
210	157
503	352
272	48
300	1
200	173
564	458
319	34
156	250
522	385
80	381
496	339
254	80
12	499
175	216
214	149
561	453
367	116
122	309
528	395
523	386
37	456
11	500
171	224
521	383
34	461
298	4
546	427
290	18
576	479
380	139
464	285
132	291
409	189
17	491
574	474
275	43
372	125
217	144
436	236
541	417
322	38
541	418
582	488
346	80
361	106
175	216
563	456
144	271
574	475
40	451
198	177
299	2
432	229
593	507
523	386
507	358
317	29
141	276
600	519
41	448
261	68
535	407
28	472
586	495
474	301
61	415
191	189
325	43
291	16
580	485
478	308
547	428
268	56
443	248
118	316
321	37
382	143
230	122
301	2
67	404
107	335
582	489
335	61
297	5
462	280
551	435
460	277
505	355
161	241
95	356
169	228
433	231
256	76
533	403
116	319
190	190
406	184
240	104
242	101
172	222
499	345
129	297
399	171
458	274
482	315
481	313
585	494
144	271
75	390
311	19
310	18
335	61
233	117
537	411
421	209
104	339
148	263
535	408
283	29
409	189
496	339
440	242
143	272
388	152
589	500
164	235
193	186
30	468
215	148
235	112
337	65
33	463
258	73
91	362
596	513
435	234
554	441
555	442
43	446
174	219
203	168
286	24
140	277
575	476
396	166
421	209
287	23
593	507
133	290
574	475
306	10
378	136
88	367
370	122
240	104
442	246
324	41
194	184
447	254
119	313
576	478
542	419
29	469
290	17
134	287
190	190
39	452
329	50
62	412
110	330
121	311
196	181
598	516
427	221
381	141
448	256
265	61
432	229
536	409
247	92
268	55
264	62
274	46
365	113
186	198
254	80
593	508
459	276
370	122
543	421
150	260
52	429
381	140
424	215
430	225
117	318
201	171
384	145
393	162
91	362
508	360
14	495
80	381
151	259
97	352
467	290
249	88
214	150
446	253
528	395
348	83
481	313
369	120
108	332
253	82
354	93
208	160
31	467
228	125
365	112
114	323
546	426
545	425
51	432
167	230
218	142
391	158
437	237
433	230
22	481
82	378
418	204
167	231
506	357
206	163
270	52
510	364
99	349
116	319
153	254
269	54
16	493
442	246
531	401
213	151
282	32
204	167
173	221
31	466
545	425
186	197
220	139
328	48
411	193
299	2
340	69
560	450
63	410
559	448
505	356
375	131
409	189
511	365
108	333
549	432
278	39
290	17
450	260
329	51
395	164
381	141
288	21
328	48
190	190
418	205
226	128
166	233
57	421
15	494
278	39
477	306
286	24
203	168
508	361
15	494
355	96
208	159
580	485
206	163
228	125
307	13
91	363
303	5
375	130
176	215
92	360
123	306
261	67
32	464
271	51
369	120
78	384
90	364
274	46
328	48
129	296
24	479
387	151
563	455
62	413
95	356
555	442
104	339
205	164
362	107
101	345
300	1
222	135
435	234
585	494
237	109
451	262
498	344
19	487
528	395
507	359
20	486
246	93
245	95
104	339
16	492
48	437
595	511
85	372
265	61
459	275
302	3
156	250
179	209
561	452
452	263
172	222
594	510
385	148
409	189
32	465
505	355
174	218
116	319
594	510
586	495
320	35
158	247
447	255
559	449
272	49
67	404
170	226
557	445
179	209
148	263
214	149
242	100
475	303
231	120
459	275
160	243
256	77
323	40
331	54
82	377
51	432
462	280
7	507
519	379
533	403
385	148
290	18
131	293
392	160
589	500
466	287
115	320
529	397
369	120
324	41
507	358
106	337
584	492
360	104
3	515
184	202
308	14
512	367
310	17
416	202
175	216
82	377
207	162
315	27
285	27
589	501
318	31
309	16
589	500
285	26
423	214
42	447
593	507
24	479
148	264
310	17
202	170
61	415
204	166
254	80
391	158
345	78
157	248
589	500
519	379
25	477
526	391
310	18
407	185
326	46
93	359
306	10
548	430
503	351
190	191
456	270
86	371
396	167
416	201
401	176
313	22
448	256
17	491
536	409
81	380
69	400
457	273
270	53
167	230
32	464
289	19
58	419
253	82
526	391
258	73
94	357
297	6
430	225
250	87
462	280
216	146
51	431
343	75
354	94
67	404
582	488
145	269
570	468
336	63
412	194
440	242
220	139
43	446
471	297
84	374
200	173
528	396
158	247
412	194
169	227
504	354
563	455
146	267
214	150
37	455
328	48
406	184
130	295
67	403
306	11
34	461
430	225
163	238
188	195
549	431
54	427
269	54
387	151
492	332
159	245
227	127
576	478
271	50
535	407
45	442
203	169
216	146
223	134
15	494
546	426
309	15
579	483
457	272
375	131
348	84
235	112
433	231
202	170
518	377
347	81
157	248
345	79
367	116
540	416
31	466
252	84
196	181
346	80
286	25
588	499
255	78
451	261
203	169
231	119
119	313
396	167
546	426
441	245
216	146
252	83
224	132
358	100
563	456
386	149
93	358
37	455
269	54
196	181
241	102
397	168
198	177
138	281
534	405
587	497
515	372
249	89
380	138
416	202
2	517
299	2
261	67
354	94
513	370
284	28
492	333
509	362
486	323
262	66
175	217
160	243
192	188
280	35
146	267
574	475
392	159
409	189
175	216
356	98
90	364
574	474
181	207
332	55
128	299
337	65
162	239
93	358
411	192
236	111
410	190
485	321
78	384
65	408
423	214
253	82
174	218
372	125
150	260
586	496
2	516
315	26
310	17
457	273
489	327
283	30
315	27
209	158
502	350
285	26
260	69
131	293
388	153
424	215
366	115
467	290
357	99
496	339
483	318
501	349
41	449
146	267
514	371
566	461
13	497
155	252
3	514
277	40
213	151
246	93
13	497
56	423
451	261
435	234
57	422
11	500
405	182
100	347
21	484
228	125
462	281
468	292
556	444
468	291
459	275
101	345
541	417
201	171
53	428
146	267
155	251
486	323
137	283
42	447
437	238
292	14
214	150
2	517
208	159
19	487
13	498
304	7
46	441
395	164
86	371
410	191
406	183
387	151
168	229
235	112
42	447
142	274
581	487
134	287
82	377
325	43
279	37
155	251
26	474
551	435
347	82
229	124
248	90
466	287
387	151
375	131
193	186
178	211
248	90
595	512
97	352
71	397
249	89
224	132
159	244
203	168
72	395
462	280
22	481
152	256
472	299
595	511
252	83
235	112
215	147
526	391
463	283
248	91
384	145
177	214
590	502
16	493
143	273
524	388
76	388
233	117
539	414
34	461
179	209
63	410
323	40
93	359
108	332
376	132
168	229
457	273
82	378
404	180
315	26
44	444
382	142
229	123
140	278
582	489
585	494
117	317
539	415
366	114
118	316
314	25
566	461
412	194
577	480
462	280
430	225
572	472
39	452
328	48
113	324
494	336
151	259
189	192
593	507
77	386
561	453
22	481
92	361
76	389
113	325
479	311
168	229
98	350
1	518
416	201
252	84
335	61
228	125
570	468
459	276
410	190
507	358
475	303
320	35
413	196
177	213
363	110
180	208
208	159
126	302
490	330
438	240
380	138
116	319
2	517
185	200
478	308
32	464
107	335
580	486
139	279
246	94
164	235
595	512
197	179
485	320
472	298
264	62
11	501
245	96
454	267
597	515
540	416
475	304
446	253
442	247
244	98
128	298
393	162
244	97
93	358
489	327
375	131
258	73
218	143
410	191
246	93
540	416
404	181
285	27
447	255
119	313
498	344
421	209
269	54
7	507
40	451
477	306
126	302
209	158
171	223
271	50
187	196
259	72
554	440
441	245
375	131
305	9
449	258
552	436
92	360
2	516
485	321
172	222
391	158
302	3
53	428
112	326
330	53
45	442
358	101
200	173
56	423
127	300
598	516
447	254
272	49
85	373
264	63
425	216
237	109
415	199
270	52
51	432
226	128
89	366
376	132
204	167
169	228
69	400
285	26
261	67
455	268
274	45
45	442
413	196
159	244
313	23
7	507
116	319
399	171
140	278
144	270
35	459
29	469
223	133
302	4
590	503
425	217
520	381
123	306
433	231
362	107
30	468
500	347
287	22
475	303
153	255
231	119
156	249
401	176
231	119
410	191
224	132
318	32
244	97
389	154
70	399
275	43
449	258
548	429
105	338
216	145
181	206
528	396
491	331
372	125
537	410
272	49
330	52
229	124
33	462
331	54
164	235
351	89
158	246
360	105
276	41
176	215
7	508
283	30
560	451
10	503
53	428
253	81
223	133
178	212
61	415
166	232
107	334
308	14
96	354
452	264
392	160
373	127
52	429
19	487
222	136
492	333
328	49
512	367
72	395
545	425
260	69
318	31
138	280
431	228
123	307
414	197
533	403
298	3
449	258
175	217
306	11
585	494
340	70
522	384
400	174
170	226
123	307
218	143
148	264
195	182
236	111
582	489
505	356
535	408
310	18
584	493
354	94
13	497
593	507
305	9
361	106
528	395
378	136
220	138
238	107
486	322
71	397
421	209
549	431
40	450
363	109
216	146
55	424
265	61
538	413
453	265
229	123
81	380
131	293
590	502
484	319
441	244
109	331
486	322
171	224
318	31
483	318
339	68
371	124
177	214
324	42
85	373
513	369
495	338
117	317
271	51
18	489
169	227
240	104
333	57
316	28
118	316
398	170
117	318
421	209
221	137
421	209
254	80
340	70
440	243
105	338
509	362
46	440
499	345
142	274
443	248
520	381
432	229
82	377
62	413
549	432
137	282
152	256
363	110
600	519
474	302
562	454
246	94
548	430
186	198
375	131
50	434
22	482
549	432
8	506
442	246
235	112
7	508
438	239
593	507
103	341
150	260
354	94
156	249
124	305
61	415
445	252
227	127
317	30
364	111
78	385
288	21
20	486
231	119
400	173
384	146
562	454
578	481
258	73
33	462
293	12
356	97
414	198
178	211
575	477
333	57
527	394
97	352
362	107
70	399
97	352
525	390
88	368
440	243
484	319
54	426
395	164
86	371
144	271
578	481
50	433
89	366
533	403
43	446
492	332
400	174
73	394
52	429
254	80
398	170
63	410
451	261
230	122
360	105
569	467
266	60
276	41
525	390
561	452
537	410
132	292
597	515
191	189
122	309
414	198
174	219
559	449
331	54
495	338
104	339
17	491
379	137
445	252
315	27
305	9
546	427
389	154
387	151
57	421
367	117
386	150
351	88
365	113
54	426
201	171
237	109
160	243
244	98
134	288
103	342
376	132
111	327
216	145
285	27
298	4
299	2
396	166
231	120
56	423
32	465
0	519
580	485
486	323
291	16
72	395
184	201
72	395
89	365
370	122
244	97
438	240
393	161
223	133
216	146
555	442
432	229
452	264
92	360
339	68
108	332
175	216
438	239
578	481
227	126
208	159
483	318
472	298
35	460
100	346
377	133
440	242
100	347
170	225
450	260
235	113
561	453
357	99
357	99
548	429
54	427
31	466
281	34
282	31
272	48
293	12
458	274
68	402
118	316
539	414
563	456
90	364
525	390
271	51
355	95
291	15
216	146
107	334
346	80
377	134
531	400
257	74
353	92
341	72
548	430
235	112
29	469
332	56
507	359
598	516
462	281
451	261
243	99
453	265
393	162
295	9
304	8
293	13
60	416
174	218
376	132
74	391
529	397
279	37
447	254
585	494
593	507
146	267
225	131
173	220
101	345
297	5
398	170
15	494
227	126
472	299
324	41
291	15
282	31
257	75
395	164
513	369
196	181
106	337
4	513
345	79
493	335
537	410
594	510
185	199
222	136
330	53
465	286
170	226
34	461
204	166
587	497
344	76
479	310
279	37
62	412
278	38
230	122
476	305
383	144
442	246
230	121
309	16
466	288
131	293
153	255
166	232
49	435
0	519
339	67
404	181
6	510
101	345
492	333
359	103
82	377
143	273
95	356
160	243
357	99
9	505
541	417
591	504
28	471
271	51
151	259
22	482
41	449
330	52
460	278
243	99
171	223
258	73
161	241
100	347
520	382
113	324
499	345
512	368
164	236
396	167
462	280
468	292
280	35
425	216
19	487
65	407
30	468
306	11
369	119
376	132
441	245
82	377
78	384
518	377
374	129
202	170
537	410
243	99
27	473
190	191
509	362
442	247
224	132
247	92
468	292
22	481
434	232
569	467
22	481
164	235
252	83
96	354
360	105
418	205
369	119
300	1
481	313
54	426
469	293
21	483
119	313
286	25
452	264
505	355
434	232
556	443
531	400
178	211
120	312
158	247
26	474
408	188
172	222
543	422
219	141
546	427
430	226
164	236
277	40
263	64
165	234
114	322
473	300
483	318
120	312
442	247
119	313
541	417
273	47
155	251
240	105
398	170
244	98
466	288
415	200
31	466
212	152
542	420
304	8
544	423
548	429
35	460
271	51
57	421
305	9
67	403
500	346
257	75
345	78
589	501
384	145
325	44
254	80
116	319
531	400
481	314
168	229
524	389
501	348
366	114
411	193
568	464
39	453
428	222
43	446
324	41
373	127
394	163
428	222
589	500
133	290
321	37
496	339
214	149
35	459
193	185
231	119
299	2
5	512
463	282
12	499
556	444
281	34
241	102
244	97
37	455
221	137
126	302
268	56
593	507
100	346
64	409
306	11
447	254
20	485
509	363
507	358
452	263
539	414
411	193
249	89
511	366
423	214
390	156
84	375
31	466
168	229
411	193
17	490
254	80
267	57
329	51
443	248
405	182
162	240
203	169
537	410
505	355
276	41
378	136
369	120
526	391
274	46
45	442
56	423
414	197
512	367
255	79
0	519
55	425
160	242
190	191
267	57
366	114
71	397
127	300
462	280
299	2
302	4
397	168
97	352
595	511
423	214
359	103
371	123
380	138
497	342
516	375
371	123
289	20
546	427
219	140
225	130
259	72
469	293
347	81
328	48
32	465
381	141
72	396
466	287
361	106
481	313
126	301
465	286
408	187
147	265
93	359
216	145
364	111
92	360
52	429
554	441
28	471
360	104
331	54
5	511
376	132
355	96
151	258
244	98
401	176
70	399
563	455
240	105
45	442
563	455
156	249
150	260
73	394
32	465
418	205
477	306
459	275
524	389
403	178
395	164
322	39
433	231
83	376
134	287
457	272
466	287
265	61
472	298
84	375
231	120
85	372
89	366
237	109
461	279
498	343
592	506
236	111
280	35
9	505
277	40
439	241
205	165
202	170
286	25
578	481
316	28
52	429
427	220
498	344
256	76
369	119
200	173
365	112
527	394
203	168
44	443
575	477
306	10
157	248
4	513
385	147
365	112
82	377
235	112
367	117
282	31
136	284
598	516
50	433
66	406
331	54
231	120
60	416
224	132
361	106
207	162
88	368
598	517
443	248
290	18
320	35
390	157
495	338
511	365
222	136
93	358
224	132
382	143
236	111
261	67
477	306
578	481
334	59
43	445
459	275
318	31
530	398
198	177
221	137
342	73
288	21
133	289
401	176
216	146
245	96
523	387
220	139
113	324
81	379
505	356
346	80
194	183
571	470
244	98
402	177
301	2
304	8
208	159
106	336
30	468
54	426
162	239
73	393
307	12
478	309
54	427
407	185
160	242
558	447
326	46
265	61
517	376
306	10
264	63
229	123
108	333
15	494
297	5
445	252
415	199
453	266
534	405
515	373
134	287
116	319
37	455
49	435
301	2
242	101
90	364
519	379
574	474
586	496
123	306
162	239
46	440
515	372
26	474
334	59
190	191
60	416
438	239
264	62
510	364
340	69
572	471
531	401
287	22
488	326
127	300
257	74
341	72
152	256
356	97
460	278
229	123
588	499
571	470
568	465
257	75
28	472
318	32
362	108
386	149
7	507
52	429
510	364
37	456
225	130
518	378
60	416
578	481
365	112
279	36
282	31
186	197
178	211
48	437
551	435
240	105
39	453
364	111
589	501
406	184
590	503
281	34
64	409
124	305
187	196
56	423
238	108
80	382
442	247
400	173
7	508
398	170
585	494
505	355
531	400
536	409
272	48
83	376
354	93
80	382
281	33
483	317
296	8
67	403
515	373
378	136
39	452
513	370
123	306
410	190
147	265
271	51
544	423
332	56
310	18
525	390
304	8
448	256
554	440
36	457
304	7
178	212
21	484
249	89
69	400
122	309
83	376
326	46
9	505
179	209
585	494
392	159
443	248
344	77
52	430
385	147
549	432
302	3
426	218
25	476
182	204
310	18
255	79
591	505
519	379
101	345
500	346
595	511
361	106
463	283
582	488
437	238
234	114
523	386
32	464
413	196
563	455
303	6
452	263
519	379
536	409
429	224
8	506
100	347
251	85
490	329
131	293
496	339
467	289
169	227
86	371
452	264
485	320
511	365
117	317
591	505
299	2
282	32
520	382
537	411
328	49
458	274
49	435
562	454
351	89
456	271
133	290
169	227
79	383
367	117
52	429
234	115
48	436
188	194
50	433
243	99
119	313
86	371
146	267
585	494
60	416
299	2
505	356
358	101
494	336
33	462
235	112
186	197
387	151
216	145
335	61
537	410
91	363
584	493
59	418
11	500
493	334
387	151
338	66
357	99
251	85
169	227
108	333
132	292
244	97
276	41
177	213
274	45
451	261
205	164
321	36
421	210
310	18
593	507
324	41
271	51
369	119
362	107
252	84
117	317
271	50
10	503
374	128
319	34
440	243
182	204
472	299
214	149
310	18
356	97
89	366
92	361
391	158
114	322
594	510
376	132
112	326
82	377
598	517
141	276
583	490
110	329
84	375
375	131
392	159
462	281
460	278
88	368
401	176
131	293
40	451
559	448
225	130
250	87
463	282
229	123
263	64
17	491
404	180
167	231
8	506
46	440
392	159
503	352
539	414
564	458
425	216
209	158
128	298
448	256
151	258
381	140
191	189
580	486
75	390
564	458
255	78
231	119
284	28
32	464
67	403
347	81
566	461
291	15
95	355
264	62
507	358
164	235
184	201
212	152
509	362
535	408
35	460
246	93
157	248
391	158
440	243
434	233
496	340
348	84
104	339
256	77
555	442
559	449
268	56
311	19
246	94
312	21
447	254
377	133
261	67
572	471
203	169
59	417
60	416
211	154
411	192
45	442
242	100
588	499
544	423
40	450
311	19
264	62
534	406
450	260
279	37
543	422
280	35
80	381
518	377
224	132
184	201
122	308
253	82
142	274
410	190
96	354
248	91
553	439
452	263
566	461
401	175
240	104
496	339
418	204
495	338
248	90
369	119
539	415
312	21
305	9
121	311
137	283
545	425
134	288
84	374
152	257
197	178
152	256
186	197
115	320
293	12
526	391
499	345
449	259
547	428
393	162
50	433
574	474
288	21
317	30
179	209
207	162
250	86
287	22
72	396
578	482
153	254
321	36
478	309
299	2
313	22
254	80
220	138
582	489
138	280
472	298
235	112
56	423
407	185
35	459
553	439
417	203
235	112
286	25
185	200
438	239
27	473
393	161
455	269
503	351
344	76
288	21
522	385
282	31
99	349
558	447
423	213
559	448
129	297
404	181
124	305
484	319
433	230
240	104
503	351
392	160
594	509
324	41
374	129
449	259
146	267
482	316
205	164
525	390
123	306
59	418
435	234
168	229
490	330
301	2
261	67
210	157
227	126
31	466
600	519
476	305
100	346
172	222
487	325
374	128
82	377
410	191
385	148
585	494
228	125
294	11
335	61
18	489
527	394
294	10
359	103
460	277
356	98
384	146
238	108
148	263
385	147
590	503
490	330
440	242
379	137
317	30
352	91
30	468
571	469
256	77
196	181
471	296
227	127
254	80
154	253
484	319
320	35
177	214
181	206
515	373
131	293
227	126
373	127
567	463
218	142
518	378
256	77
468	291
389	155
566	461
188	194
346	80
34	461
514	371
34	461
352	90
474	301
62	413
164	235
211	154
494	336
474	302
291	16
44	443
42	447
564	458
382	143
355	95
348	83
554	440
340	70
189	192
395	164
336	62
279	37
396	167
389	155
549	432
389	155
31	467
11	500
203	169
339	68
16	493
132	291
48	437
190	190
74	392
421	209
540	416
365	112
104	339
474	301
414	198
550	434
114	322
187	196
253	82
63	410
119	313
36	458
17	491
246	93
168	229
6	509
340	69
172	222
348	84
86	371
137	283
462	281
240	105
496	339
32	465
291	15
54	426
487	325
235	113
59	417
274	45
574	474
401	176
309	15
123	306
595	511
194	183
0	519
418	204
363	110
571	469
361	106
194	183
122	308
5	512
97	352
534	406
492	333
468	291
52	429
508	360
29	469
61	414
297	5
264	63
46	440
592	506
368	118
165	234
399	172
200	174
304	7
395	165
369	120
328	48
63	411
142	274
228	125
97	351
596	513
77	386
79	383
90	364
483	317
395	164
393	161
562	454
27	473
358	101
310	17
484	319
494	337
523	386
433	231
321	37
356	97
398	170
494	337
235	112
569	466
411	192
380	139
162	239
189	193
210	156
88	368
166	233
552	437
65	407
591	505
450	260
91	362
3	515
159	244
265	61
85	372
218	143
224	132
41	448
454	267
360	104
566	461
51	431
162	240
465	286
432	229
106	337
572	472
561	453
330	53
325	43
80	381
273	47
590	503
62	412
503	351
90	364
354	94
214	149
3	515
77	386
249	88
144	271
95	356
111	327
116	319
308	14
63	411
166	232
440	243
489	328
197	178
14	496
158	246
538	413
468	292
555	442
291	15
393	162
410	190
306	10
255	78
410	190
159	244
258	73
409	189
68	402
557	446
81	380
523	386
163	238
276	42
487	324
141	276
203	168
130	294
447	254
142	274
337	64
179	209
433	230
354	93
371	124
348	84
149	261
316	28
528	396
16	493
504	354
226	128
29	470
366	114
4	513
50	434
1	518
432	229
224	132
365	112
47	438
255	78
395	164
33	462
111	328
275	44
502	350
373	126
272	48
106	337
505	356
257	75
518	378
543	421
97	352
144	270
535	408
533	404
365	112
207	162
574	475
414	198
529	397
104	339
519	380
205	164
388	152
185	199
147	265
163	237
567	462
179	210
488	326
84	374
249	88
437	238
158	246
244	98
84	374
52	429
191	189
45	442
223	134
57	422
400	174
77	386
287	22
503	352
430	225
438	240
328	48
147	266
457	272
570	468
67	403
274	46
230	121
25	476
589	500
507	358
399	172
479	311
369	119
0	519
126	301
467	289
504	354
427	221
534	406
305	9
502	350
233	116
151	258
265	61
499	345
198	177
65	407
429	223
97	351
531	401
534	406
535	407
472	298
164	236
120	312
384	145
115	320
126	302
217	144
285	27
17	490
216	146
90	364
92	361
561	452
194	183
162	239
597	515
368	118
208	159
256	76
584	492
93	359
141	276
515	372
576	478
330	53
8	506
270	52
524	389
555	442
119	313
474	301
28	471
338	66
37	455
372	125
519	380
292	14
108	332
510	364
387	151
49	435
266	59
79	383
149	261
413	196
43	446
24	479
235	112
184	202
519	380
501	349
23	480
232	118
537	410
84	374
48	437
229	123
589	500
82	377
138	280
315	26
54	427
420	208
259	71
143	273
76	388
77	387
51	432
254	80
485	320
204	167
488	326
324	41
286	25
175	216
256	76
518	377
118	315
561	453
181	206
125	303
394	163
436	235
371	124
468	292
547	428
197	178
537	410
517	376
72	396
337	64
494	336
438	240
345	79
316	28
131	293
342	73
416	201
400	173
525	390
496	339
80	381
497	341
88	367
149	261
581	487
400	174
54	427
548	430
551	435
215	147
98	350
78	385
149	262
298	4
72	395
548	429
526	391
388	153
231	119
416	202
133	289
373	127
201	172
47	439
325	44
202	170
486	322
456	271
54	427
227	126
494	337
194	183
339	68
575	477
356	98
591	504
173	221
55	424
285	26
411	193
235	113
595	511
396	167
563	456
69	401
215	148
14	496
81	379
34	461
192	188
23	480
287	22
4	513
278	38
165	234
272	48
470	295
352	90
105	338
488	326
296	8
62	412
538	412
370	122
244	97
437	237
576	479
533	403
564	458
394	163
199	176
95	356
329	50
507	359
579	483
278	38
129	296
183	203
197	178
163	238
527	393
121	310
437	237
61	415
449	259
415	199
272	49
194	183
424	215
85	373
319	34
287	23
199	175
164	235
33	463
494	337
385	148
200	174
300	1
311	20
76	389
507	359
533	404
467	289
103	342
218	142
131	293
377	134
365	112
159	244
545	425
436	235
83	376
281	34
577	480
25	476
179	209
404	181
511	366
595	511
330	53
215	148
380	138
124	305
505	355
266	59
97	351
198	177
372	125
530	399
48	437
508	360
407	186
91	362
264	62
228	125
462	281
539	414
460	277
367	116
126	302
131	293
183	203
325	43
568	464
25	476
219	140
152	257
535	407
210	157
501	348
344	76
395	164
301	2
184	202
520	381
52	429
216	146
244	97
119	313
339	68
281	33
272	48
354	93
7	508