595	149
379	133
167	93
30	293
546	72
464	73
32	255
366	15
274	23
77	13
543	282
233	57
390	489
238	210
534	220
519	164
285	454
500	564
196	127
302	417
332	183
142	475
137	452
324	339
524	185
60	581
503	579
586	230
450	128
270	519
274	494
378	315
17	182
217	155
569	67
2	235
313	571
457	377
74	425
167	521
19	363
376	584
153	535
130	499
555	5
221	107
209	481
94	471
252	57
589	366
552	77
439	40
423	367
166	199
303	544
203	215
467	99
134	543
264	219
413	100
357	341
264	177
502	9
349	132
42	211
518	351
599	96
200	274
56	543
391	202
373	525
189	240
504	149
482	568
136	434
54	524
270	290
449	173
405	450
595	374
511	192
583	101
146	265
530	182
265	511
2	373
334	61
529	448
566	147
481	527
589	265
361	457
456	466
342	348
586	327
133	48
574	180
204	393
363	115
184	472
342	3
1	157
208	532
594	26
512	314
357	286
364	540
171	429
9	80
457	97
466	277
318	104
196	300
569	529
192	323
215	339
90	391
266	333
39	446
589	228
19	295
371	140
352	270
592	549
227	408
79	153
560	527
51	24
21	82
410	121
156	149
530	181
442	344
599	393
189	46
37	496
187	197
152	258
37	588
379	86
554	126
589	87
264	282
519	261
181	436
378	451
556	20
590	593
243	209
446	14
120	497
231	435
244	256
526	334
280	498
369	98
108	358
430	272
214	530
143	180
592	429
127	406
474	549
383	146
398	30
249	575
75	299
486	305
465	508
99	380
396	164
133	206
363	565
365	454
271	394
15	127
241	441
140	403
572	468
72	294
538	459
294	185
91	55
159	366
175	285
49	79
237	133
52	454
28	86
192	0
382	119
530	139
381	365
117	120
510	220
485	423
490	380
423	151
506	402
573	54
267	367
494	3
311	273
553	229
387	556
545	15
488	349
244	20
528	11
558	305
426	338
228	515
305	597
594	277
110	175
213	557
422	407
268	468
511	278
65	209
76	557
446	34
527	424
235	230
230	113
91	529
174	74
166	468
372	427
114	504
91	276
130	559
223	559
353	352
272	142
191	325
18	68
42	194
49	195
8	284
322	441
225	436
309	103
17	119
215	289
467	595
443	99
193	144
24	45
47	560
406	437
104	236
154	262
1	53
489	298
17	92
106	505
130	526
259	46
337	128
525	330
160	459
268	384
318	371
438	596
220	18
446	409
104	548
432	45
350	390
324	131
106	40
568	532
131	501
525	19
209	475
596	188
463	155
57	456
507	358
597	112
507	521
266	348
186	71
584	151
351	482
157	448
278	406
424	167
400	362
462	225
54	300
366	467
331	343
71	223
39	475
233	534
295	98
392	554
394	370
461	22
383	276
536	277
338	128
8	556
453	139
58	445
379	214
544	369
400	540
104	353
276	160
270	24
302	472
596	24
29	274
173	592
354	393
289	232
9	476
410	409
351	91
542	379
293	103
117	507
330	421
354	33
135	287
343	572
131	527
305	474
271	105
362	312
436	76
253	443
472	380
340	528
88	255
517	254
111	161
155	286
517	359
9	396
59	13
337	461
378	276
346	428
427	436
201	179
161	145
110	450
274	237
439	87
301	330
35	267
86	506
444	485
53	333
495	373
324	22
480	295
223	35
46	169
597	111
261	499
237	285
379	418
172	155
434	257
67	457
220	469
373	316
413	564
150	164
210	17
423	342
431	102
61	254
518	230
155	229
412	509
556	315
5	287
90	458
576	386
460	494
293	50
121	124
154	7
420	558
541	556
288	473
508	390
578	347
256	503
238	308
48	494
442	40
210	565
247	30
52	191
557	272
17	60
590	367
55	98
59	498
580	17
258	579
57	323
49	486
471	399
268	423
526	481
387	103
237	63
223	474
195	386
291	408
500	319
503	183
207	385
455	377
28	133
322	295
579	18
150	178
575	67
233	593
498	162
155	196
258	298
391	108
449	585
464	93
154	40
440	137
119	417
324	538
592	308
107	195
78	598
581	419
109	358
385	112
503	333
110	244
78	258
59	574
338	223
210	480
512	323
430	280
539	429
342	150
516	321
90	121
581	259
562	246
572	461
6	278
195	550
256	282
188	130
14	334
113	480
251	23
313	4
109	234
143	1
97	451
413	546
514	183
126	117
233	334
504	180
151	64
432	66
349	147
240	239
60	590
115	496
217	237
585	38
376	322
542	401
233	364
525	304
368	415
411	352
422	152
542	231
86	338
515	131
42	346
302	540
210	75
244	499
310	463
501	494
564	212
94	17
579	382
194	386
280	598
120	424
333	527
256	25
215	64
120	519
177	315
235	151
364	474
232	286
528	272
336	263
596	267
225	77
233	388
544	138
213	400
27	514
283	15
356	279
119	422
386	369
375	443
10	97
5	269
522	491
322	13
374	598
317	52
28	330
536	379
289	44
483	273
47	304
474	509
558	564
1	448
502	557
376	365
239	129
274	513
416	88
175	1
404	255
378	540
410	442
516	238
499	22
431	213
215	464
63	420
440	173
322	282
496	231
9	54
295	193
158	425
4	104
485	536
140	566
248	597
505	299
266	545
529	234
309	40
448	349
102	353
8	134
222	160
164	124
372	281
260	462
70	219
323	319
71	239
36	70
578	92
411	16
4	457
80	484
224	542
310	515
444	591
297	35
336	597
70	30
503	187
244	195
77	146
264	305
561	49
16	419
125	53
269	509
80	153
451	394
396	362
540	111
459	26
416	199
164	119
521	459
52	550
339	525
184	129
537	18
271	187
170	355
356	588
475	118
152	214
86	134
582	194
127	563
216	351
407	222
224	280
10	310
176	137
548	456
3	110
432	535
180	544
456	40
500	557
440	104
594	515
53	148
146	80
20	301
488	457
236	566
133	45
261	315
472	493
594	72
185	123
50	19
70	572
197	319
112	156
522	381
344	148
29	49
507	282
580	215
149	29
187	193
417	290
598	110
550	409
508	144
142	558
443	49
152	516
70	355
525	100
467	387
88	70
304	73
86	322
598	223
564	294
94	476
72	164
456	11
64	126
91	37
423	385
191	439
102	67
165	409
471	435
160	133
268	252
405	184
374	309
69	400
162	88
347	58
597	597
505	335
225	290
557	322
31	409
201	337
508	150
496	61
353	219
444	535
122	187
21	121
56	527
500	231
361	104
453	552
109	42
587	373
460	568
61	12
595	2
518	577
494	304
475	290
527	506
205	189
220	286
118	409
439	172
528	214
15	465
185	74
595	174
67	288
191	413
543	303
391	120
570	452
224	438
336	525
430	394
597	316
72	73
147	356
304	176
61	450
62	344
153	507
372	119
412	150
21	20
256	470
158	215
241	215
286	562
549	458
362	368
369	502
121	481
128	549
118	375
86	72
12	272
179	432
116	248
332	514
393	50
123	54
117	170
390	253
348	75
597	532
86	16
565	425
67	145
106	465
342	244
1	459
308	437
571	317
158	84
373	249
185	306
28	163
231	519
78	250
134	170
156	144
271	134
212	40
33	542
203	259
20	461
552	263
209	100
387	53
454	449
52	109
208	136
224	184
217	313
357	106
545	157
559	370
40	310
12	439
353	75
65	320
115	205
456	584
521	584
313	357
361	161
101	412
234	273
569	570
70	3
503	369
391	360
369	597
534	540
543	506
102	564
240	268
159	399
36	387
303	310
320	217
442	249
451	192
434	560
509	117
211	114
216	347
101	14
438	390
564	228
386	525
500	326
259	555
477	48
170	202
438	497
468	4
526	469
483	375
254	361
168	124
451	475
427	205
423	243
339	265
39	513
448	581
359	212
542	200
201	492
164	27
460	54
226	283
249	138
554	484
249	505
420	52
51	40
205	322
586	356
283	433
322	345
511	564
203	27
317	152
54	176
47	208
204	536
469	33
502	442
97	540
383	524
407	593
526	70
522	293
392	44
338	507
570	510
281	192
380	518
356	526
456	86
279	415
18	43
481	380
250	121
263	513
116	157
412	166
401	369
230	309
390	55
60	194
354	278
467	236
150	338
424	303
276	491
328	459
482	436
59	509
416	301
406	128
244	168
72	112
367	509
37	91
577	394
222	292
103	403
353	60
13	481
444	71
502	402
173	89
104	446
149	323
245	233
28	358
75	473
318	99
429	158
138	36
211	465
571	442
589	314
399	116
357	490
229	169
369	505
115	99
471	597
302	360
356	553
219	398
413	165
50	450
111	71
474	413
329	550
183	387
23	343
496	145
162	38
381	186
2	179
118	159
213	22
47	265
306	512
144	380
470	272
120	26
456	574
409	248
312	7
526	105
505	286
185	493
8	484
458	102
20	515
314	183
493	349
550	74
418	387
150	76
442	405
268	174
420	390
498	283
290	264
341	241
536	483
590	382
443	293
351	529
148	519
523	209
491	12
277	286
377	487
386	402
166	376
227	76
376	82
251	273
285	292
471	599
520	594
163	239
311	199
521	150
437	289
148	88
283	9
395	66
210	102
465	379
436	277
536	581
504	591
390	190
4	407
120	238
228	254
92	588
40	413
427	369
108	311
586	41
594	528
577	329
242	365
92	257
97	417
128	376
87	418
432	574
586	214
493	11
424	53
372	393
274	428
89	496
141	3
65	390
202	284
205	200
28	280
418	90
57	216
238	487
306	565
165	206
309	284
169	553
90	561
288	275
234	479
487	485
91	98
532	436
488	25
570	259
45	363
574	241
217	413
246	583
28	229
288	248
423	446
472	397
243	176
212	564
274	195
18	428
146	160
481	320
552	236
500	318
145	226
163	50
179	140
300	139
250	38
111	378
182	335
111	443
394	548
155	138
591	3
525	195
223	385
586	181
94	480
432	324
187	105
14	385
116	346
356	25
335	340
484	39
213	571
264	526
504	10
203	40
510	571
76	220
390	57
412	407
214	170
17	345
439	75
267	355
265	282
419	282
152	506
532	371
256	303
537	419
164	111
382	537
409	416
531	483
586	323
483	458
117	21
83	291
426	30
13	346
596	512
276	93
8	110
194	74
346	46
374	270
63	245
121	12
262	581
263	414
471	173
386	458
93	277
450	300
72	69
50	76
194	305
356	532
340	291
412	33
41	29
233	307
264	376
352	266
335	351
91	159
514	289
279	244
347	327
523	129
140	227
412	236
16	224
109	156
439	124
436	98
368	207
264	413
401	166
86	456
97	321
83	282
167	461
116	434
268	134
457	157
251	61
176	78
264	594
229	480
494	446
231	307
155	192
598	208
46	562
297	355
281	455
532	492
217	355
14	218
426	455
592	373
208	503
298	46
240	546
95	189
557	30
289	527
174	5
552	266
228	392
219	446
562	206
433	433
245	409
465	95
123	237
117	197
207	589
461	16
250	165
88	191
487	142
101	26
381	177
192	229
159	219
505	61
127	257
142	565
294	81
120	197
473	148
491	232
198	204
22	513
556	357
43	154
72	243
89	168
460	345
396	14
354	353
102	44
526	357
439	347
401	464
56	8
226	369
54	595
558	53
97	587
225	569
380	425
205	489
319	101
167	584
536	312
177	12
192	103
105	93
409	424
281	370
453	365
576	87
554	74
366	47
522	44
508	115
55	400
306	524
372	494
538	138
118	384
265	1
273	90
478	373
543	560
395	163
275	110
169	155
284	432
96	53
229	391
43	527
249	165
506	448
212	389
465	28
332	346
286	293
590	274
272	402
253	310
146	478
110	225
439	432
359	266
176	75
109	272
425	201
77	482
57	201
506	288
472	73
357	289
171	18
347	385
58	303
400	167
419	81
329	1
336	107
503	524
275	100
399	156
441	566
231	163
316	338
419	210
99	478
533	218
533	5
395	205
178	585
539	430
458	255
257	114
598	294
217	425
580	462
527	509
185	353
155	478
455	169
499	591
270	438
233	105
407	194
436	81
179	323
482	592
10	243
586	224
311	264
207	494
136	27
561	233
92	479
478	397
229	216
326	83
181	318
4	553
181	484
376	89
361	65
281	217
351	467
216	327
54	202
104	439
251	592
505	370
278	91
307	476
403	437
160	123
229	121
258	47
53	417
508	58
176	0
365	165
182	241
318	236
327	442
173	439
160	273
242	342
331	474
71	81
4	210
556	25
56	419
592	294
249	236
548	590
140	323
345	575
379	314
10	305
597	444
236	595
331	586
289	200
183	511
356	382
301	108
479	11
115	400
281	172
13	328
75	427
105	591
153	500
473	218
54	460
94	419
431	223
113	271
482	244
590	214
320	559
250	63
581	508
235	278
177	203
278	459
158	428
482	239
570	415
508	437
327	336
525	171
317	318
414	12
385	375
556	404
326	170
421	7
466	176
434	174
28	127
111	23
521	189
325	176
286	365
401	423
200	537
366	497
231	509
437	461
177	259
93	108
163	385
205	560
193	475
133	310
527	77
349	393
88	106
77	348
83	426
476	500
199	563
197	160
291	479
403	438
303	62
589	67
497	16
108	518
360	489
129	481
269	281
547	589
271	63
519	538
101	89
536	8
470	251
414	213
244	42
267	290
279	211
312	500
382	284
134	141
145	343
560	316
106	423
182	87
153	296
525	60
566	280
74	79
282	219
309	82
366	511
18	303
125	278
370	139
30	129
568	248
377	439
32	546
282	138
410	499
147	562
436	14
396	584
573	460
478	145
54	238
198	245
235	119
381	227
199	549
275	531
94	245
131	231
283	296
58	199
370	405
441	320
328	180
139	280
134	165
112	552
245	99
495	582
131	360
482	238
467	149
547	205
195	438
213	506
79	433
149	553
11	145
351	509
5	11
125	298
393	380
194	44
590	349
557	487
277	180
481	4
410	496
1	556
451	552
65	428
558	289
543	358
456	115
33	160
119	518
192	50
528	382
113	385
413	560
117	500
294	520
382	343
264	425
34	36
100	552
12	410
246	53
341	527
29	518
410	378
298	122
399	206
154	431
217	524
478	409
473	144
106	464
397	485
306	508
280	16
271	408
138	566
257	520
298	219
239	232
63	528
75	330
302	152
585	212
126	279
421	116
463	447
211	568
81	233
18	110
585	133
498	317
334	102
341	159
586	380
10	475
428	487
420	123
90	28
265	199
499	264
294	563
203	247
336	212
256	343
365	226
57	278
409	483
54	404
365	109
450	543
433	333
469	441
554	440
294	384
407	332
390	250
493	493
487	522
379	576
532	419
568	101
290	568
567	230
508	342
101	574
588	127
497	288
549	212
138	557
510	462
127	457
593	57
167	491
81	469
96	167
225	194
253	290
530	55
377	177
37	71
152	247
238	265
397	217
473	419
502	223
126	50
372	177
144	113
174	83
228	443
589	95
157	310
521	494
556	471
11	170
572	123
564	99
164	41
442	532
541	314
51	217
443	418
466	64
305	518
223	337
261	593
523	90
194	349
497	300
140	419
415	204
175	279
588	478
264	203
460	493
165	29
62	544
24	120
470	297
94	132
63	599
518	259
144	510
254	554
487	136
151	287
436	42
552	109
252	381
488	234
366	312
141	521
553	295
297	424
148	346
516	24
392	76
5	428
288	197
210	449
505	23
368	113
124	162
156	547
128	44
143	210
532	424
248	272
498	418
43	520
583	237
231	133
487	273
342	194
430	284
533	454
537	4
579	363
251	262
423	92
356	38
2	153
459	27
299	24
411	238
521	290
92	15
267	503
385	124
315	6
183	191
50	101
5	179
109	538
566	59
236	132
267	399
315	417
310	140
154	388
282	374
87	322
494	580
323	74
232	49
538	263
318	202
188	139
63	489
481	169
561	109
369	455
99	356
592	286
442	270
353	496
170	343
114	381
154	336
189	42
314	34
190	415
312	73
328	34
421	121
139	389
223	544
56	377
495	384
333	502
51	495
59	272
550	284
332	263
131	47
563	539
121	558
556	10
400	240
562	384
466	232
375	410
92	504
366	55
99	231
220	387
556	425
357	161
492	57
227	420
430	565
369	162
355	22
174	470
155	259
134	304
121	553
210	571
517	569
278	523
172	54
387	9
514	513
579	213
207	459
570	559
526	14
325	138
226	480
322	141
20	366
351	326
528	393
262	133
566	239
262	259
444	456
517	502
104	179
273	378
194	69
350	373
48	294
425	86
340	192
556	331
32	204
178	383
42	19
154	252
106	381
176	26
568	330
230	204
354	179
59	419
107	508
522	185
320	440
155	12
524	49
174	30
339	363
395	253
91	267
71	499
390	209
201	500
92	527
3	15
398	349
572	100
165	83
530	129
305	258
517	200
485	87
326	544
144	501
46	86
271	406
339	463
517	421
109	501
156	115
527	541
589	141
89	41
388	294
594	86
535	158
283	572
325	79
359	237
379	183
542	236
297	367
433	580
516	487
8	90
572	147
598	160
86	575
254	518
516	522
199	319
527	162
107	589
271	492
213	530
17	333
321	333
447	466
157	269
14	41
421	5
177	403
189	268
218	190
575	24
273	378
468	518
477	72
103	72
167	354
477	91
582	155
233	308
388	572
268	391
504	424
97	404
405	229
415	335
32	216
175	49
86	91
93	512
540	405
460	128
440	158
162	4
205	37
115	509
164	337
105	150
221	568
352	162
557	223
368	122
266	135
524	255
129	152
135	480
568	85
110	417
464	283
216	520
162	311
26	13
27	388
176	573
250	245
86	315
174	557
404	236
452	568
496	421
309	198
77	211
55	44
265	447
506	574
36	492
171	389
116	38
453	529
589	41
306	107
150	371
154	290
0	583
219	400
343	583
254	48
459	101
578	262
184	126
18	106
520	572
449	563
563	454
118	556
301	198
282	334
374	350
230	74
511	304
530	537
127	9
544	290
77	474
295	535
104	435
116	76
235	219
410	188
44	328
554	234
195	143
78	522
224	1
47	154
37	315
406	384
202	48
0	57
88	325
338	434
181	208
596	423
550	462
58	270
523	280
13	559
547	369
105	290
225	207
335	61
454	179
427	329
398	166
176	408
31	386
134	165
163	139
542	487
463	256
556	523
467	170
323	134
354	336
199	468
468	387
148	184
407	141
556	480
205	225
229	355
534	527
232	194
477	343
174	81
16	319
61	121
498	202
488	443
211	367
429	50
335	227
288	501
403	172
261	57
291	428
163	439
457	206
84	335
529	488
576	352
272	36
433	130
42	301
33	586
290	459
207	546
484	82
585	491
222	501
443	255
22	123
326	103
573	284
148	310
233	90
32	225
376	366
42	491
240	501
344	440
131	55
40	422
384	501
594	540
133	148
562	544
432	362
410	304
509	164
447	204
2	521
530	510
14	15
175	368
151	32
58	105
523	464
245	563
55	238
222	188
171	125
533	398
590	366
476	293
94	307
143	557
15	194
322	62
37	484
274	45
557	33
195	536
597	466
393	117
372	547
19	319
476	467
161	159
588	561
254	27
338	429
152	501
590	288
564	443
297	216
119	574
68	188
88	465
325	209
417	104
468	135
20	90
189	131
545	229
278	457
45	429
215	293
63	464
241	118
597	137
527	464
163	415
177	93
203	401
464	528
464	168
252	453
36	561
152	296
274	101
191	152
246	199
416	480
520	394
141	546
167	380
114	280
42	211
568	513
353	371
409	28
195	129
21	379
97	494
83	47
231	315
252	180
291	38
218	322
494	399
270	23
143	321
78	452
47	32
221	106
583	443
492	368
77	142
342	141
198	128
146	76
317	251
569	329
417	533
519	262
213	130
55	586
401	268
383	415
70	584
219	174
103	534
205	169
139	157
378	165
495	208
383	538
103	57
370	105
413	433
589	41
546	505
518	525
34	408
218	133
413	433
599	320
567	407
241	227
264	272
580	257
207	188
112	150
362	41
531	25
297	85
384	166
201	422
101	462
460	353
498	380
557	565
269	148
105	203
275	33
137	397
385	395
316	152
32	380
442	231
271	198
187	253
26	491
181	559
489	400
101	179
379	182
372	305
257	462
539	101
175	377
130	454
261	377
521	343
180	224
338	271
571	475
141	350
457	418
515	566
93	582
87	75
530	512
62	449
14	506
55	578
569	428
102	304
67	166
34	517
310	485
398	396
139	508
397	195
0	151
78	32
151	119
351	389
466	237
454	129
386	213
11	181
534	417
33	295
569	430
251	414
324	47
195	204
395	317
278	553
84	135
91	113
393	172
114	180
23	530
593	445
207	121
450	66
305	90
224	183
513	462
40	487
162	36
533	25
526	410
491	531
343	6
77	525
192	226
562	84
437	379
506	353
562	84
247	342
223	364
119	92
440	64
173	356
506	462
239	368
441	223
10	213
479	432
265	496
408	590
53	226
313	347
326	49
294	25
272	316
458	410
505	130
137	170
270	376
538	89
333	365
144	105
534	404
536	160
530	542
532	146
278	473
198	111
305	40
417	124
160	528
552	473
490	205
466	494
271	415
13	163
125	468
223	378
138	115
340	363
69	234
466	452
48	525
40	331
14	20
413	186
178	303
460	333
88	193
109	450
444	422
543	446
432	57
250	40
196	143
265	276
462	418
300	295
129	275
412	282
241	583
255	61
348	357
395	105
452	553
31	57
66	16
29	102
108	312
236	86
95	3
50	593
216	193
39	287
259	142
108	305
327	31
498	3
177	180
520	410
253	51
476	368
467	249
466	465
509	277
66	536
79	315
292	11
151	210
263	153
108	155
415	588
451	430
356	334
85	250
559	164
412	273
296	473
428	190
194	497
470	300
472	475
80	572
49	473
368	594
391	191
383	389
406	134
250	361
199	452
132	195
44	66
432	200
262	90
281	594
186	106
460	113
2	537
69	121
223	45
359	349
332	303
8	505
551	156
480	212
112	328
226	378
276	505
306	284
555	421
95	442
149	41
42	127
355	472
68	183
130	228
239	416
186	436
555	1
452	593
536	219
563	558
203	123
282	381
73	257
187	400
344	185
87	138
445	44
537	203
56	577
220	329
36	453
477	434
267	52
260	235
487	50
404	363
162	123
386	233
63	371
202	494
345	12
428	153
49	298
222	246
389	236
131	113
100	225
401	213
302	571
392	36
80	29
486	65
245	493
272	434
440	214
123	115
271	190
345	497
537	390
71	541
447	227
290	136
344	255
241	249
295	213
94	504
424	512
263	598
168	94
457	187
209	582
452	236
244	251
417	303
265	300
335	44
346	10
197	130
47	197
210	322
122	139
161	380
258	6
209	573
325	353
512	306
445	367
439	179
518	176
504	7
70	168
484	423
162	406
409	250
10	254
392	45
443	379
229	284
179	381
272	18
321	362
345	377
361	573
88	62
151	64
82	532
140	542
496	315
212	354
57	348
232	133
527	581
254	352
407	108
358	327
546	49
472	326
281	556
321	203
397	592
357	439
596	523
182	58
360	491
434	322
305	126
538	0
155	349
543	543
50	71
232	154
113	350
70	64
139	424
256	86
265	549
282	466
153	415
112	560
431	226
441	459
158	202
119	297
167	36
530	379
34	74
108	192
170	534
31	493
531	393
483	555
503	441
148	333
541	541
583	92
19	94
365	200
42	13
193	78
192	315
507	361
188	520
255	126
481	115
191	448
93	387
565	380
212	304
93	98
509	449
471	529
470	299
282	70
107	186
420	305
98	551
590	252
50	278
332	296
498	571
555	229
190	473
122	406
187	54
315	64
244	95
123	541
421	427
413	384
85	334
125	367
513	493
447	112
442	312
360	362
105	193
229	201
401	320
296	573
26	440
17	0
310	594
200	186
412	211
416	387
154	477
335	244
96	103
339	498
128	106
543	336
1	49
210	8
178	251
552	317
435	401
402	256
512	494
337	485
223	544
64	210
256	386
87	500
68	595
252	165
382	359
20	158
447	279
567	436
350	175
145	242
155	429
276	211
596	529
147	579
193	309
42	201
586	410
225	587
65	284
87	510
186	68
579	103
183	48
454	211
527	360
164	568
382	328
90	574
184	509
433	470
399	110
544	181
229	401
80	204
51	398
416	232
191	436
585	193
188	182
252	481
316	42
256	354
552	430
295	68
392	175
208	451
501	223
87	265
140	210
552	29
262	517
444	151
418	316
178	454
252	159
14	569
478	176
207	102
324	419
201	306
126	522
67	150
135	396
476	314
211	458
399	16
357	574
453	208
205	528
41	412
417	302
342	391
3	111
109	535
336	388
379	419
536	579
415	323
289	514
329	59
334	213
246	587
101	51
128	598
150	515
579	341
168	455
186	280
78	474
311	392
542	227
9	59
73	438
152	525
70	563
460	192
98	326
499	168
554	522
2	534
569	426
83	198
172	310
452	167
259	454
408	318
578	382
407	559
358	102
201	106
459	517
271	286
537	58
370	5
544	86
237	83
408	81
173	355
107	287
546	480
350	327
453	461
178	48
569	123
361	64
262	357
204	323
152	32
402	556
318	524
330	331
559	481
409	155
263	136
15	551
374	144
84	504
186	258
584	437
491	417
88	384
404	153
293	449
538	563
494	34
548	26
285	397
474	245
175	69
138	577
125	80
222	450
312	78
50	79
90	274
233	391
439	49
15	579
177	243
224	522
419	141
119	427
533	273
516	282
463	387
93	106
105	584
53	531
526	557
65	81
1	513
135	209
48	305
210	144
525	342
288	289
52	508
268	179
118	89
303	109
499	200
506	447
439	202
526	542
523	569
588	147
204	448
481	146
273	433
497	194
206	348
221	253
77	393
191	325
588	147
457	481
521	249
501	579
530	226
31	72
522	333
143	35
534	34
123	6
197	575
489	414
485	419
170	569
275	385
282	471
42	290
196	106
85	218
323	492
375	37
51	428
135	181
165	428
498	595
97	553
592	455
526	152
25	390
133	82
496	560
204	596
517	154
278	349
41	566
567	476
18	565
94	270
303	55
35	73
469	103
55	313
591	29
3	276
356	249
265	539
139	417
31	503
305	135
418	182
3	234
294	121
527	176
83	483
204	349
324	104
515	594
226	31
309	492
53	270
3	72
442	448
197	393
495	278
586	309
211	559
110	82
4	45
498	520
592	214
164	179
221	211
63	104
556	361
302	425
327	553
434	207
28	334
468	387
417	539
387	281
191	286
126	569
324	477
574	467
272	172
67	167
273	375
231	486
26	210
247	384
342	395
365	243
410	200
35	140
257	587
394	438
65	79
72	140
122	341
168	188
271	584
411	355
365	97
509	447
240	559
163	476
221	590
320	598
338	531
62	344
418	234
9	223
157	109
455	471
427	257
164	335
513	62
434	379
156	11
102	478
251	131
326	594
1	144
574	358
207	194
497	474
377	124
141	322
175	364
439	421
283	429
246	225
354	595
235	68
299	290
182	145
293	506
204	374
382	11
540	438
125	490
305	8
217	341
153	370
474	201
229	283
149	437
57	252
598	570
443	322
286	450
136	268
27	129
178	467
238	493
534	138
368	246
401	179
214	257
499	516
116	71
580	300
134	597
114	566
1	135
93	289
360	206
281	73
514	484
115	86
592	144
575	414
348	122
166	178
598	164
445	450
144	474
280	278
145	264
533	330
23	407
365	324
597	436
182	525
260	405
251	306
222	233
397	455
493	299
362	39
266	153
204	514
82	191
397	411
395	372
334	588
324	590
407	88
538	279
368	285
15	283
374	213
244	516
162	479
488	460
379	479
361	78
492	102
190	306
64	559
535	467
417	520
460	303
487	129
451	554
374	244
93	143
241	368
47	453
243	572
399	201
180	349
460	46
200	300
328	533
411	431
58	258
473	298
163	134
66	402
107	219
162	590
44	559
175	458
467	351
76	297
551	199
530	174
274	220
293	215
52	559
149	71
55	22
3	583
342	176
155	128
206	476
586	95
526	246
292	53
435	504
104	202
516	57
128	494
205	37
560	291
510	273
199	163
59	593
491	425
383	448
207	334
441	546
16	491
369	209
429	166
20	435
220	403
346	84
554	496
25	181
106	237
202	513
311	70
234	72
157	254
155	570
321	394
64	425
264	407
208	483
285	72
225	259
172	64
534	427
100	521
355	480
146	199
13	218
552	349
550	247
444	577
110	139
485	285
310	245
384	349
454	193
520	153
495	190
588	78
10	43
395	237
302	315
178	183
305	313
254	307
270	586
117	198
61	422
503	350
408	50
498	43
281	246
115	434
281	414
256	480
323	391
298	543
231	175
312	456
419	433
502	77
92	252
348	417
322	16
35	87
137	204
115	380
284	70
432	378
444	216
123	441
550	435
381	92
314	11
190	590
455	367
179	383
332	43
21	199
250	156
526	277
510	415
575	452
42	134
461	115
131	160
555	551
493	388
240	48
466	314
144	157
450	382
441	324
155	138
556	194
258	494
211	403
362	199
466	503
17	265
534	258
547	538
402	534
205	213
312	398
83	384
12	185
78	474
20	305
525	172
580	224
44	227
447	350
170	399
39	26
20	220
389	474
287	314
340	328
203	3
368	267
547	248
276	151
264	16
377	186
333	31
490	436
414	550
28	194
313	461
148	367
471	474
568	544
316	380
119	546
9	393
508	227
571	256
69	361
373	355
155	11
240	61
482	514
82	404
416	379
580	251
59	476
558	567
442	512
157	420
213	161
85	171
345	209
537	122
459	517
31	408
582	431
473	107
256	6
398	144
422	484
15	430
368	364
13	344
424	277
191	477
3	128
281	198
370	410
225	35
330	582
451	338
359	346
261	261
96	356
332	367
187	466
37	27
465	211
312	24
316	44
502	293
5	146
587	253
27	505
598	351
510	128
142	5
65	178
15	431
437	281
194	548
122	304
578	460
16	133
515	172
148	289
221	526
23	94
54	5
304	60
573	570
242	279
354	182
584	577
348	389
388	295
162	283
495	571
547	566
594	142
162	455
436	495
504	406
156	157
61	457
342	77
377	296
147	240
517	33
456	211
591	227
593	28
490	449
430	143
372	429
419	106
121	101
438	19
428	79
274	140
198	205
256	16
471	597
237	21
361	480
446	38
149	589
311	547
229	73
196	47
200	101
351	382
540	227
192	449
469	462
499	56
444	534
378	442
155	501
11	548
292	137
45	436
345	478
580	504
23	55
468	152
100	281
498	229
431	189
181	556
414	511
163	195
26	23
361	391
400	428
459	8
337	248
425	409
520	220
594	320
323	160
370	230
403	207
375	83
54	45
297	153
556	142
360	403
14	437
448	163
370	197
191	245
91	408
591	571
558	153
214	509
423	64
538	276
345	265
459	332
437	337
473	572
106	303
572	107
35	115
459	241
590	110
84	543
104	469
577	556
414	243
452	461
422	65
433	95
476	541
178	452
504	381
560	456
53	214
565	551
141	181
198	486
231	73
253	146
299	236
294	472
284	508
127	210
140	250
194	539
125	237
271	583
75	84
434	386
136	15
68	508
191	360
366	541
554	356
424	563
583	104
215	69
565	73
5	554
325	572
18	123
19	519
392	114
531	426
548	246
552	101
464	372
431	184
446	395
315	593
599	428
154	573
122	156
261	534
448	224
60	453
19	436
400	37
79	424
258	52
97	87
56	598
284	341
392	567
554	476
533	317
471	539
431	552
538	180
63	103
61	88
71	512
59	34
280	20
273	165
37	189
189	338
221	164
219	122
190	99
511	100
565	100
124	283
546	116
307	151
15	408
239	215
9	298
573	312
112	312
10	557
433	73
348	355
546	213
258	486
333	512
511	238
598	242
178	416
599	38
185	34
563	181
12	423
502	494
550	531
139	149
581	140
184	493
427	205
324	147
53	400
345	577
432	350
500	203
540	70
530	33
105	41
500	546
598	94
242	209
360	119
518	215
207	302
343	260
349	365
463	243
295	577
390	114
94	450
125	523
479	458
406	506
406	423
320	298
442	95
561	462
1	55
261	409
556	104
331	531
582	342
414	289
206	390
344	432
35	44
146	165
15	406
361	572
508	585
179	179
172	350
272	41
533	160
203	409
320	260
374	253
546	445
253	593
228	44
259	438
109	241
74	327
88	0
270	131
576	234
488	447
39	455
473	559
574	197
596	241
415	352
6	87
174	558
17	135
406	294
340	520
552	436
270	3
173	291
569	316
333	352
524	291
129	30
537	131
242	340
181	487
204	87
317	220
517	589
94	439
96	95
469	155
494	26
237	175
204	419
454	226
583	12
235	140
492	592
564	2
516	190
18	469
116	157
265	328
83	429
319	380
517	485
163	35
469	599
489	453
511	260
426	25
163	557
543	116
557	431
598	351
73	26
398	0
187	198
61	72
109	243
129	236
243	556
98	218
512	30
286	290
283	67
23	38
43	29
47	32
119	249
379	127
211	594
142	420
29	255
540	143
78	410
63	306
124	590
342	158
187	324
569	554
107	402
546	453
349	113
445	244
104	361
344	484
400	123
597	254
46	402
516	146
2	351
477	457
60	112
100	499
27	77
157	313
461	63
463	233
197	172
525	524
394	75
575	85
52	152
583	48
513	317
384	564
254	110
161	438
449	447
198	188
587	452
263	587
579	85
522	318
293	355
84	355
250	355
445	555
473	359
242	566
499	539
139	241
380	363
348	69
270	326
305	333
415	190
219	412
250	151
471	552
339	242
134	103
596	22
199	460
557	113
168	406
320	208
131	326
146	385
165	475
374	417
586	203
347	591
500	120
518	532
211	444
362	165
118	395
179	518
495	428
483	85
21	179
212	384
587	478
220	196
478	42
390	52
275	385
404	66
527	74
2	117
40	46
63	511
248	474
309	305
275	198
215	61
198	472
202	488
319	510
180	26
11	111
329	227
410	324
509	180
471	232
108	135
435	216
44	60
562	25
68	362
445	62
118	86
38	547
503	114
451	513
232	181
161	157
181	187
265	575
579	489
72	452
318	471
425	281
103	250
85	277
253	333
595	41
43	403
194	590
535	140
226	587
171	146
163	386
84	446
102	350
64	484
511	188
149	312
396	234
4	459
423	544
540	214
407	386
418	161
189	575
582	593
98	361
426	444
470	89
499	250
515	358
178	538
208	122
580	446
506	409
557	204
476	535
156	545
479	133
88	532
36	456
592	501
326	486
39	128
326	245
62	306
254	42
524	183
214	331
145	533
453	394
96	480
143	142
522	243
221	127
352	200
83	430
384	388
426	599
328	322
14	196
73	162
137	79
539	566
430	355
550	241
178	208
0	404
29	65
363	70
7	387
214	392
533	445
355	410
234	103
41	389
322	456
320	54
226	448
161	476
75	134
400	302
62	175
154	436
489	404
584	384
280	110
334	192
542	305
469	460
34	258
572	326
519	310
462	355
572	81
412	140
570	104
67	561
348	155
128	419
72	227
416	332
187	307
133	406
236	126
114	316
94	197
207	161
473	139
320	195
98	239
488	211
487	213
139	221
175	290
328	318
334	297
365	494
526	119
494	36
144	351
301	544
194	595
293	33
579	465
322	268
162	85
575	453
149	144
427	277
429	269
214	177
182	324
413	130
20	133
221	326
176	10
92	355
11	529
50	571
2	13
487	25
55	72
423	174
456	159
416	535
152	250
148	455
68	486
226	453
400	161
310	10
352	426
409	209
51	122
131	19
353	163
541	294
477	315
339	121
453	492
102	135
526	332
408	205
117	277
400	129
88	384
566	82
467	34
425	182
343	83
331	452
549	14
70	47
464	362
199	163
231	277
473	479
402	336
133	423
52	107
573	36
559	301
56	362
78	591
487	319
523	142
118	27
289	68
167	32
563	162
120	375
115	316
244	52
312	273
223	480
262	541
107	409
401	37
304	352
60	494
17	62
75	426
329	444
386	400
107	518
484	47
401	170
341	334
573	139
395	291
387	333
463	199
519	44
346	467
507	414
394	337
249	209
324	312
351	130
147	5
480	227
94	483
382	296
408	328
582	399
73	115
524	177
490	221
461	81
558	91
12	448
19	493
292	91
80	503
492	386
113	489
376	357
125	596
108	597
337	588
163	76
245	125
278	314
308	411
489	405
249	42
7	260
364	414
533	488
284	504
188	63
151	326
144	391
45	78
78	68
147	431
194	462
515	571
318	258
528	245
350	66
311	515
200	452
105	112
314	260
109	129
236	287
154	361
172	213
122	156
40	474
19	148
565	577
551	11
311	173
555	598
306	278
332	251
564	508
485	471
341	427
253	77
119	172
542	334
200	459
368	586
214	442
564	569
42	209
341	481
373	144
592	556
367	380
364	493
182	321
420	374
427	394
394	153
313	42
566	354
583	38
571	525
133	529
50	481
491	331
33	384
428	463
571	314
113	224
571	285
82	103
531	219
520	588
494	232
78	70
334	327
238	248
495	120
32	315
243	415
460	426
223	124
249	70
90	179
486	86
149	448
301	370
78	441
552	244
303	23
187	84
115	345
113	383
137	375
523	179
505	553
355	122
171	458
158	352
479	476
400	290
414	401
330	85
592	491
126	592
311	209
435	304
569	190
428	438
187	487
226	174
208	185
58	551
209	533
474	42
22	26
492	513
562	461
21	277
365	254
87	99
364	234
330	325
467	177
458	505
402	404
474	312
309	301
86	269
549	442
198	127
412	183
486	453
142	479
298	494
330	31
223	66
120	247
485	192
285	421
57	444
146	360
214	140
131	255
51	544
19	28
104	212
452	72
234	580
508	563
126	51
235	208
338	415
457	259
167	172
429	352
363	83
207	33
203	63
415	156
301	53
487	343
579	93
51	209
131	433
145	190
460	353
131	286
276	248
146	322
564	262
588	444
541	75
214	67
435	237
60	104
375	494
229	512
587	518
501	214
367	480
58	491
384	171
247	261
0	239
6	73
153	402
520	543
474	151
177	281
476	169
215	591
534	129
145	450
525	186
461	138
536	205
169	487
375	46
210	553
283	594
579	140
224	563
365	11
232	394
405	335
473	120
588	341
494	113
592	378
476	270
479	411
35	245
523	197
580	470
33	485
201	308
444	270
39	103
439	365
25	578
127	138
559	166
494	269
99	370
180	563
148	61
544	348
579	138
69	593
43	175
423	463
430	218
37	27
210	87
8	593
354	442
313	205
152	22
306	397
97	9
338	377
129	268
156	104
150	394
345	128
296	244
121	362
413	366
529	95
75	26
447	3
455	295
521	213
242	221
267	255
195	120
87	401
128	271
54	404
6	440
13	414
88	465
51	1
459	269
446	111
560	594
270	503
547	219
529	357
25	591
309	561
222	573
381	446
60	377
322	149
336	576
179	469
374	268
464	241
276	180
543	351
460	596
385	313
323	388
551	241
511	415
198	501
78	98
17	213
233	87
318	277
119	166
177	411
14	47
36	303
388	54
488	442
572	315
405	412
116	437
381	494
346	18
463	344
431	13
544	65
140	509
387	257
233	494
369	436
117	583
596	469
279	575
181	444
50	532
261	270
560	545
473	295
101	180
174	135
404	433
356	302
128	198
40	5
256	237
521	427
285	487
235	560
512	579
98	482
12	3
206	97
243	383
213	241
581	160
543	300
563	123
35	97
233	71
406	549
177	317
355	52
580	180
182	228
404	382
211	119
502	3
348	251
291	496
503	167
437	467
6	308
30	445
359	365
507	4
340	93
104	324
557	540
158	386
97	341
247	453
436	567
314	305
514	142
82	185
458	509
457	280
317	459
25	389
542	471
35	472
156	120
321	397
170	262
301	220
303	231
493	51
505	143
494	209
149	359
325	407
289	568
69	117
3	68
314	597
306	146
300	200
274	52
95	244
45	518
15	599
77	22
297	107
166	66
317	398
376	242
488	260
490	19
101	451
266	277
227	379
201	106
314	8
595	76
287	29
580	537
455	127
78	85
161	363
567	445
403	357
263	219
502	62
528	475
430	537
14	481
153	410
462	188
562	331
314	211
157	517
98	443
186	455
135	74
287	310
400	459
77	274
344	342
325	152
175	235
11	521
492	395
400	134
404	459
382	430
300	366
21	310
291	14
19	52
571	23
183	329
390	232
550	136
188	87
103	534
499	551
409	160
184	425
420	236
9	124
405	413
485	146
571	438
139	185
518	442
543	82
295	382
347	137
594	212
594	66
129	349
95	468
18	337
357	357
1	326
192	186
320	459
168	497
466	32
381	365
47	84
102	429
49	522
556	362
294	298
3	74
70	79
481	30
20	186
199	44
98	546
429	58
221	5
561	456
359	160
239	312
547	255
493	149
115	274
133	245
493	429
510	277
100	450
564	31
35	340
27	442
4	74
91	247
359	231
517	139
38	594
524	78
565	135
311	598
407	201
419	72
163	466
541	421
101	392
396	453
105	518
45	11
11	428
408	61
434	156
248	422
58	387
552	441
57	319
137	588
9	203
336	255
268	332
268	183
278	63
501	220
292	266
328	123
330	532
79	401
490	281
509	469
529	381
391	87
115	28
198	347
295	324
137	341
357	496
200	48
235	427
347	231
383	389
105	206
439	156
556	390
204	457
441	307
389	182
221	356
480	50
363	111
251	113
571	94
97	250
204	170
408	542
50	250
214	58
163	464
180	121
347	352
171	378
287	550
507	305
414	387
27	60
380	84
474	532
376	231
428	158
157	314
520	69
350	250
70	14
147	356
406	560
472	164
139	462
476	392
151	194
590	544
24	399
420	533
504	331
150	531
266	591
175	484
248	157
483	346
282	197
596	496
265	452
391	494
49	561
467	543
341	157
98	536
540	415
279	400
25	505
255	318
88	458
29	332
92	384
182	470
310	90
307	95
480	312
244	200
392	56
129	349
16	182
340	599
298	351
410	95
424	362
241	389
545	170
235	542
112	108
353	563
271	594
299	500
177	426
203	40
108	319
153	519
533	418
361	543
446	140
369	519
450	506
142	484
17	461
423	509
95	372
49	149
559	377
145	516
190	238
592	66
90	314
80	146
0	371
317	566
412	137
191	597
235	357
212	502
397	36
138	335
399	373
162	558
404	538
408	459
92	534
175	249
412	92
97	0
261	87
436	352
137	51
345	259
511	23
422	551
160	486
474	230
394	33
408	212
410	218
301	461
438	63
340	137
96	338
593	158
431	497
547	519
536	206
450	582
98	437
255	499
326	565
187	264
197	93
496	179
411	61
292	310
570	238
27	575
170	375
44	583
435	325
572	442
77	334
175	410
191	538
405	303
540	94
472	479
227	198
60	310
37	406
280	10
106	550
89	278
532	232
5	137
197	239
396	202
517	166
515	251
51	250
411	47
508	372
102	568
266	599
161	401
500	18
429	517
131	435
88	267
60	505
224	407
225	100
408	397
74	203
67	260
10	281
28	549
44	220
416	247
84	20
236	409
442	525
176	475
481	129
149	585
357	133
74	452
291	246
498	511
219	576
170	179
472	99
366	296
224	330
507	592
94	73
351	561
549	282
365	264
567	68
332	596
420	273
407	470
582	3
408	283
17	442
429	515
576	36
596	417
106	282
523	327
588	434
576	174
288	326
439	23
91	561
506	321
363	145
554	135
327	238
52	109
162	269
39	95
327	329
2	558
304	295
314	232
209	36
105	107
247	533
354	86
415	170
353	483
145	505
328	53
90	475
163	130
233	100
317	141
105	268
196	43
269	29
103	143
139	313
144	76
311	418
132	159
16	477
374	599
431	4
60	490
259	102
514	149
234	469
19	175
314	43
70	474
238	362
84	224
572	255
295	102
218	138
94	343
233	341
270	392
202	582
323	115
77	355
292	146
1	233
220	250
110	353
412	586
389	536
45	126
537	65
468	268
583	153
551	50
72	182
75	490
543	533
416	420
238	79
220	358
507	423
84	554
48	306
58	316
152	316
143	231
349	43
569	67
79	218
296	284
391	524
67	490
209	155
568	49
224	164
520	173
75	489
184	587
589	331
76	350
331	577
526	69
598	9
92	254
192	42
520	145
227	68
128	171
229	380
6	110
288	336
218	25
229	68
164	233
257	78
454	228
288	500
565	237
86	544
408	441
589	492
184	85
336	456
536	66
213	542
295	94
105	86
208	64
478	523
523	128
248	353
396	417
541	89
496	19
586	138
584	441
42	30
143	484
497	126
302	274
247	155
238	127
449	562
597	470
265	75
209	76
357	255
370	353
405	203
61	324
454	205
90	57
292	281
303	90
548	561
37	208
199	55
560	172
586	136
253	382
202	256
259	136
405	419
396	49
516	471
45	570
165	388
169	86
597	468
60	370
427	261
227	198
199	536
25	128
417	133
451	204
398	429
389	586
324	420
398	460
487	401
190	433
253	491
377	435
180	473
187	26
83	438
418	355
101	592
572	72
218	451
349	341
23	15
122	100
342	3
356	38
257	524
492	263
464	510
157	325
554	421
184	172
176	512
176	432
596	483
61	289
424	176
38	372
212	322
95	428
39	61
203	428
14	61
170	471
427	433
403	262
13	395
542	326
461	576
248	347
376	127
345	413
576	143
554	374
78	513
359	12
290	255
77	545
459	31
325	573
90	25
350	37
576	369
473	466
175	488
198	152
438	574
548	185
103	252
213	398
418	297
503	481
132	51
287	362
251	120
17	244
48	408
42	179
263	560
238	501
218	558
557	154
393	268
313	249
22	163
27	216
101	374
451	15
385	103
53	170
442	114
232	522
122	316
451	6
30	231
201	555
74	573
323	109
413	286
36	89
76	409
416	433
354	107
13	34
61	334
284	446
588	457
577	129
404	528
309	434
410	520
573	104
483	561
403	294
583	544
34	213
20	328
424	236
430	29
556	526
156	332
166	153
358	386
102	390
306	352
588	410
94	200
351	400
184	191
129	304
298	110
215	336
113	126
23	38
540	495
130	23
577	134
193	383
411	201
395	157
0	576
356	378
151	170
330	278
198	481
385	88
554	275
486	200
272	206
513	194
224	519
99	49
89	22
367	541
415	546
381	362
17	469
361	351
127	491
59	160
249	221
7	504
35	412
52	295
541	404
418	164
246	383
268	183
216	18
125	526
310	72
120	193
330	585
311	68
268	391
525	33
325	405
79	263
10	524
12	323
355	124
134	105
27	363
593	519
138	533
352	550
341	248
559	206
279	106
426	221
41	345
37	436
54	95
117	391
353	409
443	206
367	26
65	396
585	64
173	27
410	419
443	394
279	109
246	437
460	347
183	15
483	78
286	223
439	374
285	324
247	564
77	181
350	83
599	562
375	498
300	457
77	72
529	310
336	413
242	354
501	568
24	318
557	250
37	252
333	142
323	498
29	420
124	468
426	121
501	262
598	165
300	515
247	88
160	124
253	457
447	392
13	557
578	524
187	1
573	248
356	260
531	382
449	147
335	240
327	26
573	132
84	204
526	566
276	72
458	506
425	240
112	285
233	390
41	520
593	582
155	367
352	306
521	36
422	310
104	370
571	65
588	353
516	132
352	406
599	442
13	364
320	156
386	43
69	456
194	171
460	461
339	269
156	118
546	502
104	384
571	217
416	586
494	304
370	376
62	271
430	508
596	293
567	386
384	55
260	366
511	35
351	196
208	278
85	19
360	115
60	15
205	96
395	145
184	110
386	549
235	13
259	425
546	153
592	45
487	590
396	99
493	51
102	181
214	518
535	37
440	556
525	300
42	499
568	387
44	206
377	87
244	204
259	165
453	109
185	546
530	450
47	389
249	504
429	332
178	113
518	280
174	375
15	62
405	517
306	106
216	564
98	506
525	519
449	492
136	180
598	389
6	400
418	327
229	597
201	278
256	90
150	64
103	448
590	143
82	596
343	148
30	381
66	217
280	444
115	34
479	571
321	161
318	524
305	566
279	415
77	343
59	455
66	274
245	449
399	476
118	42
513	436
315	357
83	249
596	109
83	404
270	301
320	460
335	474
263	596
49	249
53	435
496	34
551	128
13	537
493	304
133	29
549	126
28	374
363	45
187	144
158	589
288	318
518	127
61	541
98	319
153	495
294	77
18	465
241	368
564	217
268	64
458	479
127	278
587	494
70	258
265	167
200	320
291	115
408	473
499	571
460	33
441	286
107	50
269	270
148	493
500	591
409	8
274	317
554	544
54	593
582	212
179	143
332	19
514	271
552	428
277	543
106	480
183	81
0	270
23	174
491	43
451	535
543	547
488	499
275	97
512	442
105	582
37	276
40	74
1	407
556	108
424	52
15	599
309	389
145	124
41	205
163	406
539	491
114	150
361	37
206	347
324	461
90	229
538	410
422	231
364	206
104	263
112	455
89	531
401	205
163	57
434	87
152	530
154	522
238	85
216	583
135	468
472	367
293	45
334	189
315	439
223	401
182	519
528	221
386	102
598	437
321	496
452	568
38	220
186	349
128	75
546	236
114	63
495	3
559	418
326	145
203	599
102	82
348	160
132	432
135	198
463	282
247	543
251	444
209	415
289	162
19	413
563	466
258	472
508	301
235	351
166	114
57	42
38	224
373	168
49	501
420	149
250	343
506	248
324	558
292	279
441	333
411	279
237	163
389	235
405	34
509	296
185	484
66	148
25	356
517	481
571	144
349	81
482	465
509	191
178	4
516	496
120	417
485	156
239	349
333	197
157	454
385	107
420	2
314	337
524	140
1	471
413	501
565	477
339	435
404	265
234	104
565	502
417	178
131	561
347	562
462	304
96	260
276	138
170	82
501	381
467	524
204	0
36	536
161	181
256	266
171	58
96	432
291	309
71	101
212	234
485	216
246	114
273	504
81	369
472	158
575	148
162	191
42	262
347	460
37	230
119	448
463	574
447	582
505	154
520	77
137	114
522	73
343	70
22	486
541	590
113	147
451	579
358	105
400	341
239	503
61	34
179	132
107	416
107	103
165	167
119	270
320	350
326	330
254	160
506	235
418	435
146	205
526	333
201	343
465	194
307	348
44	471
72	7
283	469
1	504
569	250
504	261
44	585
164	399
463	92
337	411
62	100
454	488
404	62
400	220
81	433
84	166
23	127
394	143
172	16
29	467
282	214
351	221
369	129
33	524
30	135
95	208
548	206
202	16
73	474
439	308
68	246
174	274
426	72
285	376
96	326
122	365
3	47
567	371
139	552
344	444
6	331
248	345
241	221
65	233
537	53
499	196
567	268
156	125
361	61
573	69
14	171
117	273
90	529
422	458
375	266
197	413
308	550
216	271
591	365
416	15
111	435
470	80
501	344
562	577
120	123
526	210
135	10
193	349
265	433
327	167
488	348
590	394
532	579
19	80
564	353
155	446
24	577
470	418
482	230
397	107
186	532
204	324
393	408
27	420
421	361
86	213
66	306
180	518
146	414
197	344
196	462
493	521
568	481
125	457
482	89
281	295
117	70
539	302
54	113
38	553
569	383
55	64
570	528
382	575
138	411
90	145
409	264
426	470
410	241
537	310
330	334
369	345
26	115
591	364
213	224
567	402
435	558
478	237
475	361
358	255
111	302
103	474
489	10
327	223
260	500
356	15
533	160
217	532
544	361
253	539
527	227
105	169
493	34
319	223
505	514
208	27
438	4
174	284
207	81
552	226
296	158
316	159
95	124
598	502
570	35
415	319
106	3
289	372
396	471
478	3
473	54
537	327
107	111
124	77
104	352
536	313
299	195
507	11
125	558
84	218
59	526
394	482
377	215
594	533
148	561
295	20
309	170
236	423
18	261
285	353
462	69
4	225
329	16
503	126
146	490
222	275
56	172
410	299
96	9
457	25
529	173
511	462
339	130
334	191
382	113
174	427
551	33
351	526
29	39
403	469
290	595
369	527
301	514
476	99
4	461
202	36
454	270
336	142
511	498
307	219
181	351
265	7
159	51
158	588
325	102
210	547
186	94
144	48
190	93
202	368
112	425
472	338
577	471
135	79
67	165
166	375
297	123
259	425
584	589
268	599
467	192
114	316
596	350
456	531
558	120
289	165
248	111
575	287
140	6
144	397
317	120
411	303
478	514
97	583
88	460
246	347
564	265
238	453
46	304
420	12
66	247
158	567
16	211
404	518
427	255
471	61
104	494
599	470
186	238
461	306
234	291
263	187
139	77
466	41
28	96
401	39
102	102
403	177
133	203
43	61
244	28
489	331
65	148
470	514
87	413
388	264
194	487
340	525
62	313
193	269
80	249
386	400
502	273
94	64
506	33
407	374
449	594
416	114
43	166
315	573
411	282
467	188
253	468
32	292
71	271
369	556
280	24
36	115
22	165
441	23
212	473
229	583
487	582
41	62
306	559
386	172
152	281
324	171
366	510
24	19
379	141
181	442
447	185
314	180
433	556
210	250
109	440
568	90
450	547
441	99
282	180
393	52
106	510
533	248
473	416
216	415
398	558
217	380
282	344
9	158
228	364
459	366
131	18
516	44
350	45
514	22
231	225
145	175
495	541
224	223
563	311
3	156
259	518
145	469
51	512
517	359
531	320
570	470
1	363
39	370
518	440
434	523
86	65
193	466
193	179
243	509
583	46
517	455
208	49
33	578
552	85
217	585
82	460
393	7
148	230
538	470
168	544
75	317
498	561
498	345
93	418
457	190
129	130
307	298
527	427
533	558
557	125
425	66
172	412
454	236
46	576
276	485
326	457
179	208
480	53
59	103
503	536
141	276
501	87
113	226
501	505
497	109
444	26
27	84
558	301
308	577
173	381
111	259
485	104
460	489
2	88
174	194
251	552
37	381
248	264
362	274
245	181
121	516
427	200
480	68
172	561
166	35
581	8
39	291
432	335
60	203
78	271
439	429
524	358
420	5
381	330
330	496
45	381
113	303
93	117
70	230
250	302
122	581
120	422
553	275
76	100
422	506
248	54
507	115
343	22
61	127
328	345
535	159
239	388
245	0
342	75
473	478
36	143
275	580
364	90
504	318
70	482
477	395
458	448
461	546
240	565
326	63
557	176
394	474
416	478
466	133
419	430
204	312
317	496
37	19
508	305
393	559
528	541
551	209
498	474
362	268
35	93
578	482
281	252
370	439
524	47
258	474
351	108
60	208
18	413
427	23
364	391
192	84
526	194
223	33
115	232
166	366
59	284
173	523
135	553
72	568
23	460
562	458
206	214
420	570
103	194
331	290
49	64
464	551
22	475
360	406
1	221
588	477
390	253
99	295
291	482
3	98
508	431
30	377
205	179
241	185
496	196
568	291
166	535
253	477
538	150
64	21
401	62
416	299
278	588
320	305
154	228
4	258
376	230
506	524
87	565
182	443
464	461
518	307
71	89
484	218
311	110
178	200
438	87
415	557
264	45
592	229
311	171
290	426
303	212
531	118
0	289
96	194
5	91
449	176
481	65
569	306
17	311
58	510
468	219
13	599
375	589
111	576
446	162
15	263
189	125
427	435
84	163
218	540
265	249
61	70
375	292
279	561
164	549
412	376
208	215
293	492
385	230
569	309
3	350
383	269
437	365
112	168
128	14
73	11
288	243
190	440
189	478
371	523
355	332
99	269
525	423
268	74
312	398
386	289
291	139
71	407
165	416
372	32
423	559
273	212
376	101
560	346
295	274
136	572
563	232
557	30
407	174
509	276
25	384
358	519
113	388
434	267
447	571
348	416
293	545
269	371
3	68
239	137
122	277
555	583
384	38
413	57
554	505
597	165
248	544
585	251
81	398
573	452
584	376
509	475
510	82
225	444
351	554
335	280
73	43
151	42
446	289
47	193
491	411
391	363
512	194
311	10
496	324
300	581
67	53
169	550
95	164
434	331
150	45
204	387
424	576
281	424
456	157
583	163
396	81
168	472
463	554
236	223
169	140
34	284
206	5
142	508
459	171
28	300
92	120
451	143
435	7
308	220
500	14
329	186
268	311
67	137
463	381
500	447
504	31
124	251
51	588
6	537
415	300
274	459
351	527
22	424
63	220
517	451
316	280
154	107
92	249
269	362
549	557
187	333
241	532
445	535
487	223
551	370
141	243
89	195
57	70
114	216
359	29
103	233
93	39
388	113
2	322
481	551
484	216
406	525
337	277
209	500
326	528
52	418
467	300
540	18
55	1
83	46
472	268
359	554
26	312
548	344
593	39
92	324
562	81
71	292
3	183
374	278
355	77
272	574
596	498
80	114
101	29
22	427
220	445
497	466
401	141
510	349
221	435
138	301
569	420
235	341
507	117
229	217
492	488
241	177
69	489
544	192
495	76
325	541
225	446
48	101
396	156
198	307
123	379
206	398
534	533
559	429
174	541
469	137
251	47
58	199
304	167
409	161
352	596
45	439
18	385
8	527
496	536
360	199
446	339
132	547
133	505
333	247
223	368
575	386
61	93
423	453
323	326
486	39
61	464
219	158
412	450
214	44
89	349
73	180
218	334
129	47
498	226
442	440
138	525
226	448
533	590
443	46
122	539
148	295
482	356
289	173
473	263
406	24
362	504
91	414
475	226
473	168
176	398
275	426
67	286
88	446
513	31
476	231
103	441
134	29
83	501
396	457
336	18
27	526
385	411
491	106
318	432
327	328
380	32
330	388
135	552
565	450
443	362
429	195
224	341
377	460
508	477
113	381
410	487
514	20
304	68
390	83
38	167
448	100
498	260
213	95
457	262
542	542
128	485
306	438
552	155
128	42
88	594
562	13
164	564
358	20
500	253
126	94
319	529
351	129
598	278
190	481
13	301
174	119
76	587
167	149
420	286
488	106
340	198
109	422
427	466
380	491
80	388
1	110
6	394
353	73
339	234
579	542
360	129
538	210
210	408
280	507
110	155
341	127
548	423
197	427
98	528
55	61
226	12
89	207
350	272
121	209
327	229
430	161
108	62
310	281
80	64
273	109
124	470
50	15
348	304
349	529
526	96
412	198
4	74
459	590
171	253
300	117
364	89
565	446
559	479
269	57
488	327
198	142
538	186
51	116
367	566
35	267
154	127
134	154
227	184
564	86
497	430
437	424
71	164
259	282
173	472
467	478
207	2
387	90
90	356
397	476
194	587
33	149
186	537
322	317
291	443
191	516
325	558
361	480
331	137
403	464
8	335
237	316
424	451
364	6
354	392
580	561
401	413
53	52
354	537
227	387
263	472
167	555
202	34
131	384
110	20
387	437
118	134
7	46
425	48
357	133
405	345
219	80
176	286
322	139
118	332
30	392
77	114
58	63
324	469
152	107
450	57
310	252
427	161
596	506
588	92
314	172
48	444
95	477
523	428
524	263
27	565
446	255
199	101
346	93
520	533
108	407
492	509
536	465
33	142
145	466
494	363
527	134
205	525
259	4
525	490
102	435
84	209
232	238
506	437
245	537
288	380
562	534
528	594
253	329
406	455
145	356
83	249
480	32
530	151
516	49
67	388
214	460
142	356
160	215
202	295
222	445
483	6
174	493
257	278
32	599
541	464
65	466
367	411
98	228
546	79
93	151
377	343
95	308
155	266
193	416
570	117
233	375
386	201
341	385
548	300
415	47
354	519
84	242
453	355
39	561
330	313
491	556
267	365
333	506
65	246
383	19
335	109
521	123
139	599
547	12
149	248
213	46
346	350
471	286
578	359
92	160
133	456
505	546
252	572
452	583
364	205
575	69
309	265
340	572
465	92
475	251
248	198
86	104
416	297
149	91
434	394
237	167
223	257
36	303
178	134
296	570
222	482
373	546
128	287
373	46
440	157
265	49
425	163
294	207
368	382
579	413
217	8
383	234
476	296
127	157
247	369
381	196
589	442
460	14
492	394
40	6
260	518
346	404
467	273
553	42
190	359
181	40
426	157
332	276
41	464
79	513
384	296
295	123
540	113
545	269
492	119
137	263
354	587
74	175
180	534
235	394
263	208
502	375
411	94
330	49
145	534
352	16
536	248
18	346
175	18
207	154
238	504
28	85
549	543
212	310
398	293
464	197
390	510
138	360
134	197
283	294
232	237
429	236
157	451
138	166
179	275
155	51
116	371
213	221
177	471
453	404
485	530
204	311
127	69
502	550
48	464
101	294
138	355
242	106
489	295
83	490
459	173
344	555
410	42
48	259
35	71
320	359
63	73
99	370
63	561
398	596
356	305
322	190
396	441
340	117
73	390
505	499
395	463
123	349
102	11
593	257
126	146
330	289
502	590
449	253
49	317
269	424
0	542
120	41
177	6
71	571
152	350
80	595
48	243
407	167
74	25
252	78
526	365
142	255
248	85
403	393
41	206
431	516
246	43
369	163
422	108
510	487
260	562
453	217
596	93
1	227
147	481
157	99
368	187
89	421
270	35
51	516
187	552
577	85
323	330
59	225
197	240
6	125
143	590
362	479
174	459
196	582
373	309
440	182
294	465
215	79
287	387
582	178
132	70
191	519
435	288
168	110
44	445
218	48
582	23
292	377
391	39
21	132
356	186
537	426
390	331
499	289
414	169
360	366
295	517
52	7
497	258
78	558
206	401
470	221
245	79
319	83
252	214
552	593
291	397
44	196
132	220
17	191
534	305
318	212
344	256
205	222
466	347
496	214
552	213
448	137
16	180
328	546
410	579
432	489
71	585
397	247
162	122
454	245
452	199
330	369
428	324
357	411
51	542
177	186
12	88
57	110
386	425
521	378
413	83
25	56
212	138
257	488
30	46
462	527
468	295
537	480
405	221
489	281
341	378
407	589
176	116
400	241
257	378
456	197
583	401
184	450
494	172
322	434
419	303
532	552
377	518
480	341
538	159
212	284
383	432
165	131
352	70
366	518
407	411
167	521
518	227
137	234
177	499
277	425
470	327
108	222
241	255
193	285
460	109
219	303
276	517
319	344
174	545
538	385
16	56
275	546
533	235
127	14
128	532
559	282
10	355
595	75
342	454
242	307
305	387
81	552
311	30
241	257
144	274
38	326
362	574
417	387
288	333
423	392
32	241
466	376
267	86
437	84
557	495
213	388
164	383
563	105
477	341
199	450
41	357
86	529
567	263
171	408
180	471
28	198
157	192
499	560
493	101
29	93
9	526
472	523
313	491
357	440
10	256
580	510
94	173
367	141
468	57
159	198
92	387
163	154
187	572
567	389
332	436
376	347
192	231
413	69
548	340
538	135
169	106
150	81
313	335
437	312
501	343
88	512
212	317
495	385
341	561
240	99
269	70
33	376
220	311
450	252
258	589
262	59
47	215
152	447
472	447
363	140
278	373
113	227
224	394
101	223
488	547
492	503
107	8
53	560
458	40
562	79
358	275
510	464
153	596
86	6
111	136
29	391
354	367
496	586
357	254
464	576
304	311
381	221
555	278
15	561
118	336
320	367
133	546
126	538
41	371
220	495
240	151
488	363
495	73
183	153
102	29
253	368
281	535
417	375
295	27
300	318
540	418
74	27
177	317
321	189
451	26
551	104
217	88
232	309
47	48
436	597
591	306
351	195
511	369
122	91
77	124
560	115
87	514
27	460
80	537
252	500
13	587
585	20
509	254
296	529
134	487
426	346
301	226
355	524
485	360
334	549
465	477
125	379
580	212
350	264
37	266
274	381
89	172
599	528
241	502
397	299
370	210
565	210
122	128
420	433
272	448
384	88
381	537
58	380
47	309
65	354
141	515
15	259
284	480
469	599
487	172
90	223
213	317
232	91
229	106
535	444
308	333
531	312
407	485
449	568
300	55
239	439
434	49
281	481
170	348
247	557
277	155
420	385
460	300
273	97
431	249
448	379
453	403
525	266
554	445
398	260
335	200
556	2
531	0
369	268
398	490
129	567
62	32
38	269
275	355
427	47
486	196
450	376
63	71
513	593
66	276
198	372
211	123
60	360
505	195
574	369
86	312
392	472
439	471
461	310
62	206
250	577
581	429
25	72
101	435
586	9
596	7
109	149
109	372
163	116
73	535
506	450
140	504
14	117
83	347
252	90
65	202
162	251
464	521
419	496
596	405
6	583
331	530
366	17
201	391
181	274
208	208
177	220
461	216
320	233
294	577
184	307
567	346
583	107
371	187
449	122
280	80
192	566
275	200
38	76
355	553
37	583
298	337
184	515
333	299
3	473
252	85
36	175
221	506
597	2
387	112
593	499
284	16
68	27
73	598
280	284
222	372
129	110
337	63
586	171
31	237
209	40
226	466
61	560
215	30
248	278
443	276
87	30
278	177
470	281
128	79
168	180
127	430
229	596
339	526
380	416
80	595
87	306
395	429
190	147
32	210
28	138
576	363
118	473
144	480
394	301
572	400
140	416
458	42
139	468
179	313
178	141
29	303
362	428
139	465
372	596
46	11
85	99
244	488
355	143
351	239
564	98
281	389
13	515
515	164
136	114
117	117
183	248
207	567
388	241
470	171
427	559
3	315
327	236
21	511
113	251
231	76
64	484
436	18
362	506
390	104
224	403
494	510
111	420
77	150
531	253
497	439
142	64
436	8
102	114
502	206
205	539
75	450
186	416
432	546
116	354
422	26
351	482
464	215
263	420
401	384
417	45
71	289
298	43
485	597
54	79
420	79
426	417
504	149
534	169
137	498
234	285
376	446
417	84
50	373
51	565
249	569
180	173
565	180
18	267
273	518
436	498
234	383
229	403
355	201
360	235
43	373
470	472
0	489
434	276
125	523
54	532
535	237
54	207
101	29
98	318
261	7
370	29
228	529
82	179
133	147
492	51
67	585
292	383
402	22
167	94
431	46
5	171
135	392
277	34
549	519
223	358
206	84
381	516
134	314
363	302
45	269
294	517
300	119
289	262
105	345
434	23
467	426
91	423
343	199
292	359
256	47
109	129
365	2
473	307
461	574
351	248
334	309
226	468
98	102
56	25
282	30
192	234
101	451
276	236
441	69
342	548
227	465
471	41
257	427
275	287
300	496
528	533
147	78
245	108
178	8
454	364
258	9
286	444
89	516
214	326
218	94
537	117
528	369
578	75
332	69
589	100
231	101
42	1
313	484
569	49
7	498
167	194
386	334
158	528
276	546
210	152
14	310
104	404
373	578
33	347
500	331
348	68
114	529
450	263
500	443
219	88
477	79
6	345
217	522
101	43
169	456
287	432
401	417
591	40
454	56
537	365
187	449
581	117
178	23
236	365
223	31
423	357
160	460
152	91
465	8
208	159
365	115
535	313
222	155
282	58
445	33
230	517
333	60
34	43
34	532
275	253
95	372
18	410
213	125
376	494
127	180
57	163
154	479
126	334
355	233
108	392
152	47
507	135
432	462
113	321
310	275
492	165
177	271
190	342
423	589
490	164
303	26
14	104
374	415
377	12
258	246
11	326
290	423
476	47
390	157
204	27
243	594
130	231
54	379
304	218
474	97
196	442
261	454
297	565
117	169
539	152
391	173
506	270
392	140
142	113
404	515
89	550
532	27
82	384
333	364
277	308
67	429
207	4
317	244
280	587
273	366
425	28
136	500
101	247
12	595
452	88
294	494
538	245
525	2
391	341
161	302
527	24
493	469
98	430
138	153
45	456
224	445
535	253
415	158
464	450
556	560
307	170
96	465
237	37
2	12
102	88
445	325
332	361
244	68
558	500
433	55
22	247
317	336
184	407
585	216
239	157
100	278
567	129
181	553
493	193
192	509
578	38
566	45
310	443
228	270
370	394
350	356
438	37
228	516
232	14
66	420
134	84
86	218
507	218
275	184
125	406
34	273
432	547
200	539
147	523
578	345
295	396
164	507
296	61
90	60
397	118
550	184
521	122
264	496
348	522
540	483
299	502
76	507
459	250
446	538
158	244
505	175
156	166
593	16
66	156
458	533
192	259
393	495
132	75
117	211
573	523
428	599
274	496
379	408
40	449
102	397
202	378
509	284
587	483
415	519
599	285
352	243
231	456
526	253
427	284
202	416
98	474
449	367
350	77
586	555
154	323
378	378
517	514
123	254
152	577
35	13
219	140
424	273
262	539
426	30
275	448
401	395
73	227
77	447
138	59
5	386
446	99
151	285
201	151
366	414
248	338
521	132
473	206
311	508
24	526
385	318
30	323
96	95
499	113
454	355
76	222
168	30
568	391
176	576
196	486
82	51
535	547
260	522
311	70
448	24
178	159
478	145
129	442
170	409
383	346
430	175
103	201
552	478
411	193
379	40
41	274
235	479
488	224
338	354
432	208
144	512
151	328
319	420
552	232
108	45
134	105
377	352
55	72
0	180
27	342
498	482
572	223
102	551
311	101
309	448
304	25
337	81
76	574
382	362
288	322
73	486
359	113
469	321
592	192
436	549
278	50
514	377
216	58
550	391
521	510
314	376
99	149
385	391
284	53
560	46
291	195
165	201
132	432
508	125
318	380
121	556
477	281
295	241
371	223
375	474
394	135
108	327
549	551
131	405
132	385
65	94
198	32
524	289
489	248
339	250
429	96
137	598
22	63
445	462
72	312
37	309
589	252
233	351
90	251
388	536
344	246
140	518
150	91
59	580
563	542
502	571
233	177
139	31
301	552
247	252
451	75
125	284
23	313
531	422
142	317
118	563
91	584
326	560
397	187
13	107
541	182
256	501
326	306
512	539
341	208
450	8
80	452
290	466
187	529
479	127
541	194
327	212
529	35
283	305
88	154
118	253
252	460
287	298
528	240
406	565
443	290
394	92
163	294
216	252
54	146
153	558
379	366
347	493
279	194
423	278
124	204
226	156
436	596
325	496
323	534
23	522
562	412
43	30
160	549
84	77
19	206
252	7
516	500
84	362
49	219
198	594
491	437
382	189
96	546
591	65
307	217
290	141
447	561
393	265
51	550
193	586
511	379
78	294
452	144
112	472
218	208
283	217
83	562
229	108
76	218
57	67
100	292
120	267
53	236
383	377
440	252
19	343
301	147
1	407
248	486
330	459
470	558
188	279
383	207
396	4
214	592
382	185
203	323
519	208
305	186
114	34
299	228
175	272
306	187
234	423
26	19
255	119
554	2
355	176
378	366
421	410
439	399
124	143
586	291
138	127
575	79
86	288
352	17
119	224
33	143
516	537
183	227
137	575
74	102
372	297
562	541
462	273
381	357
301	402
102	303
141	301
26	119
38	200
147	231
57	580
263	539
421	281
443	105
214	520
49	495
397	484
345	176
386	294
580	372
462	596
347	203
61	550
102	334
504	364
561	555
345	527
384	203
495	587
547	337
434	453
196	545
272	207
509	130
454	205
503	82
586	155
390	284
37	93
352	232
374	570
12	464
33	526
407	515
71	411
97	128
503	363
334	288
314	29
369	447
172	577
59	161
479	402
585	590
49	47
547	305
533	405
289	435
167	501
184	366
401	381
2	49
483	374
476	31
351	338
289	308
250	88
331	350
591	189
241	267
550	256
461	221
569	593
436	367
278	559
264	450
529	510
51	544
537	50
425	52
363	322
544	484
572	475
508	565
295	216
83	26
518	547
519	248
349	435
170	8
315	402
91	513
306	441
398	138
29	26
354	498
185	450
132	180
420	585
257	482
275	343
489	372
231	421
303	173
367	317
333	171
241	199
388	377
185	506
185	578
436	539
107	188
463	148
0	511
272	500
183	329
278	311
377	519
45	242
569	10
345	437
98	283
60	61
304	540
330	61
310	157
193	64
79	528
471	398
160	529
331	145
506	21
37	178
397	478
146	429
176	241
384	494
102	205
448	182
122	383
41	334
195	462
24	334
514	592
125	363
456	95
410	587
221	172
597	118
243	446
172	251
17	151
96	539
211	180
89	470
599	262
393	353
498	90
286	1
577	145
271	31
244	420
415	183
300	97
199	6
101	258
38	511
487	40
92	507
503	172
132	195
250	349
152	491
113	355
558	468
599	391
199	62
112	437
552	417
500	527
394	46
585	207
37	399
327	200
161	183
404	274
532	335
376	264
152	390
482	224
292	84
153	382
154	28
112	269
41	124
233	139
57	426
2	400
307	460
156	443
331	516
200	145
102	39
340	315
421	184
531	299
260	149
539	226
364	213
528	281
324	77
326	34
559	454
195	530
6	157
555	301
342	279
597	478
444	478
419	362
165	276
575	168
155	27
160	95
257	214
420	587
511	440
407	270
577	287
234	455
114	340
159	298
454	346
313	556
396	577
120	393
331	110
546	467
156	225
565	529
204	290
544	178
157	144
74	364
75	584
570	542
329	246
13	558
494	195
574	319
106	468
264	587
146	74
79	593
427	291
445	259
203	573
592	471
467	474
584	488
344	100
239	384
417	431
593	508
59	461
26	572
480	90
495	422
439	429
204	493
92	207
453	211
480	275
128	312
51	434
391	238
518	561
540	123
85	154
326	434
409	156
464	126
44	552
487	180
221	593
348	340
140	359
336	115
488	544
68	513
299	67
443	338
23	571
351	235
457	68
544	578
436	77
467	210
529	241
295	242
306	220
179	1
302	359
539	377
174	185
329	493
46	258
71	71
80	404
419	35
378	56
220	386
63	490
217	203
443	155
145	340
248	585
53	281
422	189
305	439
280	112
209	432
129	138
8	115
524	289
100	167
227	555
590	548
200	113
453	126
495	208
370	582
460	332
189	7
289	595
119	290
488	387
241	511
359	433
330	121
41	503
158	348
504	209
369	197
169	397
411	78
448	484
85	396
298	417
321	495
354	501
48	46
323	269
278	197
52	393
583	564
201	337
221	349
270	581
441	33
510	530
479	575
58	212
158	154
286	157
300	462
277	584
337	351
12	450
242	206
124	278
494	401
169	451
357	150
264	109
51	412
93	44
596	502
458	164
522	588
499	546
538	359
302	216
157	361
457	430
474	231
484	533
201	517
533	353
34	556
378	10
459	234
1	103
192	262
539	96
469	566
583	158
263	95
458	97
529	496
452	341
579	188
359	50
268	210
569	239
312	250
464	43
412	310
389	191
70	435
385	211
514	499
396	108
343	201
44	222
233	232
114	132
327	271
537	585
236	549
352	170
27	101
271	418
75	334
558	185
266	130
552	314
62	97
574	232
391	377
528	212
272	348
319	445
268	86
334	453
45	370
399	132
191	16
546	36
307	221
391	264
168	255
389	233
12	322
123	262
17	116
147	431
130	74
151	14
164	389
91	587
434	301
402	195
504	48
61	164
433	454
526	559
292	132
355	331
9	132
85	338
434	77
456	90
244	340
333	290
373	199
11	510
135	73
501	426
354	88
276	271
88	455
469	261
594	175
54	397
72	521
129	520
254	289
347	58
194	320
310	93
281	376
187	140
233	12
387	573
105	68
508	401
197	210
417	379
270	52
282	106
350	206
75	301
321	523
88	474
423	592
334	43
430	61
189	542
412	505
98	544
66	553
384	253
212	508
398	390
340	182
4	39
119	207
479	260
263	335
12	32
384	377
553	73
22	593
79	571
531	563
108	503
527	338
373	464
352	249
136	131
337	401
303	544
430	272
152	17
309	162
554	117
456	407
267	58
287	225
108	213
523	160
590	279
173	235
333	526
213	365
586	12
7	218
199	264
87	541
108	272
181	111
150	528
228	358
79	233
292	576
353	561
487	242
427	266
561	513
278	170
536	492
522	311
235	396
393	421
31	370
173	317
404	499
237	371
327	578
266	140
513	242
280	442
348	590
321	158
509	240
395	41
533	474
170	551
225	4
424	288
58	426
440	108
191	513
242	555
134	567
384	182
449	516
503	181
597	400
450	470
142	354
97	471
31	371
86	72
501	461
16	152
531	459
328	66
136	502
305	27
20	56
61	435
458	433
18	118
431	348
19	174
241	166
427	455
466	578
172	454
268	147
269	439
382	231
227	346
405	221
70	424
6	443
260	208
151	86
75	297
485	246
296	51
112	221
237	174
555	413
438	558
376	107
412	490
64	476
275	488
552	394
262	190
295	26
538	207
396	542
336	233
484	410
76	551
393	485
275	176
414	366
265	578
38	272
232	148
437	372
437	168
263	274
84	1
484	483
123	206
269	93
516	426
144	588
5	496
46	74
401	584
190	11
401	24
155	263
13	34
48	588
492	142
564	584
52	348
585	360
427	304
502	312
460	274
428	592
309	464
277	318
244	387
112	30
410	339
409	475
280	216
166	448
14	198
597	536
51	500
40	158
294	9
499	34
346	19
156	537
297	317
240	248
207	492
343	108
455	167
478	440
260	185
130	516
245	133
572	399
379	252
192	265
479	357
519	392
196	242
21	597
20	42
581	297
559	265
0	281
542	456
444	371
381	378
377	300
446	53
391	248
298	513
243	53
347	40
416	29
334	298
11	438
596	548
7	383
63	84
238	9
281	155
57	79
279	431
478	524
109	396
537	232
396	327
566	6
78	431
18	373
218	504
433	561
339	85
537	414
307	425
230	296
276	586
599	273
383	403
446	128
254	213
77	562
339	137
172	520
220	20
159	389
430	456
547	90
566	298
145	560
159	117
275	594
477	131
188	340
128	539
508	67
356	244
569	347
141	580
465	487
504	445
28	120
165	245
94	21
49	312
26	204
183	76
162	450
38	89
475	309
470	419
93	67
580	389
232	286
182	68
58	39
128	85
101	131
388	420
398	94
151	466
7	363
576	154
87	142
429	328
359	326
406	510
501	450
162	125
93	95
560	316
419	139
62	488
334	137
549	392
398	41
502	4
22	579
61	578
341	440
275	532
286	534
227	449
15	134
146	270
222	267
289	49
535	233
6	226
59	175
14	79
307	522
400	378
394	544
307	1
560	478
551	337
579	502
25	544
151	401
264	190
350	461
508	143
115	435
166	480
376	216
82	339
112	597
530	312
327	277
4	578
325	394
468	596
57	21
404	462
274	328
375	568
393	81
317	153
242	374
456	388
450	272
254	568
594	222
327	123
49	502
222	474
584	321
541	304
14	436
529	112
364	207
292	184
131	348
153	348
425	550
402	348
315	292
157	508
324	480
477	590
580	120
61	141
180	264
175	240
253	393
571	578
120	402
523	90
248	442
387	500
300	71
350	123
568	191
331	529
3	504
6	556
76	478
83	471
445	553
574	122
594	95
502	215
219	365
552	483
220	542
103	332
229	53
232	429
374	301
340	531
171	115
495	67
525	244
110	115
592	513
557	233
441	147
350	196
48	36
126	109
291	596
201	353
147	28
350	414
215	315
205	111
294	99
460	326
259	263
129	197
593	139
250	2
69	520
272	372
451	491
586	150
545	128
182	471
208	136
234	202
360	220
345	49
299	229
137	114
498	234
120	83
131	237
303	455
516	203
247	77
594	85
56	305
386	127
353	585
184	381
201	366
406	293
228	557
508	397
329	297
302	58
352	575
411	482
465	438
345	287
319	144
142	192
76	18
490	77
182	500
400	582
31	381
595	449
186	62
285	295
281	585
563	18
380	246
132	181
532	593
328	408
413	236
270	430
490	517
285	421
354	131
188	329
24	546
373	229
32	537
387	127
493	540
381	63
280	435
11	212
315	54
221	451
324	211
267	101
125	214
135	395
368	380
15	80
199	163
406	372
385	161
514	337
217	456
472	388
129	67
43	265
236	568
580	51
136	466
532	199
338	505
460	283
468	328
533	329
217	595
292	498
370	251
117	593
353	592
552	413
17	258
33	458
513	451
129	300
398	116
315	233
93	3
329	570
250	486
212	502
586	599
226	364
149	99
369	434
320	208
282	511
511	371
585	297
159	412
337	459
592	599
292	487
402	183
200	548
127	408
477	372
142	449
219	261
456	141
425	562
579	325
136	285
244	187
406	275
505	269
518	220
348	516
108	533
156	105
358	508
510	355
342	7
281	71
325	178
190	588
394	203
222	521
487	531
173	54
364	364
277	164
541	329
62	146
214	415
120	501
312	262
579	499
403	491
494	523
595	166
156	421
383	522
276	170
340	470
143	95
72	184
165	212
410	57
344	251
55	360
10	351
104	503
563	355
207	332
162	379
168	133
444	411
557	92
571	139
417	106
14	219
310	171
334	281
1	133
248	396
547	62
590	403
507	554
377	399
343	414
257	466
338	164
540	507
47	563
157	160
571	49
124	526
233	528
540	535
559	219
249	320
541	20
200	486
326	491
97	293
567	524
295	357
532	422
312	337
330	516
7	141
135	226
543	363
317	165
458	442
182	151
120	172
90	157
3	435
379	567
63	7
185	452
455	158
138	512
42	528
233	291
517	142
247	590
66	79
439	180
462	599
235	323
464	180
445	111
212	293
48	57
312	274
524	65
46	363
135	469
544	406
233	44
162	327
313	131
497	430
299	283
322	552
267	190
565	259
162	388
191	179
247	198
423	353
66	318
536	542
329	401
53	388
117	242
596	341
511	493
377	131
316	84
227	275
352	505
131	342
127	337
376	222
62	257
128	81
263	368
273	445
483	65
414	273
42	499
413	27
111	158
197	171
71	260
428	363
327	482
390	537
541	402
379	283
367	343
599	174
72	147
541	3
97	232
93	231
4	177
82	133
35	421
457	98
279	128
531	132
181	597
515	88
99	131
67	238
448	595
313	356
409	180
95	540
63	459
584	314
406	274
590	591
265	27
17	283
161	562
146	50
452	196
165	30
250	264
157	324
259	513
265	270
293	93
164	68
433	381
339	592
92	208
487	45
308	574
530	323
576	111
262	162
402	166
569	159
401	141
549	528
446	174
116	496
488	251
312	464
27	410
392	347
523	561
215	587
7	562
79	37
73	51
579	262
98	100
545	361
273	118
366	366
388	173
172	432
447	113
151	19
161	127
461	143
319	327
579	462
200	481
388	518
591	105
124	388
351	516
587	486
193	422
398	26
104	210
447	576
310	69
212	352
55	103
541	266
539	575
143	169
122	562
94	186
287	95
375	471
391	546
579	82
427	363
287	32
504	314
192	444
72	98
229	549
170	119
429	262
500	157
230	135
192	358
591	37
5	480
254	123
228	1
563	299
451	511
214	333
223	393
260	18
154	499
356	557
508	378
23	431
101	533
6	534
432	539
430	586
76	327
302	4
204	69
17	211
486	8
351	555
265	521
294	436
559	78
429	525
66	212
329	547
203	251
185	322
261	373
44	374
216	346
459	446
386	395
456	46
592	336
581	536
330	120
402	222
484	397
54	567
80	322
230	332
473	234
596	181
491	263
231	108
342	315
560	502
537	582
197	569
588	164
110	423
397	122
204	398
180	277
401	153
434	64
147	214
164	72
123	468
430	277
266	569
490	55
370	494
255	234
418	216
38	8
292	388
0	154
208	278
556	563
84	133
117	424
43	198
271	271
281	332
594	580
105	545
559	338
565	444
311	460
565	351
443	216
524	187
38	332
563	114
543	305
56	65
163	496
298	248
575	317
547	24
179	503
288	240
49	72
149	403
109	24
249	241
423	168
585	352
403	469
297	216
394	140
548	64
537	236
428	96
503	436
357	580
37	226
524	305
230	197
182	119
573	512
195	243
493	4
489	152
475	432
468	410
592	120
443	574
220	111
238	313
484	17
243	404
20	106
464	201
47	45
523	132
19	338
542	185
26	152
406	470
498	178
570	188
446	144
104	176
438	357
451	408
274	401
89	268
212	330
385	475
58	164
201	383
75	74
134	310
161	159
421	206
12	22
38	395
448	498
184	16
165	243
231	129
460	198
322	416
89	503
329	420
579	501
356	82
33	507
159	423
207	207
10	163
413	8
396	299
569	329
103	260
443	524
390	399
406	205
43	21
535	196
278	208
277	6
584	251
297	177
542	143
383	370
448	476
538	589
289	448
565	536
273	143
198	133
173	511
261	138
56	310
594	382
579	530
389	546
465	277
15	201
166	467
310	333
389	490
157	312
431	165
313	53
393	509
64	113
183	36
69	56
309	551
414	224
237	599
295	324
410	76
103	6
219	23
279	37
363	490
59	182
85	583
417	586
580	234
143	508
585	19
129	565
358	228
271	6
327	435
453	81
120	580
101	525
465	103
279	28
519	521
272	410
324	266
240	204
534	10
541	107
109	464
470	148
486	57
466	229
221	105
302	341
311	82
237	33
517	334
561	103
60	506
400	200
570	505
163	575
275	121
328	585
265	375
575	592
282	274
321	568
387	110
260	332
523	96
155	446
162	105
186	298
352	409
232	269
466	377
413	151
326	596
579	426
464	211
312	382
46	268
145	531
438	190
395	370
383	444
203	369
36	459
382	209
597	98
514	453
456	205
563	224
13	22
185	235
359	33
311	235
86	489
39	307
113	492
16	243
96	144
401	253
232	137
272	583
536	201
259	90
472	498
360	398
354	363
352	64
376	284
413	409
549	103
133	60
64	173
599	379
498	562
146	558
121	175
420	282
501	410
400	514
527	332
377	397
378	31
363	244
33	273
457	565
200	57
512	536
215	533
355	566
185	302
64	457
251	353
191	597
39	82
499	545
304	63
433	249
328	550
174	195
238	596
285	579
219	51
557	54
179	303
224	480
49	22
592	114
578	210
589	411
276	276
490	154
448	30
93	285
442	588
444	201
369	400
37	263
514	538
142	591
207	480
123	540
357	207
262	588
291	62
289	210
38	459
471	385
121	341
288	391
266	126
475	43
304	498
422	5
288	496
97	89
471	68
160	520
418	374
559	531
241	67
464	524
170	333
95	331
153	418
311	385
293	494
494	557
214	510
571	497
579	555
312	80
160	454
402	70
492	62
181	499
224	507
565	478
164	478
7	275
92	375
30	240
455	194
297	106
160	471
513	342
101	229
73	222
589	307
110	251
311	379
182	250
581	315
413	332
407	424
466	341
268	209
288	561
60	197
440	270
104	507
548	242
411	364
278	50
122	447
527	51
214	65
100	361
243	518
427	458
128	288
579	510
255	51
561	598
551	163
591	197
532	331
63	423
529	147
437	333
371	541
354	338
54	220
237	198
422	377
444	180
292	491
264	585
384	170
302	588
213	545
554	484
384	254
86	491
522	254
512	77
397	130
586	92
283	448
219	132
546	392
483	390
388	380
123	475
11	410
3	463
282	569
445	103
534	62
558	112
203	386
229	86
387	513
116	53
41	66
44	416
292	150
557	420
391	95
146	487
45	406
523	50
26	185
60	417
252	215
35	243
248	489
127	250
537	480
555	569
220	325
578	117
175	192
461	553
591	280
480	490
65	507
218	571
208	164
355	94
501	575
376	368
557	201
98	208
372	488
100	468
55	300
123	191
167	474
224	531
146	339
113	303
555	405
550	157
489	245
126	3
14	24
458	499
254	341
41	377
399	304
427	249
223	501
306	83
329	343
433	116
522	501
344	242
536	335
264	35
201	283
425	59
361	478
476	472
222	369
178	19
6	570
475	566
208	76
210	548
232	164
469	474
555	208
411	496
242	486
255	459
156	111
313	202
548	454
11	115
186	505
272	410
157	195
224	245
6	459
505	175
376	252
112	327
523	426
589	68
575	14
132	95
590	142
464	237
2	116
434	312
558	97
143	193
321	326
399	508
68	159
498	7
61	261
565	232
164	574
18	331
331	226
494	597
178	581
83	31
336	268
502	74
54	406
379	12
341	185
452	157
248	285
288	169
292	385
497	329
11	80
38	592
152	31
478	151
501	430
158	589
257	497
506	287
21	346
400	352
101	333
362	525
580	8
569	103
552	596
391	142
492	356
365	423
132	537
235	194
219	567
126	538
401	304
235	225
65	291
34	464
326	65
381	192
261	124
584	208
549	316
35	323
475	134
507	293
50	219
87	426
592	147
445	91
404	477
484	174
12	172
413	456
74	175
3	58
574	149
321	270
31	58
450	508
371	147
188	453
199	258
238	219
528	79
296	107
63	3
466	416
210	305
245	61
280	180
229	591
405	95
344	421
427	69
112	476
521	254
4	267
373	418
77	576
262	597
116	582
221	143
345	300
473	367
286	130
521	307
417	570
252	318
169	529
460	327
64	409
457	306
239	300
442	462
399	159
567	442
555	161
402	124
348	510
243	320
436	436
43	57
571	321
384	311
72	551
479	45
431	390
439	477
305	420
266	411
97	339
599	171
11	95
514	40
415	586
518	474
459	118
409	338
398	23
581	429
241	50
14	483
208	494
559	211
254	518
503	125
423	367
65	59
390	292
394	540
167	356
492	71
159	333
151	329
287	175
38	372
216	143
63	52
416	438
380	198
18	510
47	87
492	49
387	462
90	413
445	319
464	488
449	413
508	92
513	467
178	247
144	80
369	225
125	501
474	451
203	19
345	353
341	6
485	299
575	16
177	46
592	235
133	17
291	367
446	407
228	404
313	545
463	405
568	189
589	481
483	319
192	359
288	202
510	85
389	226
362	61
513	289
37	37
434	221
452	113
218	179
435	191
283	2
263	487
345	542
369	237
143	591
343	245
585	93
492	441
464	434
592	98
533	13
138	320
413	166
345	360
90	179
394	41
498	182
180	595
528	344
575	133
513	111
219	105
537	39
325	438
580	264
452	561
232	219
178	42
455	138
206	214
211	291
342	310
554	233
281	387
193	432
595	309
365	179
562	199
28	115
581	496
458	197
540	232
248	441
522	508
407	51
423	417
481	192
82	305
32	463
172	141
481	257
63	568
136	550
174	563
543	286
462	442
481	440
402	570
544	35
196	581
302	302
543	324
593	134
562	215
584	588
399	436
458	80
537	90
510	350
539	593
76	403
494	337
370	196
115	379
451	211
366	503
371	48
587	419
557	512
115	20
445	372
438	108
81	352
156	337
98	214
7	222
201	110
424	264
196	333
290	543
359	112
292	127
39	459
31	250
163	258
255	219
3	402
591	426
186	85
13	327
520	425
44	53
464	516
377	564
1	318
405	146
95	419
64	144
345	116
335	117
365	552
252	41
288	172
204	16
266	580
407	137
461	164
344	273
534	304
547	105
301	445
134	369
183	378
240	47
299	134
15	376
321	95
118	570
445	404
410	324
147	504
14	354
189	380
365	288
256	239
76	147
469	204
394	407
475	177
487	336
9	375
186	192
385	235
143	97
560	88
541	264
554	534
478	543
243	219
591	126
432	244
47	325
276	113
125	175
455	2
594	214
200	522
421	216
11	430
341	355
109	314
337	562
100	337
75	492
388	150
28	349
260	180
513	539
71	206
210	87
335	516
139	302
395	170
4	244
369	15
147	172
487	591
162	493
35	525
458	596
595	521
150	170
519	186
405	571
370	448
367	451
55	528
112	4
455	413
75	224
9	263
246	87
595	267
203	46
221	591
150	228
117	128
362	354
492	234
407	239
536	587
270	261
483	364
5	99
360	541
309	376
245	100
560	273
444	306
513	487
204	570
548	368
413	567
588	16
89	345
235	188
309	515
420	458
471	28
244	264
161	303
479	568
131	514
303	389
303	104
160	318
310	139
550	291
560	82
336	576
513	10
14	525
94	572
229	263
207	235
67	343
23	8
421	5
22	204
255	153
376	425
547	261
309	589
554	10
153	564
385	190
535	473
299	375
79	409
84	295
527	221
517	499
181	58
307	18
554	46
42	598
529	160
48	146
335	116
188	369
261	387
348	54
233	427
326	398
371	448
414	158
515	462
383	137
207	10
53	178
370	340
94	491
393	283
481	584
223	269
190	203
304	489
573	485
514	68
491	509
567	196