377	187
164	351
292	60
204	175
281	93
348	313
450	482
335	479
349	100
441	331
329	56
376	487
309	106
395	255
528	427
370	383
292	360
291	48
297	110
135	412
279	141
199	473
310	378
76	466
239	168
395	202
379	518
205	247
309	25
449	293
367	171
296	65
173	369
172	510
150	371
378	241
245	164
325	416
177	230
109	428
502	453
170	360
125	442
392	171
227	196
340	312
303	14
208	230
281	93
321	131
323	54
367	155
252	112
315	454
192	461
261	112
277	46
281	260
278	53
255	242
331	60
373	198
547	516
311	28
350	199
309	25
256	365
218	288
296	84
332	190
360	421
132	337
489	378
353	519
315	201
256	134
397	321
333	479
299	86
94	388
121	464
288	44
263	300
459	317
351	453
232	287
279	178
242	247
248	184
245	130
436	340
421	377
437	375
309	334
308	260
520	482
314	109
395	167
142	462
296	99
314	64
324	350
244	108
564	459
159	440
225	466
165	339
278	335
454	355
315	54
295	84
255	216
155	371
194	448
310	423
380	460
338	183
336	217
234	149
375	193
294	157
367	280
71	414
159	358
410	302
159	488
230	423
238	283
300	132
53	476
195	339
326	120
305	301
395	194
277	466
324	208
105	364
180	383
321	120
434	384
211	502
343	176
466	497
327	145
454	357
123	466
230	222
294	59
474	332
260	458
176	452
213	212
312	180
457	397
364	194
307	243
468	413
278	285
258	312
393	174
423	462
368	270
272	506
250	182
484	515
329	274
396	286
315	148
314	107
135	328
269	122
383	256
300	73
497	441
315	34
351	293
262	230
224	261
48	464
426	449
173	453
235	215
260	184
311	99
348	426
178	287
428	384
382	356
451	455
198	198
291	18
538	429
404	420
307	314
231	251
355	247
328	80
261	356
172	513
86	450
471	364
165	355
243	161
385	218
249	193
282	41
150	388
325	92
540	494
295	114
184	309
361	221
160	438
301	9
393	478
361	128
299	72
291	503
131	377
324	48
120	370
310	293
401	418
270	414
265	90
298	78
322	119
297	171
460	452
188	209
366	133
340	85
57	432
334	78
204	254
497	351
105	436
103	441
396	302
254	184
299	9
473	424
350	257
72	435
112	353
371	160
311	48
184	433
270	279
108	375
329	80
347	112
298	250
294	60
288	67
306	50
114	489
432	369
349	308
532	467
166	444
389	279
302	36
235	518
96	371
310	22
278	67
316	39
321	266
434	363
305	160
551	462
323	122
347	285
399	244
313	495
236	444
334	65
319	76
162	499
353	191
333	81
256	390
305	17
310	86
502	411
363	121
271	171
254	248
341	276
207	225
377	234
319	46
374	514
299	364
212	158
289	417
378	458
239	246
317	84
233	226
82	489
326	69
297	126
292	178
311	21
261	72
319	162
195	258
142	325
217	510
284	59
247	367
201	332
373	133
270	67
395	219
233	498
442	415
274	199
453	368
582	495
277	207
454	441
322	363
264	248
314	122
514	390
300	2
300	40
298	39
304	26
296	146
372	229
451	519
301	10
246	445
275	264
405	450
296	130
275	261
323	401
434	453
272	190
258	365
350	255
313	27
379	216
254	481
468	330
532	460
456	339
134	464
253	109
453	269
236	431
249	158
310	195
272	55
473	431
246	132
483	455
199	282
157	358
277	72
404	359
244	196
334	437
276	414
87	479
190	274
266	93
325	71
281	35
347	392
330	70
328	73
304	29
313	322
124	357
300	106
290	209
289	25
476	350
278	332
128	513
378	223
484	383
190	245
307	165
129	300
164	273
217	256
283	384
241	348
413	435
159	519
368	144
353	233
233	121
348	210
105	357
441	310
295	24
261	485
556	513
268	104
300	23
157	255
286	54
234	193
324	172
181	483
258	209
153	354
286	251
300	18
291	326
315	36
295	29
245	115
103	447
477	380
351	133
182	261
348	126
299	3
334	341
328	203
297	500
456	508
294	22
320	173
350	94
92	519
502	483
331	519
537	416
308	55
301	114
392	451
251	309
396	328
288	153
188	430
125	475
367	514
385	281
482	362
146	278
428	364
304	114
94	423
229	129
478	370
468	328
118	358
466	339
319	36
364	164
238	277
299	3
246	173
306	12
243	284
192	383
309	67
375	241
180	222
258	352
522	492
344	285
292	145
351	93
539	426
477	309
379	236
120	427
320	302
226	352
265	371
308	67
423	483
431	302
170	340
258	129
471	519
165	465
185	231
324	122
149	290
231	311
197	474
125	364
362	444
444	377
331	310
319	67
165	320
302	12
262	333
332	102
346	122
75	434
295	18
296	13
64	421
306	12
268	64
259	119
441	364
278	262
163	457
429	343
198	396
260	513
191	252
274	201
304	157
274	250
308	431
299	15
233	200
300	359
330	146
171	384
221	279
363	174
467	513
277	43
310	321
260	217
397	413
306	15
371	147
234	316
233	462
383	403
343	330
365	168
357	171
296	229
269	103
249	455
434	256
8	518
280	168
92	503
456	411
312	36
481	419
241	316
336	200
348	145
124	325
177	356
196	345
217	513
115	497
314	250
223	201
365	304
226	261
214	229
373	174
259	117
304	190
384	384
285	263
296	96
295	108
158	266
303	183
268	145
297	373
299	9
317	390
292	15
174	517
386	217
138	384
177	276
273	64
188	239
189	365
301	106
281	63
132	401
202	183
307	18
176	293
310	20
290	86
204	171
302	23
315	516
335	75
255	119
386	158
285	200
324	399
300	4
96	417
530	512
275	53
360	262
211	450
212	484
257	193
478	319
285	88
382	242
293	243
289	149
338	189
383	478
284	36
280	61
299	175
274	311
111	403
304	87
274	140
144	456
538	419
196	203
281	118
306	152
225	421
277	392
389	434
352	271
306	36
231	214
309	70
291	35
436	407
353	101
435	498
254	152
254	116
447	466
481	348
437	249
46	458
337	225
429	368
303	39
393	257
389	341
358	408
386	449
247	132
219	227
176	243
316	40
371	209
310	128
406	487
313	105
290	138
347	171
293	18
242	297
246	481
248	485
358	495
277	52
341	128
112	345
286	104
229	140
456	473
75	484
353	210
300	20
285	80
461	300
284	71
107	339
308	122
452	470
471	397
295	169
180	455
295	16
249	156
306	75
150	330
204	363
304	135
358	169
349	235
324	84
266	70
332	412
291	225
400	198
139	472
131	330
182	307
249	405
344	81
258	519
296	26
256	122
395	435
354	264
318	59
253	157
412	327
219	398
283	128
274	63
191	326
265	95
366	490
288	83
359	171
249	429
268	120
232	157
292	147
267	64
310	170
309	138
299	61
105	426
312	28
328	355
276	474
336	264
199	427
336	240
151	413
195	408
534	449
332	263
113	443
169	445
89	429
233	138
299	32
341	296
87	423
469	482
121	394
257	324
215	344
338	175
264	253
343	77
233	118
137	386
231	249
277	203
371	277
236	112
287	27
406	225
258	226
304	9
325	60
283	99
121	402
378	163
307	43
246	320
422	216
321	135
333	225
191	213
189	232
287	38
349	268
298	22
256	123
428	235
285	68
312	67
95	461
309	169
418	243
388	459
416	222
111	493
285	134
285	131
303	27
244	130
325	112
383	256
92	372
387	328
456	337
209	351
357	159
174	220
293	84
55	468
258	139
458	405
259	170
127	389
308	476
300	14
294	92
329	161
192	459
342	273
283	373
412	334
371	384
349	181
145	272
315	399
374	276
285	106
364	441
303	441
372	295
294	54
300	7
314	44
331	393
298	109
141	400
340	248
302	62
306	18
274	324
250	184
210	277
200	226
336	458
269	68
299	8
249	145
299	17
359	246
296	110
302	100
277	362
278	462
276	88
275	394
296	58
295	13
325	146
332	104
106	370
300	332
298	117
370	168
316	158
260	195
335	293
217	306
165	287
63	438
146	440
216	442
414	336
323	219
536	448
297	287
494	418
226	211
290	85
311	25
232	250
320	38
108	342
281	484
221	170
183	261
263	177
243	168
463	304
311	93
316	63
284	58
229	272
271	114
239	319
459	352
254	300
363	442
308	61
303	8
229	390
86	418
235	125
298	311
260	89
215	459
105	411
216	458
112	380
73	481
297	149
300	6
169	406
308	67
409	305
165	353
300	2
289	94
323	215
545	454
409	307
351	116
285	53
455	362
526	502
306	32
123	509
365	383
321	283
187	409
384	158
395	173
287	256
389	504
201	389
338	91
229	156
362	118
294	67
303	31
256	416
310	29
382	225
258	111
255	273
427	481
346	342
322	161
419	310
235	319
201	201
457	439
405	183
265	141
479	470
469	463
250	89
211	512
223	263
320	95
478	436
160	513
448	392
276	79
252	351
268	290
329	431
242	132
300	6
382	188
208	326
339	478
321	40
349	93
67	468
306	52
501	388
293	17
556	499
262	106
255	87
236	509
421	349
181	216
526	500
329	372
295	10
403	511
263	95
120	358
296	13
306	54
88	410
312	274
258	472
484	351
528	408
390	217
374	221
150	419
178	273
280	461
205	443
262	180
281	138
209	323
339	349
407	435
277	283
309	493
304	30
215	468
229	163
201	509
50	495
259	441
176	398
288	66
252	326
459	295
305	73
214	399
114	358
296	71
331	111
229	216
405	211
258	218
484	377
305	24
190	517
208	191
275	455
430	293
223	167
284	182
364	190
275	77
378	182
321	61
295	164
377	284
272	138
550	481
334	122
531	502
333	304
298	28
262	75
302	209
377	193
167	296
193	353
505	410
301	110
313	42
262	158
502	485
445	273
276	147
351	170
302	6
193	401
314	277
283	513
247	189
339	318
524	395
289	221
290	44
459	359
438	356
381	185
180	219
472	507
255	80
441	324
285	200
299	430
235	346
296	280
109	471
154	274
338	185
331	190
291	138
147	298
354	216
203	189
331	89
316	57
260	79
286	67
386	284
224	327
273	98
330	112
272	482
262	122
501	365
431	377
299	35
289	60
273	384
292	261
346	245
249	304
313	121
59	445
244	155
243	198
356	395
211	487
505	455
230	198
297	111
190	313
306	22
308	156
385	166
313	351
298	56
206	330
212	240
337	260
157	314
235	243
81	475
292	233
338	112
300	112
340	244
235	317
324	372
465	361
367	211
329	103
253	296
387	423
396	191
169	274
239	209
310	48
144	516
290	99
383	496
294	163
243	472
300	1
319	158
300	90
395	235
376	151
66	515
354	103
502	355
267	149
300	17
298	21
302	5
287	94
307	168
292	67
272	123
442	328
353	136
327	61
344	215
204	186
357	494
274	87
277	148
297	37
461	313
141	295
374	306
226	398
341	99
107	470
181	233
125	406
178	310
325	519
289	301
404	339
175	235
280	400
298	13
255	188
389	228
148	425
260	320
311	131
303	93
364	289
431	484
234	518
312	197
242	339
325	78
427	258
148	475
331	75
127	446
266	90
141	371
318	69
210	264
338	471
286	31
476	485
188	319
300	118
407	242
287	129
328	397
421	379
193	420
326	121
392	172
283	332
48	485
396	193
354	218
259	358
182	507
310	326
442	457
268	183
482	337
285	217
298	208
274	169
337	368
278	196
197	437
261	118
297	21
91	420
187	362
393	481
395	231
263	176
283	178
299	104
298	12
300	311
323	46
268	86
319	226
66	448
320	352
319	473
254	119
221	276
388	326
286	90
408	345
146	491
298	394
266	67
308	26
77	495
87	392
475	436
283	106
310	177
298	15
212	242
179	423
154	271
377	138
306	120
307	351
310	220
17	500
206	172
304	455
246	457
299	15
506	394
244	177
418	292
34	515
414	332
136	501
296	222
187	328
305	40
300	1
373	220
326	455
97	356
307	15
247	151
317	80
312	431
265	517
371	215
462	428
400	181
297	304
289	48
300	3
479	445
178	295
255	468
358	410
271	113
97	473
571	502
274	92
394	244
352	117
324	317
303	61
318	76
298	5
314	46
496	492
337	193
303	204
454	425
568	513
214	283
318	218
327	95
356	281
284	229
373	240
462	396
169	399
367	127
263	500
312	114
490	406
387	330
114	332
352	118
419	289
362	366
318	55
272	97
411	247
406	258
298	36
554	474
198	178
254	223
569	498
298	71
394	501
223	204
354	301
403	180
294	476
331	86
245	340
303	13
472	353
290	197
410	401
448	461
270	279
245	151
260	324
364	287
437	304
287	477
343	112
409	339
289	40
298	89
227	272
314	34
513	398
438	328
528	491
385	268
299	151
266	209
409	258
420	329
317	263
193	364
276	440
421	410
70	477
518	519
336	150
513	371
302	452
63	514
327	81
300	11
323	513
354	439
307	18
309	138
403	344
432	378
260	240
240	261
182	489
320	512
299	129
52	442
227	233
173	312
305	25
247	283
145	416
291	370
331	112
296	11
174	371
300	146
151	429
300	101
249	125
392	448
303	115
347	295
308	429
417	304
280	68
406	263
276	183
352	119
165	364
313	173
158	307
34	466
283	48
364	130
397	290
441	328
261	358
282	118
455	461
212	407
308	400
173	412
299	44
447	395
312	25
316	121
434	354
359	104
284	129
297	219
368	124
327	112
554	460
545	445
271	349
362	345
116	441
563	493
327	500
349	255
265	117
319	54
314	448
349	155
334	114
325	164
371	166
384	262
293	68
273	98
197	425
552	465
422	213
57	493
184	222
250	214
308	26
347	265
445	475
284	364
300	12
314	54
407	435
319	144
55	502
288	187
229	245
328	73
313	398
300	2
501	372
253	83
321	126
159	338
191	284
220	467
300	68
333	479
296	44
429	373
222	177
163	413
397	229
427	419
104	487
326	244
171	401
393	224
309	90
405	337
339	113
537	452
131	402
309	51
225	210
543	514
467	316
302	38
305	15
352	102
335	84
264	73
204	515
413	423
207	279
318	288
188	317
256	125
299	163
285	383
300	385
326	118
385	261
264	167
321	40
289	177
360	496
377	183
184	403
272	374
334	98
193	195
33	485
302	11
71	414
319	43
513	373
346	145
325	69
251	132
522	404
308	39
205	180
362	206
281	414
93	508
282	188
300	5
520	385
451	418
282	152
300	5
379	500
357	163
379	271
44	457
293	15
376	260
247	384
306	28
273	57
381	369
317	183
326	152
185	414
334	182
153	281
345	503
378	216
492	336
464	390
277	99
157	517
271	124
337	204
342	81
332	106
213	275
392	197
385	358
376	382
273	273
344	345
488	340
264	115
195	423
545	490
253	103
285	254
337	70
195	459
237	468
274	131
307	282
306	45
406	395
301	141
185	337
229	360
321	264
431	273
431	334
249	186
344	304
282	160
97	381
116	444
253	138
64	448
126	515
325	48
493	415
297	24
290	22
270	267
246	297
204	273
256	91
368	326
289	486
275	345
434	358
332	308
306	18
293	433
311	33
310	96
163	280
299	9
281	49
425	488
418	487
276	494
370	442
238	224
303	118
265	115
86	508
347	183
298	138
451	445
370	131
281	178
333	138
302	357
387	280
430	390
233	218
159	366
304	57
444	494
406	507
203	451
290	21
283	136
299	18
360	170
279	242
465	422
300	423
258	394
308	148
325	218
288	190
296	514
288	80
320	133
390	230
312	45
299	11
390	229
208	416
367	336
360	145
225	295
247	167
312	134
274	47
219	465
206	502
237	193
422	394
313	155
300	74
229	333
39	487
444	285
42	479
246	122
270	67
281	333
297	293
275	75
202	178
301	10
303	15
344	109
374	486
290	284
272	237
258	258
339	161
273	50
252	263
247	207
235	157
267	208
497	369
408	214
329	128
372	361
299	64
300	32
300	45
431	287
340	306
322	190
514	403
284	60
342	288
428	500
292	108
424	293
432	364
389	398
253	103
269	63
337	285
202	217
317	416
426	271
234	328
151	349
341	87
248	241
307	341
311	91
306	13
105	349
346	392
204	287
267	105
428	229
339	260
266	213
541	503
400	410
367	195
54	500
288	112
392	164
282	142
300	309
411	397
296	107
306	56
301	80
369	161
388	311
446	254
224	482
316	350
334	243
214	341
233	377
299	203
316	33
355	167
178	481
577	506
389	250
214	358
209	315
360	112
295	35
232	274
287	178
303	12
400	347
553	471
307	146
421	421
187	315
141	308
187	260
352	187
212	212
393	512
260	480
189	196
255	174
286	65
245	325
416	515
521	502
370	243
284	179
322	221
280	56
164	265
412	475
202	432
343	374
310	119
178	371
305	16
335	278
427	325
215	235
333	231
273	164
300	15
291	379
384	203
275	88
241	283
278	120
207	169
217	248
234	272
298	57
407	197
149	487
395	198
548	512
315	429
247	241
298	5
362	362
40	489
238	138
412	257
80	408
184	241
210	300
278	253
282	397
276	103
398	231
470	493
370	250
316	396
353	230
315	141
166	336
97	455
522	485
300	43
337	158
225	276
151	408
234	502
268	361
93	467
172	286
28	478
280	61
306	332
279	86
537	413
410	513
339	190
274	222
316	63
106	519
180	211
242	130
297	76
194	276
294	300
203	377
305	116
235	164
326	175
311	495
357	145
303	27
299	442
123	483
407	250
368	243
355	97
288	98
403	266
425	244
385	488
418	258
347	207
300	30
230	231
182	235
377	299
300	5
302	16
488	416
273	76
330	105
262	229
160	254
335	210
274	249
285	85
243	138
154	396
104	443
152	425
216	255
375	232
87	439
110	331
234	273
550	443
253	415
261	78
337	99
233	183
360	347
432	328
221	455
356	187
399	292
244	162
421	407
396	345
322	54
437	243
321	291
304	62
142	472
360	265
594	515
339	76
337	78
275	306
154	299
399	353
300	60
466	507
168	366
302	23
336	164
184	503
280	328
273	439
171	288
337	382
322	59
66	491
295	320
233	217
374	320
391	330
54	494
362	194
352	315
287	125
245	158
230	287
351	130
301	74
279	245
316	49
108	379
148	287
197	297
158	266
169	261
367	212
312	42
366	242
458	305
250	410
278	104
270	84
306	176
170	234
267	332
279	292
261	197
152	321
284	77
120	465
245	467
356	252
356	136
402	193
214	267
374	183
234	146
437	244
210	205
420	268
204	244
294	148
20	493
395	243
200	267
101	503
146	463
307	60
350	255
322	188
287	448
534	488
247	229
563	476
238	254
420	391
128	486
368	124
211	227
233	162
251	363
306	48
108	350
133	421
298	399
266	93
221	391
243	108
67	468
464	461
235	202
111	377
147	487
332	80
323	345
277	101
245	201
52	432
542	461
279	38
318	39
285	99
215	280
15	503
255	216
466	332
260	306
211	237
344	95
322	240
200	275
276	253
237	259
259	108
298	22
312	348
352	143
301	10
168	456
292	118
351	174
350	282
162	477
308	142
235	271
304	28
287	40
238	149
294	15
286	125
426	249
456	393
501	413
250	104
322	97
145	279
347	111
186	313
278	61
206	420
423	453
362	250
246	215
300	1
291	60
355	135
71	464
209	390
564	459
249	105
291	49
299	7
506	414
155	326
249	335
308	91
347	465
279	39
254	145
300	216
285	70
207	202
437	421
282	178
250	495
291	164
298	315
198	317
291	21
322	283
338	122
506	449
229	210
336	310
451	416
461	387
267	441
203	346
292	79
290	357
222	249
544	437
556	482
295	174
309	490
248	238
413	312
296	146
321	54
307	239
301	37
569	492
173	485
306	195
238	376
285	112
268	427
327	139
268	81
267	191
480	344
298	95
299	5
294	412
490	433
401	270
108	334
325	332
362	332
185	421
303	12
227	224
320	36
295	61
168	465
255	110
265	247
268	429
192	223
349	95
298	54
139	306
365	403
483	392
325	51
317	129
403	250
350	93
373	407
274	238
426	465
376	461
443	390
394	168
309	20
322	348
85	381
300	2
294	459
265	93
239	471
229	326
291	67
158	286
304	46
317	102
296	485
328	82
260	318
387	163
339	95
290	25
311	93
283	65
282	145
389	184
130	310
348	125
452	414
469	333
401	340
276	132
303	138
310	289
384	262
281	67
312	30
345	86
300	3
286	43
517	461
263	70
166	377
187	199
295	19
291	81
332	302
137	301
473	385
298	10
385	167
182	486
360	235
290	154
355	350
270	148
531	494
327	432
296	468
215	519
180	372
113	448
333	112
444	374
356	119
293	151
289	294
380	401
309	33
299	281
219	342
245	100
465	398
166	519
364	412
220	201
204	300
132	363
323	47
373	280
315	158
188	231
198	227
85	414
303	15
267	382
428	270
335	88
250	254
387	211
114	358
273	75
301	163
455	329
211	394
339	507
357	116
241	267
348	88
534	409
307	46
270	78
336	71
308	112
303	26
315	37
109	422
142	287
286	48
365	323
300	176
395	230
290	25
287	27
485	341
296	11
294	15
497	517
134	394
329	180
324	190
314	106
298	8
307	84
195	205
201	473
361	147
246	240
351	358
488	360
297	35
264	345
539	447
252	283
88	455
473	326
294	511
392	401
233	285
204	171
322	326
330	68
340	146
300	85
491	332
324	66
329	306
310	203
182	412
278	190
143	287
324	87
237	160
343	218
172	267
294	23
333	280
315	50
334	450
302	17
349	118
305	111
254	98
265	502
405	476
310	180
215	429
241	378
324	312
306	117
484	392
299	105
58	494
130	345
297	66
511	444
353	167
314	34
245	145
129	300
321	58
217	492
333	209
275	133
353	350
105	390
502	469
281	49
269	275
253	133
300	73
149	376
269	399
495	365
289	384
74	443
362	401
166	264
341	220
339	252
338	311
521	491
74	442
299	36
303	22
305	248
168	366
416	479
340	101
334	238
375	375
387	182
420	239
260	428
270	67
502	368
455	317
392	448
370	248
258	81
271	109
183	274
292	17
295	157
147	275
205	222
276	354
296	120
296	121
357	191
255	433
256	281
339	153
236	377
317	58
302	32
296	332
230	357
348	132
342	132
116	465
140	308
307	15
291	322
266	189
339	85
305	203
272	180
452	287
138	407
292	30
192	422
447	354
426	399
176	334
316	180
220	194
266	161
383	375
278	274
404	250
300	112
266	116
418	222
259	216
75	416
302	32
293	18
316	51
479	341
225	145
200	388
559	505
494	422
357	213
351	93
315	348
291	21
374	164
286	29
463	348
353	256
456	277
126	325
373	390
433	347
200	293
171	505
129	346
301	61
339	276
371	183
481	339
192	293
335	222
406	265
294	321
291	22
352	92
172	379
276	297
244	274
293	54
186	484
279	38
213	512
210	507
386	442
422	429
213	183
329	356
439	445
304	17
88	396
360	112
285	127
237	254
124	336
152	473
277	179
288	90
269	314
193	503
201	473
306	104
288	36
277	212
268	73
203	431
443	384
56	427
412	303
273	332
341	91
355	149
251	312
310	32
503	450
405	436
274	388
362	489
303	91
318	80
304	40
367	435
486	502
397	280
36	470
263	201
102	389
306	100
290	43
301	32
391	286
336	347
137	464
302	72
159	455
272	147
271	203
305	17
304	15
389	293
346	89
343	138
199	361
227	138
260	171
103	461
368	505
538	476
310	426
217	368
189	351
321	300
302	285
300	101
107	372
413	257
393	310
413	287
330	123
359	184
418	399
187	210
54	493
371	185
259	86
322	46
343	119
352	293
370	293
319	210
189	297
349	198
553	461
328	345
364	113
331	65
450	484
184	448
130	311
161	373
367	151
489	366
330	57
299	24
97	498
302	238
192	390
375	339
169	468
521	491
391	351
545	500
114	441
154	380
255	293
273	409
324	102
276	418
326	56
238	342
410	326
394	302
328	99
153	363
399	219
347	217
313	222
273	197
414	248
290	415
124	488
301	20
205	287
376	397
374	448
291	519
280	59
232	191
239	135
342	77
308	519
477	385
307	411
148	356
373	177
79	397
523	482
305	65
336	164
341	118
492	382
249	276
214	164
253	496
207	309
142	352
300	37
341	345
319	270
273	261
347	214
358	412
328	51
268	79
296	179
392	261
321	348
288	22
189	219
254	214
266	63
315	72
347	513
283	326
352	343
373	194
321	166
330	218
314	424
335	86
300	12
338	90
185	253
569	515
306	188
207	171
383	481
371	240
39	473
419	381
245	204
432	411
304	27
150	304
370	145
50	496
367	247
245	97
305	468
396	204
205	260
321	378
220	329
373	182
169	511
292	61
117	481
134	384
221	190
280	171
273	455
295	32
224	210
410	437
217	186
47	487
487	455
404	421
188	232
111	437
173	248
189	449
387	209
147	340
320	69
189	371
317	142
458	280
292	147
323	114
475	465
169	420
143	290
302	51
333	146
263	437
350	391
306	107
306	318
481	459
251	343
428	344
334	80
340	100
250	167
366	267
218	448
297	9
200	394
319	41
290	104
320	54
300	4
274	422
435	452
363	240
412	242
371	334
185	269
300	35
138	486
294	24
416	210
369	159
124	374
296	11
524	475
91	461
428	301
308	196
403	256
89	408
474	308
190	351
179	246
458	489
291	120
313	207
292	441
300	364
294	22
320	448
276	190
407	384
403	361
332	86
347	212
304	42
326	56
310	279
393	321
500	423
335	96
270	117
300	41
349	360
301	392
253	172
414	210
334	297
296	32
222	264
490	455
130	484
230	409
296	168
247	179
227	410
278	40
288	102
310	55
526	436
529	465
300	235
464	461
94	370
465	387
303	90
451	474
365	168
304	423
274	49
306	80
218	215
169	519
444	290
187	397
270	71
453	277
309	17
351	186
544	428
255	270
391	216
270	298
385	282
399	287
115	332
293	21
46	451
207	198
320	100
341	126
234	144
243	133
300	158
288	275
329	69
407	438
595	519
152	267
285	113
399	223
373	217
396	498
369	238
419	228
323	180
344	511
344	417
324	304
318	106
199	324
94	421
354	177
145	416
405	317
263	158
227	128
83	404
181	503
434	295
280	198
232	267
350	216
231	301
297	104
146	291
275	211
305	512
233	339
160	313
368	125
391	285
304	71
96	384
262	255
278	330
173	354
560	498
223	166
123	357
402	323
179	447
187	217
358	383
426	363
118	486
187	210
310	27
82	426
330	401
301	8
172	258
299	390
399	254
247	124
473	448
414	394
151	492
469	306
149	510
181	423
334	90
300	491
437	367
217	211
280	125
279	55
89	410
297	160
237	235
216	425
278	494
161	476
300	234
305	231
264	206
300	22
515	437
252	161
398	459
135	479
363	118
338	105
95	412
282	34
284	86
294	35
418	478
314	120
310	195
255	273
216	253
407	219
51	462
440	272
287	73
246	183
454	390
156	519
504	365
206	322
220	225
15	496
305	100
444	254
281	308
403	353
312	310
277	45
150	474
383	347
180	246
293	157
268	362
267	249
314	470
151	500
300	88
373	411
264	489
317	194
177	256
233	192
237	341
350	325
85	472
430	475
274	194
424	220
123	360
547	505
97	358
139	345
299	58
289	235
280	106
248	106
250	437
277	104
421	429
335	275
298	419
238	279
332	152
299	5
427	264
365	438
174	222
282	328
416	268
402	507
146	320
154	425
378	139
105	364
343	252
371	244
204	330
236	288
326	70
507	372
390	267
285	323
238	184
329	133
363	222
323	42
335	487
240	274
458	280
334	276
178	280
322	467
149	435
268	314
373	467
384	192
365	353
417	426
341	327
148	473
296	32
253	192
318	314
315	234
174	396
257	121
469	410
483	342
450	343
250	442
354	190
148	409
185	240
298	45
495	435
397	219
334	220
248	211
314	278
309	63
301	46
276	90
259	264
509	429
152	270
298	5
253	188
303	16
37	461
305	15
496	375
519	494
308	27
282	187
300	3
401	192
332	57
138	401
528	459
404	330
230	267
396	226
306	43
254	450
361	107
357	256
161	485
249	203
347	99
321	87
314	119
366	351
347	140
455	325
39	487
359	202
233	495
229	145
256	378
355	450
25	515
321	67
411	251
392	518
393	236
282	174
208	166
291	235
244	119
335	155
91	395
244	129
343	493
55	467
225	347
239	370
457	399
304	94
325	468
240	386
143	408
253	145
265	289
203	247
279	235
158	263
300	9
228	292
423	318
289	59
360	371
433	361
282	33
230	254
255	359
305	37
73	483
304	12
255	204
178	435
376	348
436	425
141	410
313	144
338	117
234	138
270	67
367	141
529	476
201	249
271	152
316	122
487	382
255	104
304	151
501	502
300	1
402	222
163	382
171	247
457	287
425	339
288	43
119	487
347	153
337	86
350	275
521	405
291	44
314	515
289	231
238	227
420	285
377	390
130	444
275	331
314	145
376	232
239	154
425	234
265	175
144	350
510	429
290	43
299	4
389	238
200	515
305	296
256	99
235	362
267	158
259	437
300	20
329	61
341	112
263	221
314	514
322	109
524	397
368	178
287	155
123	350
300	349
308	106
295	43
302	388
344	383
362	144
472	410
274	323
332	224
460	332
416	274
265	95
410	434
309	50
186	303
282	44
315	70
317	339
281	35
516	508
311	35
206	291
286	170
63	412
309	244
284	170
176	217
196	208
179	380
287	87
404	216
362	267
300	241
288	91
266	423
310	67
228	327
350	219
128	326
304	48
397	392
442	480
342	209
327	146
385	325
277	97
292	28
231	468
309	448
310	30
295	151
309	73
282	79
170	248
290	188
303	38
525	398
283	61
378	403
391	302
315	244
337	329
486	385
313	63
299	7
215	170
278	71
268	442
267	66
300	4
199	326
164	379
433	287
303	64
312	102
477	347
395	415
165	375
300	2
303	67
315	177
321	47
463	484
254	200
398	494
129	374
415	201
276	300
294	128
218	179
243	147
197	202
306	19
439	367
300	263
322	60
201	408
224	263
457	437
313	42
326	93
476	369
235	336
476	455
331	364
305	18
305	74
486	453
266	252
192	444
368	134
288	255
222	513
275	52
397	188
595	514
258	486
236	119
275	510
392	240
167	346
345	191
261	116
344	389
166	242
89	468
142	282
331	386
299	371
360	160
265	494
276	145
358	116
398	361
359	291
299	23
438	263
249	386
242	239
350	361
341	345
361	356
322	293
462	310
397	351
342	493
417	289
322	114
286	58
375	464
191	337
288	109
524	431
268	106
533	405
301	28
185	410
348	247
76	481
296	12
329	359
209	487
290	305
304	12
181	332
165	504
321	48
390	195
301	53
173	313
470	331
340	71
433	261
314	245
154	328
254	360
365	202
182	222
464	481
451	388
389	228
253	226
325	58
174	382
387	394
107	488
267	248
309	460
318	173
230	442
319	219
112	465
259	250
299	23
311	22
428	367
387	431
421	322
255	91
167	287
308	262
289	273
453	345
339	82
284	383
304	13
227	209
268	290
468	490
275	105
258	219
280	72
133	338
296	489
347	114
477	447
364	230
433	268
459	486
322	149
434	423
290	170
417	205
301	4
315	227
269	58
320	326
329	225
235	467
193	367
512	519
428	449
96	444
223	338
306	85
402	254
295	37
288	35
411	451
290	48
318	42
288	23
335	185
366	125
159	310
253	309
295	252
398	437
170	243
202	239
243	417
311	99
218	469
359	259
122	437
284	295
307	79
363	250
337	70
442	397
274	296
321	95
276	73
462	422
366	159
302	14
258	274
394	349
299	9
384	267
401	428
331	200
222	468
223	233
157	328
569	508
520	383
65	410
295	46
244	247
304	324
233	182
357	418
399	248
325	226
139	345
270	128
476	433
241	156
84	485
272	55
285	37
257	124
334	354
249	429
334	429
322	90
300	2
294	28
136	519
400	268
273	69
355	219
413	367
379	228
292	174
403	270
119	486
247	442
569	468
286	323
433	246
205	296
128	426
401	369
213	483
312	147
278	183
358	370
254	442
432	455
401	481
127	443
286	54
229	481
360	240
323	348
308	413
280	136
208	503
292	151
123	425
285	166
266	254
387	410
491	519
343	113
270	73
300	161
365	260
40	504
375	190
209	194
294	35
483	350
302	5
550	444
289	482
218	221
381	162
317	416
283	341
254	84
351	138
264	103
60	461
324	267
144	298
316	35
234	121
498	466
300	91
281	60
302	13
302	5
246	383
203	255
251	200
305	11
325	66
199	404
451	280
240	338
197	182
355	160
521	494
228	150
304	94
257	164
284	255
210	182
280	260
146	418
273	243
301	150
369	369
247	125
312	94
150	299
314	390
473	375
300	118
259	274
260	238
306	23
291	361
244	223
227	139
36	494
305	74
423	450
271	265
419	457
294	193
98	418
299	287
326	343
187	369
302	25
290	79
339	78
332	139
300	5
427	251
128	351
299	7
128	351
501	351
104	345
317	268
329	287
516	413
299	157
275	211
475	345
289	26
227	212
281	481
401	431
99	401
294	26
313	164
435	465
310	51
239	170
322	386
423	242
294	379
296	261
373	149
203	222
207	309
99	364
262	497
257	352
311	145
311	139
128	314
485	336
505	448
16	512
215	322
363	194
355	215
92	397
309	25
471	338
281	166
142	455
379	143
372	487
273	304
242	402
91	481
302	10
325	217
300	19
463	495
363	188
220	293
490	356
397	233
349	91
255	173
334	235
522	425
356	257
313	65
326	441
217	267
177	498
124	386
410	309
347	133
316	79
522	416
257	120
478	401
328	54
186	205
211	256
514	518
325	468
308	115
576	495
390	218
172	267
286	34
97	387
398	515
281	86
281	235
300	61
422	222
332	177
396	318
491	423
254	106
260	257
304	33
245	212
357	128
326	64
324	157
266	123
372	454
312	388
374	148
403	261
402	192
322	134
351	449
326	64
82	517
491	442
300	158
265	239
270	507
48	477
183	306
220	294
189	243
285	201
386	271
199	370
288	225
450	332
101	434
491	486
219	147
231	257
238	303
332	80
322	64
298	125
357	454
335	107
454	477
390	224
388	224
328	148
220	220
433	299
474	363
409	304
296	116
298	9
233	192
407	311
358	319
215	297
308	296
371	500
507	514
426	497
264	125
242	228
481	319
417	316
130	402
342	359
435	316
285	68
223	200
287	290
473	322
459	297
289	42
309	157
239	192
278	499
289	468
541	486
332	86
381	176
280	442
244	127
237	134
63	415
117	382
203	311
446	351
542	457
189	300
312	43
380	353
254	97
335	67
329	108
549	497
490	410
310	321
253	511
326	95
186	228
313	93
300	396
285	74
289	132
250	109
360	183
303	11
429	495
159	266
315	461
357	180
399	227
292	15
282	126
268	209
417	393
300	2
75	423
346	483
462	485
281	335
303	390
300	1
341	348
189	436
343	112
224	136
345	118
442	452
274	258
279	45
303	148
329	265
417	317
403	300
387	404
265	437
111	508
310	77
308	29
305	66
488	381
237	473
270	151
389	496
470	319
320	158
527	455
205	330
227	193
137	328
304	28
166	368
287	41
267	146
430	423
323	193
238	160
285	196
258	109
273	257
320	75
155	381
82	472
341	461
312	190
356	105
181	519
288	39
477	403
297	11
125	365
291	43
238	464
160	482
349	103
312	222
259	125
399	288
285	33
260	256
268	82
224	424
193	443
170	266
304	433
345	189
336	512
134	337
528	505
371	474
448	421
328	288
401	319
298	14
187	481
300	14
210	253
419	265
448	358
468	448
62	507
372	406
433	426
287	78
335	242
361	344
159	315
228	149
231	216
315	35
229	491
61	517
446	358
453	311
254	284
96	391
291	67
364	175
351	189
361	470
376	151
329	100
318	379
292	21
363	149
288	255
265	326
268	103
176	350
201	404
324	317
295	312
374	485
338	317
207	388
169	366
463	441
224	248
161	466
285	112
349	107
256	163
281	252
291	35
334	391
311	108
153	317
349	208
394	213
347	101
493	427
307	42
217	185
202	401
305	82
394	186
220	204
259	147
172	264
286	27
391	318
302	41
166	408
110	422
367	368
295	162
300	6
442	303
359	238
374	170
295	150
347	287
218	268
377	234
415	359
401	241
176	389
280	36
336	455
190	259
343	190
355	511
376	143
373	324
402	359
412	430
299	76
432	512
372	129
233	495
399	509
353	502
275	92
328	122
312	335
344	145
282	401
231	271
365	481
538	418
112	371
217	494
557	499
297	49
343	155
219	243
301	11
300	2
262	456
450	464
309	495
243	195
336	380
315	375
359	454
356	377
413	435
330	489
251	134
142	500
363	189
336	292
300	2
324	133
326	105
290	192
350	311
361	170
178	214
336	237
412	203
278	49
241	248
296	12
350	423
193	232
337	407
420	375
268	162
344	154
378	327
150	357
429	390
384	325
286	41
356	168
451	443
328	52
403	410
430	270
363	115
194	345
308	28
428	379
276	114
233	274
215	490
286	422
123	435
298	36
415	219
276	46
485	326
236	357
303	469
404	258
251	119
233	486
369	323
358	252
285	426
264	229
317	103
305	140
340	138
428	442
146	340
291	61
299	24
404	426
266	146
229	130
339	203
533	442
269	233
386	192
387	480
426	331
293	104
345	328
325	109
305	33
188	254
236	134
327	249
380	272
418	371
136	467
309	47
301	60
178	397
340	293
72	448
482	381
111	480
328	54
142	456
391	470
286	46
313	132
436	364
418	304
235	398
365	467
439	399
344	365
230	362
380	226
249	154
299	87
239	319
143	345
348	265
320	36
276	148
300	50
278	61
281	489
306	243
545	427
315	32
503	424
324	197
313	44
109	346
222	228
294	19
234	260
292	73
220	500
348	313
289	94
264	94
236	245
307	88
158	446
284	432
296	514
256	460
264	145
363	455
300	468
74	517
473	429
279	427
308	80
309	44
332	267
329	275
167	382
179	309
321	99
171	429
265	310
118	460
291	444
391	162
319	152
272	165
270	179
162	445
218	196
276	390
290	248
350	91
283	444
105	355
441	507
331	270
335	88
340	234
141	390
295	426
193	507
334	194
268	270
331	190
247	380
321	223
522	388
365	135
223	203
297	12
177	224
301	148
286	266
270	116
254	159
444	326
215	264
340	424
288	39
142	338
382	277
326	252
144	301
331	67
280	346
322	66
411	280
361	138
340	379
399	199
263	179
395	498
381	192
253	519
239	349
234	313
263	102
269	71
242	138
372	267
258	145
271	449
282	54
416	343
402	373
228	381
414	351
318	95
145	293
484	335
302	291
338	114
216	170
279	41
285	416
308	61
248	168
384	292
171	280
360	358
187	289
379	407
291	93
487	371
362	305
283	220
252	262
219	447
395	519
418	498
226	180
340	170
393	292
305	25
408	461
316	39
323	399
244	204
286	106
433	345
229	288
267	80
304	46
437	387
222	265
261	156
180	462
350	98
290	495
281	66
139	484
439	311
340	190
278	142
159	253
525	406
156	514
262	305
69	407
390	170
245	101
309	124
307	25
278	115
297	363
299	30
272	332
295	127
246	181
151	339
207	199
49	469
360	229
215	211
325	132
358	447
294	132
280	190
278	223
119	497
434	306
338	431
346	264
476	408
69	422
435	258
355	377
132	367
323	42
385	216
423	248
331	58
357	128
302	281
288	258
342	121
154	294
334	267
283	85
406	257
504	505
319	47
316	71
474	382
392	356
300	288
196	482
226	463
321	64
239	212
377	368
349	149
374	421
263	109
398	220
226	216
340	104
266	102
195	227
235	256
391	312
304	54
89	493
171	485
290	91
235	122
422	432
449	399
392	164
317	145
277	139
304	11
474	390
184	294
397	384
423	252
254	443
291	58
268	387
300	10
337	424
284	91
275	330
258	192
389	442
162	496
304	139
207	237
110	353
163	293
333	111
402	271
300	3
381	238
184	350
212	257
274	61
318	127
354	163
291	32
141	455
280	41
301	9
294	465
325	465
301	468
163	429
479	457
484	364
378	252
271	433
69	421
492	489
304	11
358	122
388	464
434	504
352	203
244	235
235	393
190	274
300	107
284	310
175	394
300	1
299	16
280	377
309	133
387	499
445	501
309	29
465	303
52	435
301	111
165	387
236	216
379	233
269	142
340	450
190	219
486	431
381	235
299	61
280	57
160	263
210	435
462	452
362	358
11	514
205	175
355	316
303	15
343	196
307	26
386	169
260	221
337	92
303	44
124	438
289	47
303	80
300	1
290	139
151	490
229	351
291	121
357	123
341	238
327	127
241	296
74	397
286	267
302	6
200	318
109	459
254	149
247	302
247	490
542	445
447	295
277	261
393	312
353	358
211	234
364	335
377	137
229	356
335	73
347	86
287	151
352	474
480	466
313	107
246	159
399	238
424	507
536	435
378	313
222	153
283	77
473	416
251	200
235	125
316	162
513	519
309	30
262	100
285	463
298	22
590	507
279	402
234	145
291	106
292	35
307	32
519	417
294	24
315	61
303	22
246	182
317	244
267	249
499	512
484	417
293	275
490	476
342	88
219	181
495	384
385	286
440	461
267	284
287	61
103	447
222	348
455	288
321	281
239	118
288	138
433	264
309	28
334	428
331	222
287	44
199	466
431	409
300	19
512	396
433	486
365	148
185	247
432	247
338	188
309	54
304	18
284	133
293	25
234	462
235	288
220	149
312	38
320	73
295	26
348	162
520	508
323	54
307	409
187	207
378	144
159	252
451	376
301	3
192	402
300	131
298	222
249	203
271	149
211	494
207	248
216	248
318	74
270	494
516	387
457	354
571	516
248	210
300	453
237	455
290	420
265	321
284	32
296	11
92	479
263	72
308	48
216	339
296	251
106	371
376	262
298	404
179	337
442	339
286	288
295	86
430	397
211	158
324	507
299	57
336	73
134	473
302	58
325	137
305	401
274	184
413	205
285	411
287	35
423	260
185	316
287	353
202	375
300	2
309	222
171	277
253	138
175	222
354	289
166	292
196	228
360	231
116	509
320	248
101	477
418	445
173	373
310	68
178	307
395	238
434	513
286	468
145	370
218	246
166	261
289	25
256	98
280	119
300	1
256	81
272	236
254	371
154	442
77	491
382	187
571	479
335	170
213	292
386	468
532	461
291	80
371	355
266	455
392	252
459	417
333	67
402	255
232	351
181	355
300	13
187	380
168	456
353	106
428	354
75	394
267	475
379	494
296	13
336	254
305	29
98	376
298	116
169	327
204	173
314	121
261	108
301	23
300	229
301	47
156	316
314	370
101	416
219	507
281	465
182	217
287	64
153	337
185	509
293	168
335	109
200	266
518	492
453	417
559	477
306	37
341	430
305	76
297	15
181	345
334	235
259	225
180	364
275	250
234	269
344	83
309	293
137	286
352	103
254	96
415	331
68	456
306	379
375	289
275	48
342	117
331	506
258	216
282	197
355	293
323	67
364	190
527	465
273	178
296	14
162	375
476	345
304	116
19	494
482	332
230	446
336	317
330	452
283	295
497	509
298	253
305	199
406	248
332	71
261	86
289	437
434	291
323	233
198	377
366	175
51	481
263	209
258	118
257	412
247	276
492	475
303	253
455	303
322	69
300	8
323	206
389	396
288	88
303	155
193	352
312	88
344	203
238	179
318	439
301	488
239	172
304	128
338	275
390	462
352	410
285	125
345	197
342	290
329	58
431	370
203	286
228	129
261	435
294	33
309	224
284	84
289	442
345	84
376	242
349	161
275	377
307	43
253	403
216	353
278	213
398	512
355	355
168	363
391	254
288	119
101	391
203	485
285	108
277	181
342	100
26	515
183	337
371	480
197	319
290	86
354	161
242	487
176	315
379	139
285	113
209	343
348	162
360	334
299	45
512	433
111	353
203	302
328	83
262	299
231	202
279	56
199	338
277	54
267	267
110	495
375	358
296	89
350	114
495	377
192	384
225	262
514	403
483	410
225	143
336	460
183	338
404	309
298	432
201	208
277	428
163	329
249	129
394	227
437	245
243	440
297	79
159	377
294	154
443	260
229	170
250	410
344	398
116	366
288	257
312	131
292	506
354	448
248	411
286	252
290	67
301	112
369	351
181	334
306	98
583	495
235	462
273	103
381	145
175	261
381	145
301	470
240	136
281	132
295	21
430	249
259	84
327	86
236	444
302	152
183	340
151	507
337	404
336	75
282	294
171	380
473	383
260	79
393	507
212	377
474	371
299	132
393	179
548	490
301	6
251	428
531	485
314	160
407	218
210	411
430	435
276	369
356	117
190	447
410	239
145	280
300	9
485	352
231	179
368	362
295	388
375	248
497	452
237	376
408	381
224	386
347	289
300	60
375	456
300	6
321	158
338	181
232	186
380	469
388	363
259	345
183	337
501	366
311	51
415	363
434	376
314	190
467	301
172	462
324	363
290	52
346	110
303	8
327	405
504	435
270	313
536	442
224	234
176	372
432	305
297	64
270	111
460	293
306	497
306	38
465	508
268	123
336	99
291	65
381	474
161	371
417	303
300	31
340	391
358	306
377	192
364	171
325	177
286	320
119	339
374	428
286	90
363	236
375	203
283	211
322	330
240	183
330	150
311	183
351	338
130	339
288	173
285	136
406	207
314	181
336	519
307	50
282	126
326	407
301	13
300	4
258	215
422	245
320	204
397	406
325	54
322	367
369	162
222	462
364	124
195	225
446	312
312	26
201	189
295	118
333	141
239	369
286	34
387	442
310	116
261	164
364	114
322	396
301	46
419	228
84	478
298	434
250	145
262	105
264	152
199	258
340	141
424	259
21	493
281	384
270	69
338	280
313	105
350	366
302	7
160	298
260	200
295	40
303	242
300	8
295	18
445	420
259	218
346	206
268	199
119	519
564	485
155	485
401	350
241	288
265	196
247	441
256	449
295	15
357	339
467	482
278	243
187	511
281	181
247	397
323	235
150	293
185	284
151	310
368	242
324	163
335	152
239	192
350	152
402	432
263	267
351	287
427	517
302	39
245	111
428	357
366	132
310	42
369	379
367	512
367	473
396	506
220	310
298	15
288	28
130	398
338	131
271	357
303	355
250	157
324	469
215	488
280	135
300	2
340	386
329	165
467	442
170	334
514	416
101	448
320	94
93	388
241	110
554	481
294	158
151	424
215	420
245	354
199	483
81	442
443	267
205	213
342	85
246	386
336	349
223	189
300	85
232	493
176	374
299	138
392	413
292	25
122	405
269	484
266	68
471	306
569	491
391	238
299	229
293	67
270	99
448	266
100	362
307	69
364	290
154	437
280	267
311	98
334	283
254	179
192	235
156	379
316	181
244	259
300	15
301	189
388	406
202	174
279	295
215	286
495	422
387	164
300	97
184	506
208	250
203	317
208	248
537	474
144	415
224	517
291	17
288	70
420	337
277	286
313	93
238	242
409	241
88	391
262	164
299	33
285	146
331	135
146	503
203	485
191	421
138	284
316	444
417	341
422	403
244	294
349	242
148	281
325	152
188	271
265	67
192	218
259	202
197	303
310	66
445	475
493	500
438	327
543	460
302	15
302	16
401	233
302	6
529	474
241	188
289	53
78	389
320	489
229	151
241	148
344	156
299	204
504	374
296	22
300	55
285	70
246	416
260	157
346	343
155	393
289	26
98	352
389	189
91	419
274	512
34	466
326	74
224	159
450	419
267	220
304	57
338	86
187	346
255	209
296	400
330	469
313	197
232	120
393	186
388	244
439	378
56	443
184	396
58	425
312	334
388	344
293	69
163	348
247	107
187	258
254	221
338	151
273	339
337	85
379	438
264	141
291	54
257	115
334	262
279	229
353	471
327	510
286	80
180	348
380	319
305	73
302	19
105	488
213	266
334	208
417	362
166	264
206	215
255	222
172	416
402	293
221	182
236	183
312	27
312	99
424	342
299	6
305	274
303	13
390	413
301	47
230	374
317	214
139	427
261	192
320	246
78	420
270	190
329	376
436	519
291	112
387	222
458	513
543	432
291	133
257	292
188	424
82	518
287	95
366	349
520	455
284	100
278	90
298	22
282	447
299	7
407	401
458	287
300	261
157	375
378	291
163	240
484	382
529	445
252	494
137	455
377	317
303	28
301	34
319	50
165	362
410	200
299	61
303	217
160	284
418	215
336	120
360	232
260	106
329	186
345	115
296	190
166	378
373	397
331	177
529	415
295	229
560	491
297	84
345	140
362	357
219	429
230	158
299	9
300	18
184	307
313	56
464	302
100	500
284	354
300	10
361	151
295	28
296	505
99	460
272	421
336	438
139	341
278	329
290	61
302	96
308	119
60	424
283	51
396	481
442	345
278	255
278	364
524	519
248	111
51	505
300	2
202	178
273	234
321	116
253	155
297	20
306	41
320	56
363	352
377	172
185	306
315	41
347	442
292	168
360	106
287	26
300	16
256	174
310	66
232	332
383	420
242	453
268	97
303	8
280	200
294	45
312	23
366	410
194	346
340	410
489	387
19	501
207	221
92	505
350	151
239	245
319	62
300	2
216	335
305	384
285	131
264	263
206	350
362	510
25	489
208	175
261	171
305	132
322	118
182	389
351	203
165	273
459	474
447	342
483	443
583	511
215	446
372	244
279	40
296	214
291	37
118	371
239	166
266	113
199	261
275	52
362	136
175	369
360	194
432	447
300	8
227	513
346	98
288	202
297	262
188	507
62	449
384	157
160	275
294	362
157	486
313	178
538	481
74	438
271	232
388	155
317	74
146	377
293	59
483	481
298	22
192	275
346	163
446	280
264	470
156	403
333	472
242	207
297	12
408	365
359	150
259	186
376	297
196	484
334	397
184	345
213	192
312	35
300	27
208	221
336	170
312	238
368	181
344	226
368	200
372	159
286	213
194	213
109	398
411	306
345	170
369	293
213	384
244	265
285	337
34	481
323	174
181	424
202	338
332	116
361	206
263	142
223	398
305	138
472	387
300	5
543	447
319	516
436	364
218	170
330	500
576	494
290	181
256	78
335	204
288	35
353	183
303	36
342	308
271	326
299	14
322	222
229	127
237	293
246	276
269	220
250	127
135	300
295	14
287	30
313	388
293	100
464	457
295	290
356	216
199	244
223	214
145	444
383	303
348	310
88	483
486	475
293	59
419	220
298	25
312	444
295	442
286	158
259	406
282	59
353	119
455	519
319	45
282	108
263	174
272	460
336	277
366	164
436	306
296	519
433	279
436	386
207	474
303	136
487	458
324	343
303	21
263	452
205	271
234	461
328	70
307	55
341	89
187	280
296	153
300	31
324	116
243	219
154	405
275	90
311	61
30	500
385	327
304	13
272	372
150	432
266	134
217	309
279	328
298	41
303	12
190	431
300	1
285	35
401	329
467	455
352	364
305	116
352	177
336	509
448	259
101	412
87	411
398	372
437	440
226	232
243	170
98	388
295	185
84	501
320	319
306	16
416	212
491	482
440	314
184	368
130	354
396	277
339	393
276	267
240	141
302	31
282	280
207	358
332	169
334	95
320	151
279	354
329	297
315	119
313	86
324	183
318	90
259	418
272	111
447	364
277	84
300	2
309	17
303	27
179	487
128	302
260	487
303	232
397	488
333	87
535	506
262	169
259	167
293	54
305	32
424	235
450	358
176	431
166	364
332	122
318	37
296	92
450	455
330	363
109	454
427	500
329	194
370	191
296	218
343	490
133	341
503	367
358	209
367	170
178	486
61	468
371	345
307	180
248	99
312	33
366	506
263	183
272	198
253	492
224	216
311	363
494	357
208	262
351	517
159	474
125	366
300	12
252	108
370	319
277	394
320	63
279	298
298	11
328	351
514	440
232	390
332	84
162	470
311	307
299	8
282	52
277	264
249	116
98	408
466	298
294	46
206	351
298	17
253	89
114	345
368	144
290	187
315	203
400	471
251	479
300	12
167	255
240	442
106	516
320	80
320	221
269	310
327	318
263	379
192	219
231	390
527	441
472	313
269	55
300	251
230	203
295	24
296	20
142	506
251	434
373	401
261	91
344	352
322	136
410	482
318	174
313	241
140	463
148	505
551	442
295	80
234	403
456	322
293	47
399	206
516	500
287	145
169	271
352	115
354	110
278	85
432	303
272	125
343	425
579	515
279	158
241	312
402	243
239	158
477	366
427	473
437	283
230	232
379	249
517	406
246	245
232	379
395	179
260	127
405	471
125	322
389	164
208	294
263	136
242	142
417	476
203	280
585	510
321	103
296	22
117	342
194	207
480	369
266	94
188	328
362	120
290	23
320	140
143	287
304	115
213	330
305	328
163	293
320	41
115	513
311	158
386	265
108	362
269	198
430	364
244	262
178	398
414	202
253	91
290	25
153	386
500	369
371	293
354	513
355	201
347	293
220	156
272	382
378	397
207	395
223	295
365	479
447	354
263	379
276	198
296	390
261	284
116	515
280	371
298	6
66	509
370	203
341	79
77	390
333	324
288	99
241	121
310	311
152	416
96	509
249	305
324	126
320	78
152	410
188	421
330	176
175	472
176	293
175	324
249	517
290	454
275	118
366	190
489	516
217	278
160	319
335	142
117	373
338	326
293	108
274	84
317	410
569	511
284	44
439	339
295	16
478	432
87	379
225	183
188	470
301	437
253	519
415	274
167	345
403	384
299	34
288	449
528	504
308	119
331	322
274	411
70	480
229	188
490	401
296	15
276	64
124	414
247	435
211	245
413	372
299	375
355	165
224	197
289	48
217	411
295	235
349	126
295	199
366	143
522	473
96	423
172	272
296	347
297	21
324	44
427	389
315	269
228	205
336	181
483	380
335	132
306	39
450	373
251	163
347	289
369	153
307	255
372	399
295	67
357	307
333	88
275	183
223	136
354	425
293	42
301	9
336	254
445	427
339	115
421	382
278	63
73	418
145	363
84	442
303	93
315	50
277	512
525	481
195	361
196	188
203	484
78	423
344	88
271	277
437	379
408	346
81	503
364	416
458	413
256	126
121	410
178	266
303	22
223	231
263	293
379	222
267	94
298	15
394	240
373	282
150	378
305	26
310	175
300	10
100	423
104	358
311	41
371	215
443	448
293	119
258	331
144	311
103	392
395	303
396	368
247	97
198	225
306	243
192	204
297	211
245	98
175	267
375	153
327	78
319	186
319	35
423	425
322	69
330	196
324	298
370	168
276	138
254	95
190	239
261	239
233	229
250	401
224	461
274	54
197	263
219	403
129	353
163	485
311	30
75	402
424	281
101	461
337	106
65	503
446	425
315	449
349	198
284	386
301	416
364	136
219	170
218	407
275	189
343	156
329	291
331	457
286	56
217	154
300	177
535	418
343	239
325	99
150	319
343	236
328	262
240	136
160	247
89	492
492	370
265	205
247	339
161	329
324	97
231	435
372	135
327	122
291	23
420	291
253	167
215	181
476	447
265	224
235	316
292	125
269	339
227	389
366	321
210	172
177	450
265	367
278	223
272	99
325	315
304	177
322	480
447	286
145	383
371	373
320	107
142	280
342	303
317	159
330	376
258	107
486	337
287	27
409	248
369	207
260	253
153	371
269	93
260	281
111	388
160	332
412	340
328	461
402	361
441	304
92	379
280	225
311	79
315	416
277	149
426	497
250	180
331	84
443	393
383	365
100	410
450	444
289	151
294	57
137	365
300	358
457	365
332	398
308	54
490	503
288	97
394	319
251	141
325	388
307	160
217	158
352	237
304	38
177	468
427	279
415	202
308	15
109	440
242	150
400	398
383	493
200	428
213	273
293	22
405	222
294	12
146	500
313	83
325	96
234	397
121	497
381	483
127	360
204	249
298	243
397	201
231	322
290	73
297	67
516	384
154	422
282	288
301	22
109	358
201	449
231	217
473	423
122	501
313	58
495	480
300	2
305	270
168	343
519	390
371	164
286	145
404	391
319	303
362	375
296	265
138	391
300	164
301	378
220	321
293	33
456	474
279	421
386	255
91	423
412	482
282	258
224	159
228	206
286	238
352	182
262	69
383	149
259	132
321	52
301	16
191	513
390	260
278	156
481	481
215	184
497	354
314	89
152	476
232	348
225	501
293	166
300	31
427	316
459	442
277	125
301	118
370	230
269	80
88	429
353	200
323	100
255	166
374	235
299	123
270	172
247	118
263	163
302	86
255	359
533	472
298	61
137	399
189	262
301	4
152	267
257	160
568	473
156	384
166	435
243	130
364	121
485	368
263	313
131	300
239	171
363	138
477	435
459	472
460	506
407	283
351	293
405	218
446	427
184	244
141	365
94	410
250	145
441	513
443	502
311	164
334	79
340	278
349	434
149	351
160	251
280	140
254	137
126	406
393	447
467	302
144	443
303	407
349	478
248	100
119	322
223	250
77	439
332	145
451	314
234	133
356	509
216	463
231	257
71	458
177	228
400	206
416	290
178	345
187	287
120	351
278	46
93	444
50	517
294	73
250	349
300	49
277	157
67	422
306	213
332	108
275	57
310	120
294	510
386	216
304	181
182	352
233	354
353	244
293	207
484	420
292	63
406	194
244	127
209	507
359	187
311	73
429	351
397	463
121	379
370	258
310	158
429	435
366	328
249	494
379	326
203	170
289	206
247	411
286	170
311	48
401	222
298	190
134	428
511	466
365	170
151	468
278	301
207	497
414	351
338	177
294	103
243	128
288	170
224	137
332	68
407	319
453	273
276	512
271	128
237	169
423	500
272	88
318	122
138	289
566	474
350	136
290	189
260	106
404	194
280	96
325	335
328	289
271	64
300	3
298	87
412	246
453	513
290	258
488	404
419	351
287	26
289	286
408	415
290	235
375	224
443	306
288	393
405	250
337	152
358	145
290	132
203	392
213	481
30	519
426	397
102	395
239	215
197	386
147	385
282	248
260	297
176	313
360	387
274	119
408	435
197	336
72	439
337	123
298	10
148	367
210	357
242	141
443	288
382	228
317	487
312	212
94	394
315	31
312	106
306	14
328	229
236	319
197	274
384	313
180	394
291	410
452	322
96	450
319	193
346	306
215	282
438	317
292	261
300	87
333	203
136	343
251	242
151	332
308	16
284	46
211	220
237	500
270	112
239	450
257	173
101	388
255	88
298	21
255	371
243	474
449	287
245	464
253	216
309	88
327	358
343	169
300	30
372	160
278	280
269	72
299	127
304	15
413	423
272	52
142	477
260	436
167	327
392	474
429	496
149	333
316	196
338	170
95	416
336	333
182	264
456	293
340	176
446	493
111	399
305	300
261	76
368	348
419	381
302	475
313	124
235	455
115	429
146	463
391	396
230	196
233	138
378	254
238	209
437	454
293	160
397	302
199	272
300	461
250	176
247	146
283	229
321	164
316	419
292	123
391	499
410	329
367	364
249	323
320	139
373	213
381	343
260	86
300	5
443	448
358	291
174	510
273	80
71	423
311	151
323	43
281	151
251	507
311	29
421	278
264	80
477	371
194	363
357	365
293	21
334	98
212	186
240	189
280	81
293	119
168	254
272	70
297	249
301	20
234	356
323	45
300	47
286	224
439	421
298	46
291	29
436	424
432	372
212	417
326	470
397	371
224	248
79	483
277	110
314	42
470	449
12	516
548	486
462	331
295	16
294	56
220	483
159	373
520	412
481	481
479	397
193	332
105	478
427	235
337	136
324	399
413	483
232	170
255	124
281	58
313	28
297	328
294	41
356	190
393	164
304	83
343	78
309	261
31	494
400	464
202	234
252	185
74	440
349	189
441	377
193	227
238	246
585	509
393	263
269	106
221	204
244	201
333	250
208	190
424	487
303	61
330	156
472	459
88	487
137	395
87	512
234	232
109	497
297	16
474	467
463	315
285	39
343	239
339	70
300	89
329	449
300	18
161	326
148	413
252	177
160	497
198	352
238	256
128	404
295	98
165	300
167	279
185	392
329	100
339	254
164	350
339	311
254	473
417	242
367	190
300	2
310	170
211	169
281	69
483	370
372	138
299	271
273	423
196	385
233	272
350	195
472	435
193	368
329	423
432	237
526	437
339	170
19	517
297	21
144	513
312	24
356	324
371	222
257	89
152	266
312	412
313	33
238	113
436	334
16	517
322	72
245	127
237	261
222	206
433	442
315	73
337	73
299	11
435	274
112	408
356	163
278	302
258	282
399	476
413	453
373	156
200	421
297	178
452	331
263	85
28	514
144	437
274	162
272	54
422	297
159	386
306	277
141	440
373	377
459	433
449	347
381	378
440	371
397	311
466	295
302	138
224	164
378	204
335	338
363	284
127	452
341	361
348	164
361	196
408	480
281	119
372	327
315	68
229	160
300	1
283	152
253	203
326	64
242	209
263	377
467	309
422	257
440	287
317	57
238	179
315	59
218	337
461	372
276	52
298	61
185	348
341	74
323	41
501	461
235	239
450	334
324	447
451	435
245	217
279	198
230	398
280	225
300	138
284	168
311	516
387	332
270	122
174	274
290	55
187	440
385	438
83	389
325	193
258	196
245	183
291	114
477	438
301	65
286	62
292	510
312	62
210	178
300	7
358	135
316	40
340	358
477	456
300	54
121	379
174	432
271	57
436	511
202	229
95	399
452	487
454	379
557	463
342	115
334	448
542	430
408	257
262	467
117	354
269	56
365	242
320	437
239	320
286	106
441	249
322	67
450	369
301	196
171	453
297	144
307	73
320	183
204	168
312	262
294	16
510	429
230	395
205	512
238	174
288	109
377	341
367	196
309	67
180	217
447	357
322	281
327	70
231	313
166	472
236	217
264	334
347	179
392	503
197	276
260	424
267	436
273	275
371	128
323	96
232	267
295	30
369	404
347	95
151	409
136	318
372	176
290	22
440	422
371	145
133	351
299	232
358	145
432	385
255	258
372	496
300	198
280	117
377	468
88	472
277	352
276	86
304	49
309	62
246	192
278	208
315	202
296	153
247	106
327	104
344	262
110	501
393	246
263	169
294	28
257	227
358	483
442	360
402	449
260	222
285	161
284	34
286	97
455	353
122	395
265	324
197	455
239	109
158	499
328	191
304	88
347	169
208	236
445	322
113	444
264	84
170	231
115	386
327	356
46	467
319	67
336	292
106	519
174	452
157	435
348	372
304	184
236	140
364	319
336	125
364	228
300	59
307	19
346	94
540	517
439	485
281	148
103	485
357	278
295	93
280	117
210	298
168	415
231	167
401	320
323	48
445	261
417	442
526	444
337	156
325	209
318	265
315	503
120	317
182	238
313	41
396	173
281	182
278	84
236	247
367	198
140	345
390	289
277	429
304	46
210	190
108	423
117	429
340	196
226	138
312	319
438	431
235	339
426	504
558	515
41	458
332	117
274	480
272	419
295	14
124	469
470	489
214	228
457	495
406	287
412	320
358	184
217	166
535	516
131	494
257	175
323	411
394	331
280	338
266	112
318	407
300	252
283	48
312	178
156	448
339	324
322	251
300	1
548	434
178	398
298	167
176	234
217	366
283	99
110	407
282	89
287	88
392	218
330	204
204	195
296	25
271	55
371	265
254	91
443	262
296	387
355	106
399	447
257	105
374	195
299	9
299	148
432	253
188	386
514	419
426	341
94	369
250	318
213	174
406	317
317	98
424	327
286	41
190	260
296	11
376	465
436	375
578	510
265	67
300	28
343	290
378	231
570	485
301	16
584	500
67	405
304	63
309	100
330	297
233	141
320	36
506	444
379	317
413	215
264	151
293	62
380	144
296	484
421	266
260	196
341	112
239	121
417	445
298	301
252	287
298	42
303	445
328	68
304	13
112	498
251	100
300	108
335	354
353	209
356	326
191	203
422	280
349	313
326	376
278	97
304	231
460	410
482	376
298	9
97	476
256	80
306	70
124	442
505	437
116	376
220	281
211	322
198	478
445	310
276	66
434	242
315	90
300	15
137	512
366	277
237	253
318	128
277	106
275	271
149	476
195	185
302	280
274	224
316	61
245	254
347	302
310	27
116	425
280	248
300	25
275	208
282	249
338	371
157	394
144	274
431	368
377	318
254	169
321	104
307	55
315	173
351	176
49	498
155	377
257	215
76	403
252	118
309	169
201	351
218	160
454	421
312	168
18	519
156	414
127	464
258	392
516	377
373	326
213	225
247	156
312	73
271	90
216	256
274	226
267	219
314	198
206	295
267	348
328	238
211	264
328	147
518	386
223	262
267	140
280	422
326	78
349	473
240	254
304	38
369	229
296	62
308	263
216	166
562	472
307	29
230	182
271	267
220	280
299	27
368	150
129	392
114	396
286	235
298	54
304	86
327	329
261	347
398	505
100	351
282	35
329	180
299	329
292	19
384	150
146	303
169	372
295	31
264	82
389	508
388	172
299	13
300	76
300	49
134	371
244	205
227	145
182	228
304	24
293	344
290	67
317	214
275	154
313	45
158	413
461	391
142	447
394	355
562	484
291	336
272	201
328	134
351	326
204	307
553	498
419	291
272	300
282	445
419	260
231	154
430	475
283	123
279	265
348	434
248	373
252	127
299	260
256	103
212	174
290	32
244	139
418	351
209	261
160	336
366	319
336	302
239	365
270	67
363	295
273	122
407	251
246	452
400	310
432	276
208	190
299	7
68	498
291	101
192	464
258	366
84	490
299	17
136	326
245	202
270	106
185	424
264	396
338	86
420	333
269	390
410	299
393	318
259	93
286	30
324	216
124	419
427	228
279	61
269	145
228	428
96	490
352	244
296	44
308	21
40	487
147	318
201	203
143	335
331	109
295	35
180	246
265	96
290	111
204	416
263	319
128	311
349	225
242	439
301	49
394	357
69	402
289	315
348	108
105	457
233	147
268	70
396	297
298	9
131	512
297	15
131	336
394	205
501	396
217	231
314	321
401	285
452	384
210	477
269	468
326	395
122	356
397	219
344	223
345	104
530	402
329	55
297	45
297	9
475	314
102	425
300	2
379	313
173	454
365	248
230	215
149	338
304	11
185	258
260	74
369	280
298	54
226	453
321	202
398	254
87	454
292	81
249	396
262	105
157	455
393	203
321	436
227	384
300	145
316	69
323	164
408	407
490	444
400	187
111	363
411	439
305	65
455	337
481	433
373	397
462	474
356	180
242	108
286	65
272	398
132	461
439	275
303	99
227	175
352	498
303	29
504	403
253	155
309	185
31	491
243	268
196	203
234	254
348	444
317	416
359	125
171	281
281	43
131	447
447	338
345	88
266	242
319	78
283	55
306	443
225	166
438	394
240	477
164	321
304	196
326	267
209	312
108	334
306	119
357	177
169	314
341	78
290	113
299	27
317	353
294	256
335	84
300	1
344	242
338	101
191	508
213	287
210	347
498	354
376	135
317	401
300	59
300	177
371	358
318	370
313	200
228	177
337	466
310	428
202	240
329	128
384	237
314	171
195	415
272	256
257	287
304	295
292	435
100	353
379	375
293	63
153	300
355	151
170	239
403	291
496	352
340	128
306	15
326	97
108	429
269	75
301	21
354	112
249	151
398	179
309	93
329	364
415	502
366	251
315	48
316	43
389	250
322	40
370	222
93	468
83	509
410	238
298	99
301	374
453	480
211	351
326	88
335	323
314	327
290	324
456	294
386	470
85	422
367	200
186	466
190	224
215	274
181	300
365	125
321	376
289	266
162	466
335	64
103	422
440	500
316	222
25	508
368	402
187	484
202	171
323	134
311	98
316	93
304	88
287	48
326	84
130	429
332	80
281	152
350	483
240	414
222	176
473	398
415	486
280	52
317	410
407	512
388	471
353	186
277	49
435	315
318	424
288	232
525	481
45	463
297	78
428	267
391	173
289	22
322	488
377	445
330	498
273	87
348	182
341	168
365	392
384	347
227	219
328	87
286	453
270	119
306	242
242	416
466	513
347	188
514	439
82	471
427	255
184	482
348	155
319	42
446	324
190	281
388	351
226	289
414	426
254	400
385	228
297	118
489	418
294	358
110	416
146	326
304	164
173	340
438	253
301	92
282	66
233	140
217	172
80	461
253	218
445	352
236	295
158	297
208	218
252	248
193	359
315	179
359	191
284	84
488	457
386	353
227	267
293	373
280	349
292	315
222	423
325	73
221	170
323	348
306	86
485	358
260	190
323	397
226	151
294	218
511	458
323	256
241	366
262	331
266	350
159	418
297	238
410	274
262	87
164	330
118	389
330	202
413	225
322	221
305	227
293	115
554	507
104	345
401	445
162	262
288	32
303	10
172	423
342	99
174	446
489	503
281	382
172	287
278	248
519	402
158	296
344	113
253	331
139	451
112	446
468	370
395	380
289	38
317	143
289	297
588	500
344	303
275	148
313	45
330	516
521	494
259	138
474	325
473	304
392	287
292	396
303	56
360	462
334	457
355	99
117	382
299	15
296	25
297	11
470	411
135	394
341	411
303	68
432	472
212	256
262	90
271	148
291	293
351	94
351	274
338	151
258	84
177	242
112	359
156	324
321	280
325	259
342	164
121	336
211	271
307	29
334	179
447	365
99	374
30	517
308	46
279	110
495	492
363	176
341	151
332	121
309	370
329	78
239	125
290	150
307	250
317	42
313	348
296	9
362	334
345	423
294	117
273	92
243	228
377	507
247	286
239	171
65	439
353	324
395	184
395	249
244	216
301	186
357	110
117	490
202	271
338	128
259	179
228	207
277	171
342	273
369	144
360	369
64	488
367	279
514	397
108	351
267	98
280	109
184	272
219	158
198	226
143	471
336	250
404	247
308	73
279	52
212	344
419	228
297	151
344	416
287	38
234	326
189	237
326	174
305	55
346	371
247	498
300	48
94	375
296	22
312	46
244	414
148	400
189	246
189	205
292	17
383	491
571	480
78	447
436	273
295	17
199	267
352	193
329	399
452	406
305	50
303	54
229	142
282	93
394	469
498	481
216	185
306	41
109	423
71	519
528	497
356	261
452	440
259	311
245	231
104	451
155	380
328	65
431	243
357	149
294	101
299	145
388	390
311	36
424	473
309	19
436	433
309	32
499	474
295	392
314	59
345	347
308	296
146	514
316	67
504	403
182	407
259	192
314	86
264	223
349	163
302	13
285	77
238	168
343	300
311	31
348	245
340	500
342	191
121	384
403	282
292	30
275	202
159	264
214	155
303	490
501	442
174	404
212	240
337	409
224	170
318	293
255	106
168	387
125	336
261	235
275	135
296	9
431	487
449	436
390	488
111	437
333	478
343	113
297	261
311	30
296	9
177	501
157	461
230	303
348	236
377	465
457	355
294	54
258	190
241	240
241	451
253	166
110	351
444	442
303	355
255	112
295	209
210	330
173	356
321	488
259	362
237	117
327	72
353	390
308	382
218	290
289	474
305	89
347	179
439	305
405	360
398	517
148	265
210	429
316	49
344	121
374	254
402	292
413	416
331	226
459	500
188	235
184	493
390	246
337	286
496	372
358	186
57	496
277	173
352	191
313	202
347	315
345	431
202	493
289	165
337	359
239	351
213	456
440	423
120	355
400	442
284	466
342	391
369	294
169	370
239	248
379	262
381	179
41	455
202	242
289	235
420	229
157	499
313	101
284	108
302	18
103	402
309	261
231	367
290	41
373	486
300	2
214	453
294	203
502	353
173	398
368	128
316	259
343	85
465	501
352	328
419	246
274	187
306	123
314	158
303	15
385	327
127	369
307	35
396	190
270	291
303	62
476	478
192	440
132	319
267	98
275	66
395	389
320	80
383	296
99	513
512	418
371	203
370	206
259	86
318	100
279	175
236	169
203	185
253	243
399	183
337	89
327	112
332	106
464	300
135	296
231	425
107	337
375	134
344	186
410	494
241	170
371	130
259	199
318	146
266	88
367	202
212	248
313	346
219	369
321	258
478	477
227	324
190	254
159	458
163	372
283	39
118	461
342	452
225	500
388	167
301	6
105	512
300	1
261	409
354	339
335	84
211	256
291	39
286	472
350	113
241	376
305	15
325	94
345	170
292	332
260	135
215	264
230	274
316	52
396	364
117	372
283	53
307	237
352	169
129	411
150	332
531	503
196	185
444	374
123	399
321	67
463	361
353	229
235	207
308	480
319	70
188	257
216	254
394	200
423	216
293	216
288	129
444	262
303	43
300	2
284	375
309	18
347	407
276	333
341	221
431	301
300	138
453	352
267	140
141	427
575	509
366	227
362	348
1	519
408	250
249	119
172	512
157	395
437	424
501	375
300	1
300	1
400	251
382	508
286	28
266	109
267	93
252	222
321	115
402	188
395	518
235	334
304	427
405	428
158	356
321	515
242	474
247	133
175	274
107	500
343	115
212	287
315	122
490	336
310	66
292	203
239	300
213	388
437	515
62	449
77	464
378	164
598	519
253	83
267	276
190	298
355	105
124	363
299	187
357	247
257	435
218	205
190	223
329	123
247	311
140	510
219	476
98	452
233	139
342	224
293	95
340	120
452	376
337	69
251	126
283	256
282	93
301	222
232	228
277	169
300	26
217	463
291	20
532	443
367	291
102	384
294	51
299	281
394	407
242	167
103	446
297	9
247	166
23	504
241	231
395	349
334	313
258	303
437	267
452	404
294	71
248	473
281	250
368	184
271	225
452	312
224	220
497	358
154	327
291	254
452	362
68	452
374	156
246	223
196	217
314	68
154	461
241	187
5	514
266	275
308	50
305	183
232	276
342	494
351	334
433	264
215	330
236	184
335	89
285	32
204	390
222	152
261	91
160	287
255	91
219	317
337	69
214	151
246	255
324	51
220	275
304	416
292	41
14	513
280	465
400	428
269	201
305	496
314	80
207	263
191	347
250	186
401	183
71	451
263	105
394	218
373	231
457	355
288	23
552	456
293	48
214	158
238	377
347	242
508	398
515	455
301	17
303	429
365	313
464	451
298	41
242	112
224	271
404	402
83	390
262	332
157	249
379	191
312	147
284	88
306	75
227	424
264	467
218	384
180	356
265	258
317	302
308	15
336	178
314	31
342	167
300	61
397	238
269	101
333	336
300	52
301	205
489	423
305	37
412	215
297	143
271	72
275	330
191	367
148	493
333	448
311	28
293	61
310	102
328	67
358	150
404	290
447	412
265	180
271	212
249	188
224	304
299	17
278	229
479	374
321	76
197	315
192	447
302	20
173	442
234	358
342	131
92	500
253	432
269	78
177	419
108	410
231	158
298	68
372	236
307	103
300	56
314	472
258	101
70	493
388	317
376	188
427	433
294	72
309	54
305	74
463	293
212	160
107	473
362	287
377	267
297	9
241	231
214	184
234	283
291	59
194	285
101	475
331	125
267	267
203	359
330	171
289	203
255	244
274	84
483	487
198	417
215	185
57	441
251	285
473	454
267	209
171	268
165	399
168	434
247	483
142	348
330	92
292	242
230	195
335	105
303	156
358	130
230	164
395	351
179	239
520	408
308	272
365	162
253	269
288	32
324	119
281	462
465	486
316	196
357	170
565	500
368	472
300	327
115	358
506	417
266	90
294	112
298	303
367	166
248	136
231	390
460	406
258	321
327	267
322	104
374	351
281	41
300	2
301	9
311	135
325	222
156	337
414	283
429	336
375	334
208	386
337	216
231	307
264	115
284	131
286	152
372	314
148	398
249	165
241	325
365	364
223	334
364	335
377	265
366	153
300	119
303	32
302	8
327	356
302	239
324	109
169	463
189	306
219	287
346	187
304	177
217	426
318	190
385	245
343	419
287	35
285	383
491	519
451	366
152	304
452	318
296	16
308	228
279	191
89	384
263	207
325	328
299	123
284	210
324	302
437	353
115	511
410	419
307	22
420	247
246	190
283	169
353	242
301	154
366	132
458	371
382	336
297	270
355	256
283	201
325	286
125	430
319	104
324	151
398	256
301	80
324	75
453	485
152	369
212	440
261	80
283	33
300	34
404	204
414	365
51	457
412	349
198	319
408	245
372	131
316	46
502	369
313	32
300	24
257	502
328	60
235	458
268	196
380	292
39	514
85	391
363	134
279	284
239	286
329	293
284	79
259	125
307	386
470	479
294	108
334	165
365	119
335	309
512	413
432	313
372	128
358	138
374	261
252	361
423	332
276	473
282	114
297	67
302	44
197	250
297	202
125	431
277	439
205	205
232	125
299	9
293	497
256	509
261	242
182	221
127	330
300	14
524	489
144	486
211	295
239	284
322	83
204	214
306	80
281	225
220	234
211	364
521	416
300	97
127	304
317	43
385	348
376	499
430	325
300	33
184	289
304	183
360	312
152	261
100	410
283	90
316	86
318	185
330	118
434	503
168	238
321	328
502	474
472	332
323	69
293	44
252	208
331	375
300	193
417	413
234	126
282	316
197	205
310	70
398	261
474	355
180	361
407	231
156	480
300	8
435	324
247	334
191	475
253	134
219	329
242	263
272	175
321	89
385	343
223	435
316	73
350	119
314	326
297	257
458	410
265	71
262	345
230	390
225	271
452	373
369	247
481	442
426	447
64	411
292	47
342	421
358	428
442	397
238	145
179	318
47	468
227	208
364	439
44	477
343	164
193	500
402	361
132	312
168	286
293	26
321	368
300	111
284	39
393	208
280	461
315	94
405	428
243	297
301	6
236	351
353	158
321	199
251	185
259	254
367	457
245	253
522	495
439	330
243	365
383	199
280	364
240	307
290	54
245	238
299	9
370	229
304	37
391	189
341	425
364	319
232	213
328	160
300	4
210	338
29	500
339	438
240	500
390	369
155	424
249	194
484	336
397	199
287	63
138	418
128	519
272	493
450	326
236	500
222	447
343	169
323	43
367	485
499	409
307	93
286	36
142	488
501	465
128	416
422	500
281	58
202	179
339	158
285	36
142	426
233	303
101	400
119	467
321	315
233	428
399	240
176	306
298	30
254	229
265	97
497	402
285	62
331	106
261	375
535	481
179	494
303	9
454	274
292	19
381	253
373	209
212	473
89	447
455	313
271	224
263	150
292	482
278	304
309	41
203	405
264	139
264	168
376	351
269	514
430	429
343	266
347	301
390	507
502	467
303	50
162	280
197	229
493	427
366	149
301	11
281	129
281	183
467	513
489	513
172	476
497	484
506	393
192	444
131	399
279	84
263	107
358	210
286	335
149	299
304	196
503	459
347	421
322	318
303	8
522	438
151	450
199	250
130	334
317	152
332	128
215	409
360	272
301	40
360	176
297	261
241	395
196	183
304	34
347	261
305	21
331	95
231	382
227	290
285	376
348	104
104	359
300	3
366	473
327	115
196	384
437	307
376	507
229	250
325	222
362	222
304	259
287	80
258	106
145	371
394	392
257	200
225	158
408	455
36	498
471	476
294	17
518	441
425	279
146	375
270	121
287	24
300	54
271	337
333	107
400	266
328	67
301	404
424	330
303	28
373	220
35	484
288	226
293	198
275	55
272	513
203	208
275	286
408	295
271	489
309	518
304	130
319	35
292	170
512	465
279	62
304	398
75	400
243	304
168	380
514	428
120	513
278	110
407	219
147	420
332	417
302	36
303	131
218	148
310	20
330	245
207	504
344	275
290	155
402	431
449	357
312	22
312	89
311	62
278	48
340	79
331	66
300	6
388	514
339	111
519	474
393	308
222	266
311	34
290	44
247	152
352	312
254	455
244	160
482	475
351	120
204	196
216	187
221	242
378	429
486	338
417	373
301	31
308	52
383	177
255	144
153	290
280	60
170	334
247	144
275	94
338	99
430	319
78	414
247	507
348	93
24	486
253	111
296	52
587	500
125	369
279	139
288	50
337	364
433	409
351	461
279	84
327	223
305	29
206	433
408	373
245	380
333	128
410	338
231	122
419	361
407	345
236	155
266	70
209	369
136	400
278	119
355	106
304	65
310	126
503	444
297	450
298	54
317	170
243	208
169	511
445	341
294	273
290	38
485	335
64	498
443	492
279	54
414	319
307	61
280	339
286	29
282	151
313	210
300	1
187	231
295	222
266	125
490	455
305	499
240	210
217	145
92	369
449	477
267	121
346	106
464	405
276	61
254	209
388	222
212	355
265	247
138	351
259	268
338	135
348	117
407	380
300	116
460	513
63	454
297	19
332	144
435	289
438	400
553	450
103	401
265	124
153	401
300	11
487	435
125	382
237	179
297	118
311	51
482	360
383	147
290	103
138	316
301	8
188	205
379	421
150	481
315	142
190	226
298	6
175	266
381	341
303	165
162	298
95	508
179	400
73	478
347	421
301	64
283	362
244	99
312	126
243	131
289	24
309	409
150	274
257	193
322	51
412	517
355	372
250	276
344	228
55	455
439	428
430	235
182	234
297	33
135	287
121	427
363	129
300	468
459	435
416	274
342	145
244	311
316	30
319	134
337	158
243	229
110	378
319	463
326	257
418	324
434	282
411	491
436	371
305	346
216	314
72	407
274	304
540	448
263	471
325	62
398	235
297	283
343	170
376	239
325	61
300	145
420	277
502	479
364	300
366	454
292	47
287	476
200	218
314	496
377	211
291	500
400	190
352	435
251	131
239	355
285	240
300	140
300	2
136	508
468	299
85	434
397	171
150	304
306	390
282	128
432	473
468	514
390	361
331	513
77	507
270	161
271	402
454	323
339	384
381	355
292	36
386	252
278	322
308	135
249	159
296	16
253	326
129	440
276	56
208	230
227	311
403	234
459	391
300	108
237	187
347	235
359	125
273	86
184	450
142	283
88	396
492	448
301	14
269	340
396	170
312	35
424	358
332	237
250	129
342	313
340	95
111	434
288	100
117	364
298	24
260	410
279	85
302	19
257	112
281	80
297	350
276	65
330	513
295	35
359	270
145	382
261	365
284	484
249	145
158	357
92	518
303	49
376	310
227	512
429	338
199	472
315	125
242	167
299	14
457	410
273	236
311	293
258	285
301	6
233	131
263	439
385	493
241	177
371	170
271	153
281	184
90	382
217	313
340	429
294	377
264	203
346	151
476	487
386	394
398	422
238	229
446	497
238	274
265	223
273	123
85	376
447	457
219	158
449	263
293	41
347	341
304	19
333	237
187	251
268	125
242	272
268	262
281	93
310	21
217	340
296	51
295	22
211	339
160	301
568	494
192	461
292	192
139	287
337	133
225	282
302	110
404	259
268	408
366	218
133	461
307	46
216	427
301	24
220	487
483	364
158	268
184	414
304	15
107	382
365	424
288	185
120	341
219	155
220	456
201	231
252	142
285	139
262	99
304	376
209	314
297	9
354	275
330	321
156	306
365	241
349	373
355	151
250	182
308	26
260	139
388	175
376	206
99	456
339	179
338	354
236	112
325	276
268	381
145	487
533	443
292	103
175	469
218	285
479	353
518	387
194	300
201	205
430	473
415	493
308	34
349	367
240	316
273	228
469	394
358	147
298	192
141	490
319	72
300	362
387	267
346	123
440	486
232	426
339	175
380	273
286	435
191	392
518	477
166	252
317	49
292	125
289	59
344	427
140	279
368	396
239	200
288	76
201	269
143	281
347	88
487	365
112	489
319	47
285	56
241	116
483	333
405	494
346	139
302	359
322	83
298	9
310	112
247	358
214	183
295	165
142	372
341	219
319	141
175	384
388	383
63	468
325	240
300	2
168	305
165	282
571	514
311	180
344	162
429	273
401	249
157	498
414	203
233	169
357	304
459	299
222	245
300	4
320	236
121	371
305	55
390	198
530	439
414	254
397	399
390	466
393	176
176	378
150	406
228	147
351	122
325	69
98	385
283	32
365	216
489	338
305	15
324	96
325	181
274	481
354	236
285	190
218	437
297	332
352	178
313	60
148	265
267	226
344	207
165	387
368	326
41	519
286	433
201	191
465	395
263	192
301	371
119	510
229	338
373	197
331	80
261	338
211	327
82	450
378	273
354	135
356	111
255	125
286	147
426	397
364	330
294	94
320	37
272	96
320	421
242	133
349	119
286	103
428	383
53	462
258	376
204	513
426	436
337	259
310	121
345	515
548	467
352	186
407	481
300	364
165	283
236	152
385	186
275	350
174	234
233	185
150	341
279	52
337	151
376	196
247	139
313	89
314	76
481	321
100	394
535	519
381	488
116	501
299	412
346	497
298	141
467	429
93	504
452	501
231	456
440	244
322	431
180	223
174	312
300	6
462	413
241	225
302	36
259	120
268	292
242	326
282	39
218	318
315	288
505	361
300	7
55	438
265	75
252	171
516	491
157	486
56	463
382	245
312	40
287	185
306	20
365	205
317	119
305	261
14	500
303	12
546	433
258	187
399	209
289	206
344	189
423	263
399	462
369	235
308	31
543	494
369	290
218	235
318	134
277	48
321	55
381	151
183	271
331	473
347	93
277	164
301	289
522	418
315	35
323	101
315	63
171	456
180	313
300	1
519	484
289	100
469	427
322	419
265	99
300	1
379	195
411	412
374	297
212	255
156	410
61	481
299	7
241	439
293	447
513	385
265	86
414	437
278	298
244	216
295	150
344	166
130	311
416	228
247	319
181	225
457	506
304	28
319	90
108	335
210	494
193	302
296	224
399	242
537	471
279	222
420	518
311	22
322	155
140	464
267	132
69	450
365	260
378	328
383	363
323	422
488	399
310	150
214	168
489	515
364	401
503	489
310	216
366	187
326	449
148	326
320	267
298	28
45	485
93	478
214	491
140	510
320	107
356	123
123	318
485	474
291	261
396	173
305	120
303	10
306	371
431	233
194	482
194	386
314	133
256	92
320	55
254	86
133	317
340	162
162	267
492	387
337	133
308	122
386	492
254	93
373	305
327	67
157	514
281	414
180	261
257	487
82	452
300	48
148	490
443	290
227	513
398	308
442	374
311	214
172	226
233	138
232	234
297	13
151	401
302	6
381	269
138	282
313	217
289	86
501	424
298	218
408	296
262	174
291	310
333	345
199	199
249	244
284	310
291	112
168	312
236	213
410	314
306	260
259	428
489	335
154	254
309	468
126	466
227	178
154	309
339	305
317	35
370	315
189	249
304	134
400	453
383	190
376	255
135	389
262	416
272	502
219	254
293	127
194	368
458	394
248	240
302	60
303	111
400	184
365	170
56	424
311	217
264	145
336	74
299	54
238	490
134	408
329	95
351	363
450	319
279	121
93	402
148	313
367	174
393	209
324	170
299	329
258	177
407	218
343	373
302	15
265	197
386	174
309	74
314	32
285	225
313	30
250	344
255	385
398	396
366	271
266	429
147	487
300	18
282	106
279	279
323	48
251	131
267	306
244	358
477	351
259	485
295	58
285	32
365	197
364	170
291	29
409	255
155	519
295	21
258	347
314	35
322	166
319	245
237	386
417	482
383	309
330	514
337	147
159	346
240	174
299	4
287	99
422	370
382	267
233	258
308	469
278	121
355	196
230	315
398	241
244	164
223	457
260	184
260	117
284	353
406	248
297	51
179	229
307	357
317	110
300	202
355	229
324	119
427	342
424	290
301	125
318	61
299	62
362	400
282	172
266	80
166	415
291	216
254	87
309	30
331	242
301	7
388	358
339	282
387	267
262	451
253	313
301	9
394	312
334	64
473	404
349	101
254	183
330	170
298	17
325	69
335	112
265	80
311	32
541	456
125	491
316	158
400	229
235	271
332	354
398	240
303	7
276	52
322	119
237	346
328	87
220	274
238	288
230	216
243	136
175	448
376	428
30	481
383	311
298	445
260	297
272	350
230	322
296	28
147	305
299	480
466	462
313	103
597	519
243	226
307	80
289	147
164	261
299	9
79	435
239	359
118	496
204	210
284	89
364	398
566	488
368	193
292	109
124	396
234	224
174	266
383	423
144	393
434	491
574	510
382	175
285	277
262	197
241	297
312	123
330	345
246	339
270	154
170	439
316	45
355	284
168	326
471	298
362	257
149	378
189	231
335	212
232	253
502	401
302	433
281	35
93	374
98	392
265	437
536	488
303	27
439	329
188	256
484	403
431	246
181	237
211	162
355	208
286	185
326	98
538	429
300	4
296	71
224	199
330	193
297	103
269	190
365	242
263	423
297	74
284	131
278	48
126	340
261	90
433	427
215	293
322	45
305	105
250	468
257	164
551	466
271	106
300	1
251	225
253	177
272	125
368	203
363	154
426	479
197	384
246	106
324	223
374	346
500	405
303	305
223	179
313	164
325	68
287	64
346	497
186	474
260	188
313	83
477	501
200	222
93	466
480	317
391	165
276	117
175	287
240	205
302	183
382	144
393	339
234	136
211	332
302	61
188	448
86	463
306	80
306	371
250	397
132	388
429	294
241	129
265	111
336	135
406	325
300	1
248	144
146	515
155	446
403	461
310	255
297	48
207	251
380	215
294	15
178	306
231	121
416	298
530	414
256	94
401	280
172	376
305	372
306	211
483	363
564	463
351	346
258	86
157	448
303	55
506	504
293	225
346	119
484	391
315	53
81	452
340	508
168	282
342	187
411	313
281	50
194	213
295	57
547	439
127	430
361	444
371	125
71	455
289	55
467	371
167	515
300	2
376	242
485	347
143	416
407	405
444	431
77	481
419	438
274	234
281	41
263	297
284	122
334	319
177	451
146	332
315	116
489	365
337	267
271	83
338	160
57	474
270	213
368	511
319	469
261	489
451	448
142	436
281	86
320	177
257	123
122	456
256	130
197	317
341	281
326	97
451	413
89	444
256	173
157	249
338	103
574	493
375	285
312	48
311	368
320	162
398	253
359	162
481	339
343	391
476	452
288	329
218	455
382	205
320	37
299	55
310	35
226	189
256	256
379	327
321	67
399	218
352	106
196	448
231	121
298	75
183	228
306	161
407	435
292	20
324	153
279	236
300	17
106	437
72	460
316	31
311	35
378	194
252	305
267	239
290	61
155	360
422	504
583	510
394	326
263	519
118	428
195	297
288	53
302	6
444	498
366	133
276	448
331	82
270	106
505	376
153	354
321	284
156	279
384	474
491	397
268	112
457	356
264	77
496	461
119	335
300	3
307	21
305	11
297	9
287	319
283	54
289	27
382	171
296	413
282	221
147	450
307	216
310	22
418	278
279	172
232	254
302	490
212	308
443	317
276	49
376	333
294	106
444	277
418	371
326	85
264	124
298	22
230	196
472	380
342	101
334	73
367	222
312	40
327	119
409	219
483	371
517	436
301	38
131	363
312	106
447	335
383	151
412	435
318	220
377	183
226	166
121	377
337	337
388	284
281	344
418	230
370	421
120	368
225	180
269	138
338	167
317	86
397	252
281	210
140	508
378	190
221	285
103	429
213	410
281	512
301	16
297	72
259	275
209	399
351	419
231	138
163	257
436	294
221	159
302	61
190	229
331	89
353	438
334	93
332	400
322	238
283	62
287	61
444	371
196	298
306	29
405	394
437	466
98	361
271	99
249	368
315	245
316	196
347	492
381	246
339	164
299	22
36	464
185	494
422	437
211	335
157	284
215	313
267	310
267	509
285	41
286	69
301	27
397	492
47	465
321	96
301	6
284	168
306	35
272	54
259	94
341	132
340	78
505	470
225	218
287	48
271	139
186	507
280	172
304	9
384	229
433	329
425	411
260	174
306	47
290	277
249	209
290	25
313	150
372	351
325	211
182	221
210	192
259	177
276	93
503	355
375	293
468	332
300	2
394	465
387	378
250	401
514	475
77	389