471	406
322	252
183	509
294	99
262	103
327	200
222	167
275	47
268	62
478	375
499	360
503	370
253	481
269	125
317	345
355	468
279	46
311	34
246	133
293	45
224	304
135	395
296	119
223	315
298	285
221	252
247	473
428	385
292	31
181	309
377	280
311	41
299	11
321	67
315	119
198	287
502	489
275	205
414	226
338	345
329	335
242	202
225	400
409	226
297	215
309	177
320	49
483	377
324	104
357	148
165	370
170	389
444	362
444	461
296	36
67	500
138	339
571	479
283	43
257	99
309	21
176	336
440	390
245	197
343	358
330	233
366	246
290	205
314	50
390	444
351	235
446	300
347	127
503	359
345	206
314	240
385	326
274	75
88	498
320	124
389	350
236	227
300	30
529	407
300	6
352	159
413	377
341	267
292	185
187	381
127	393
310	97
322	209
302	175
240	235
279	227
283	398
374	198
290	20
478	484
455	501
295	11
319	365
311	39
513	413
171	387
503	453
330	105
304	83
315	259
206	282
279	513
251	401
385	336
314	345
123	345
476	339
393	171
287	37
228	366
243	215
212	397
330	57
376	279
437	317
283	178
313	233
385	236
285	50
361	189
413	206
287	104
297	15
541	449
93	397
363	237
367	218
324	87
359	106
321	93
173	260
536	428
381	265
429	408
321	46
283	479
288	68
373	188
313	71
306	17
215	156
230	254
304	42
300	3
306	209
451	414
313	318
261	229
259	126
317	93
424	294
262	429
309	158
396	245
420	364
358	224
308	38
298	11
425	218
279	38
375	254
289	161
398	319
279	177
106	441
255	309
140	354
300	1
253	113
228	393
400	362
401	504
308	63
280	81
335	435
338	500
206	450
338	82
352	203
243	119
308	84
166	254
301	512
109	410
333	100
392	183
29	482
285	86
285	293
402	515
306	15
333	243
300	11
343	117
350	132
110	332
341	94
181	227
299	6
453	415
242	331
375	190
283	175
434	415
406	492
202	411
385	217
308	402
194	196
300	49
302	156
269	112
365	200
357	206
372	372
234	177
450	368
436	275
194	410
397	358
300	54
233	477
294	341
387	216
301	8
167	318
313	70
367	143
581	503
509	372
242	377
255	125
301	3
57	475
294	34
374	148
305	73
431	235
281	147
304	22
282	177
260	194
253	180
406	386
279	178
505	436
138	393
156	406
437	447
193	200
310	184
239	413
273	216
271	345
322	283
142	345
247	164
309	442
282	143
334	91
303	222
346	176
344	488
234	132
342	367
330	74
406	288
523	504
287	161
165	265
269	236
299	106
428	293
254	153
275	92
336	169
352	156
326	450
303	36
300	5
541	422
398	244
265	307
103	358
163	504
415	412
301	67
344	177
336	85
202	270
394	236
216	339
115	399
262	75
346	383
331	329
360	235
446	343
291	48
378	233
463	474
157	330
450	461
132	367
196	416
60	428
486	517
334	358
301	3
407	389
278	282
254	211
306	13
249	267
299	7
317	44
251	176
281	440
330	188
192	250
429	422
260	92
427	292
299	4
298	40
213	310
337	112
309	489
325	94
504	466
332	413
350	163
217	499
357	308
322	81
271	164
268	231
198	225
467	339
319	345
300	431
489	346
144	485
332	314
198	416
219	179
215	305
297	9
300	2
315	37
294	19
540	513
248	258
222	227
266	313
438	287
269	110
268	67
354	125
410	216
305	351
354	336
300	47
186	247
284	195
336	217
563	488
311	26
281	107
390	187
419	223
266	156
282	50
316	159
238	139
245	359
357	170
378	152
435	491
282	172
470	494
334	510
305	119
292	419
283	41
246	126
223	240
277	154
301	10
265	125
298	64
516	428
438	254
323	151
370	166
328	331
268	79
284	158
347	105
142	352
317	153
512	502
374	155
450	494
287	306
244	171
387	484
116	370
329	481
228	170
293	35
286	39
315	59
307	288
79	414
493	384
277	396
329	132
346	105
164	383
400	195
251	92
289	161
44	447
324	491
327	163
306	61
388	209
187	321
321	66
275	112
410	398
363	206
306	12
383	484
246	108
295	43
356	303
302	130
298	10
306	462
410	517
83	390
269	167
273	227
336	373
485	484
325	366
228	274
508	448
143	319
293	77
290	29
290	21
294	17
332	278
164	401
400	507
197	318
293	19
252	266
418	227
353	299
325	83
301	47
244	188
271	180
138	284
196	278
384	487
311	105
425	269
314	35
248	146
261	185
128	462
295	106
323	41
254	300
65	413
330	325
271	165
362	180
294	202
473	488
295	12
287	267
213	236
231	196
50	481
304	274
308	46
94	368
203	263
282	427
240	119
345	289
305	389
426	356
303	21
395	265
220	244
341	197
254	413
381	424
297	16
234	160
367	242
238	289
301	419
327	93
232	284
261	126
196	290
319	45
378	138
379	279
326	491
304	14
220	277
222	288
303	137
162	272
312	99
300	7
389	171
327	69
310	416
255	459
327	473
134	468
316	89
149	452
332	164
293	31
290	25
255	155
346	470
425	477
500	397
275	123
270	54
302	39
339	81
33	502
531	424
273	409
331	279
399	173
217	208
244	119
384	500
321	182
256	184
162	350
239	170
103	392
156	275
246	116
339	247
301	5
273	55
464	360
372	433
236	516
286	86
442	323
221	494
243	319
290	500
200	461
304	24
469	447
344	364
309	392
465	306
158	290
374	364
311	104
308	105
316	36
288	190
328	393
304	29
320	80
503	425
189	270
391	372
205	390
150	451
252	246
32	472
474	392
177	484
280	42
416	492
156	342
365	381
577	507
394	221
332	103
276	212
157	419
497	476
65	435
396	304
363	178
423	373
270	255
300	15
427	470
326	135
358	261
388	319
396	195
136	289
260	72
271	171
216	389
260	189
216	434
180	393
169	421
215	181
288	38
298	37
241	315
192	313
239	158
202	351
222	151
270	71
205	480
303	27
534	474
254	365
326	54
257	108
264	184
215	445
254	487
176	510
183	439
124	398
313	31
285	110
170	241
309	346
170	388
340	112
392	287
369	303
398	250
370	235
366	414
379	242
510	380
249	332
198	192
244	119
331	137
326	75
391	188
241	115
300	5
299	494
240	433
415	462
251	300
360	445
70	475
234	158
322	203
206	219
320	415
303	61
279	487
373	317
297	91
332	205
314	506
462	304
480	320
243	122
211	313
358	346
297	16
128	398
298	112
283	245
210	361
334	110
246	160
265	80
401	231
318	427
300	241
342	80
253	101
292	39
169	365
300	2
453	500
233	154
276	447
406	231
357	407
419	353
283	95
309	119
295	138
302	264
265	109
424	448
430	479
185	273
327	59
216	193
414	254
273	151
370	409
302	26
297	140
265	101
292	132
460	282
148	397
313	345
299	75
311	507
155	319
356	163
208	190
107	423
384	236
293	34
466	390
137	406
347	372
287	93
273	84
473	314
330	73
104	429
23	505
374	216
377	144
383	364
301	17
358	129
246	227
177	296
164	413
368	359
215	323
214	214
256	364
301	8
395	236
316	468
217	371
253	329
557	468
348	340
399	445
160	249
341	455
300	15
247	427
493	337
376	222
498	399
313	77
204	257
276	300
306	18
298	34
208	391
82	488
384	338
335	226
446	264
203	232
289	288
141	456
320	70
397	462
319	71
176	254
197	500
349	101
385	507
293	17
185	209
231	410
109	373
550	494
345	283
379	433
535	448
309	93
182	257
303	46
99	472
264	146
282	442
131	339
317	345
268	466
494	356
348	435
332	397
249	106
213	233
281	54
311	263
447	478
202	187
199	368
228	249
289	28
405	358
289	49
297	40
320	48
302	149
314	81
419	377
362	148
513	451
171	498
221	229
287	45
52	516
150	350
337	163
442	461
228	248
374	395
424	475
310	196
273	134
157	258
458	428
255	85
310	157
302	7
352	119
209	469
238	318
175	286
148	298
293	16
159	496
419	229
102	403
407	357
293	42
335	184
217	339
164	435
300	1
411	246
222	163
396	384
487	438
321	45
52	507
356	486
293	111
273	186
172	352
311	449
326	178
298	293
274	94
234	179
373	151
505	448
267	98
294	36
380	301
348	94
222	162
186	352
265	124
294	36
109	460
229	170
375	169
303	384
231	348
150	340
276	80
303	248
340	130
170	425
335	311
17	505
419	461
376	133
278	246
292	124
302	21
438	300
119	389
188	274
299	120
444	454
284	45
214	403
400	262
268	190
277	155
382	338
424	228
472	451
182	429
268	145
254	489
263	130
359	513
312	316
301	18
244	387
371	227
305	36
378	369
395	285
211	456
266	148
182	437
277	79
559	519
303	20
367	128
398	262
314	340
275	99
519	455
256	131
502	417
288	29
164	500
319	37
447	386
27	500
157	401
314	67
348	132
272	386
284	135
250	218
462	384
326	421
213	358
391	350
342	119
187	411
250	287
291	367
349	171
403	237
343	122
377	145
401	491
224	506
223	290
265	155
255	153
454	279
557	497
107	390
227	150
278	202
240	515
466	325
299	452
395	209
290	35
298	35
343	325
172	464
338	300
283	58
452	354
486	486
316	166
109	481
222	344