276	341
302	498
312	280
278	207
322	303
138	225
306	33
254	320
318	450
187	308
351	58
281	70
311	170
304	323
273	382
116	462
244	369
248	294
130	311
222	126
285	393
287	253
220	446
331	481
317	266
191	535
387	114
277	318
218	560
249	241
373	432
320	560
168	489
478	385
359	241
295	541
290	184
294	459
107	270
334	316
461	389
300	249
327	150
489	290
282	245
316	50
206	505
373	81
67	328
313	426
295	562
324	290
360	302
199	485
141	343
277	224
182	431
384	232
99	392
289	279
452	396
433	378
266	548
42	309
419	173
252	56
285	331
242	323
168	451
465	408
300	246
360	215
346	106
217	398
431	233
300	134
252	402
161	350
329	381
192	188
299	96
174	233
424	108
390	507
323	472
435	93
289	405
300	498
345	460
354	516
407	156
304	319
270	322
366	398
239	346
501	202
315	356
280	285
471	76
105	407
208	358
310	65
153	208
535	285
498	317
293	347
293	337
246	352
167	268
358	345
143	169
337	247
413	191
305	416
371	493
214	68
429	70
306	572
140	317
170	360
292	169
272	352
310	355
316	73
432	266
346	285
372	515
265	302
465	231
416	386
439	187
217	505
259	379
394	102
362	361
213	442
227	296
308	55
281	300
328	385
278	148
257	424
254	276
322	381
275	55
373	224
199	501
184	44
336	376
402	421
312	211
294	448
275	189
447	270
241	235
145	411
154	87
343	389
329	449
320	485
306	222
261	449
314	488
286	300
310	57
113	242
301	583
200	190
198	375
48	301
345	394
294	39
270	271
168	305
512	378
214	165
399	137
392	305
348	400
317	111
115	439
124	218
291	487
302	244
303	452
232	203
166	376
370	300
268	336
354	159
447	367
429	296
195	425
218	375
280	289
288	257
368	242
76	279
439	264
356	323
303	259
251	537
277	446
513	384
311	133
340	241
73	248
353	370
298	231
291	440
180	270
301	70
237	176
356	440
476	365
334	454
189	240
304	533
303	113
310	420
411	382
327	34
327	168
303	143
373	388
202	341
303	68
330	461
41	189
375	373
276	372
89	126
124	198
246	236
114	336
275	406
214	183
300	227
335	232
309	444
388	505
315	126
354	191
452	320
309	187
277	83
430	182
331	295
299	462
116	153
409	167
232	19
201	145
261	351
300	245
301	512
299	351
138	409
128	313
324	504
299	306
259	572
352	427
367	96
367	473
254	252
59	324
338	243
463	469
313	515
277	332
101	189
418	419
190	242
346	268
436	249
333	58
407	508
305	344
328	233
301	10
304	518
278	411
363	376
314	369
246	107
295	114
435	289
244	63
309	312
74	300
358	415
219	342
531	359
278	138
126	149
198	354
300	403
310	536
361	91
405	366
305	239
211	425
315	576
306	8
216	271
88	224
344	244
514	254
350	256
314	305
476	368
129	381
250	214
361	279
156	99
395	101
393	289
236	556
234	274
262	517
358	491
340	516
435	123
342	341
248	172
251	419
465	331
224	164
272	312
368	238
360	100
164	443
322	209
271	198
449	480
173	491
353	415
299	15
295	556
177	208
335	536
373	315
220	347
273	326
375	551
175	301
272	486
300	499
548	308
357	149
331	21
230	156
486	432
489	440
472	329
368	185
538	272
269	561
150	323
103	378
159	355
290	71
335	176
303	19
407	362
401	315
177	538
169	265
285	451
299	568
390	428
110	270
339	406
281	283
329	358
54	318
267	534
285	340
392	519
355	377
471	186
314	219
178	205
408	28
299	55
158	260
275	305
195	441
94	279
298	101
221	346
303	317
211	215
479	432
413	337
207	162
147	271
322	227
179	272
240	511
434	53
347	200
239	445
232	412
198	544
346	364
328	505
289	468
288	151
314	410
116	206
244	185
303	502
417	311
287	91
175	272
248	438
404	259
257	84
301	375
275	580
362	327
272	230
119	288
106	174
381	407
351	136
51	255
175	498
272	385
353	290
338	128
295	159
212	301
406	240
268	559
391	249
481	203
138	208
155	354
256	417
301	230
251	492
353	71
330	418
319	190
346	472
203	415
187	128
358	115
231	221
328	51
245	135
277	489
346	360
249	472
300	553
369	162
192	205
276	372
357	186
314	131
188	275
300	238
260	379
403	121
308	581
483	395
385	365
251	276
430	456
318	420
330	427
227	518
332	432
334	54
281	563
359	91
369	96
313	494
458	104
377	212
91	359
363	523
299	165
279	446
409	72
124	106
293	352
300	462
244	198
307	181
341	459
449	346
262	210
399	236
489	349
358	458
319	584
113	299
292	167
385	541
304	102
333	395
278	465
332	122
280	223
370	487
233	143
237	315
447	101
514	392
385	507
398	442
313	269
354	27
277	47
351	117
481	290
52	400
292	158
318	118
395	216
273	594
102	160
342	383
134	98
309	457
312	360
409	182
391	276
385	229
300	184
531	407
247	466
57	244
351	507
387	90
283	484
413	414
274	191
245	208
323	156
304	265
297	362
300	482
190	541
383	179
392	436
330	512
244	292
378	467
202	318
203	576
193	362
419	279
299	300
330	504
325	136
236	47
269	210
228	257
428	360
411	401
271	254
313	162
358	558
532	452
277	492
527	242
315	188
128	387
459	378
333	286
367	182
309	580
299	336
289	374
229	363
300	155
547	278
274	361
266	498
298	431
339	536
502	262
319	257
181	223
359	301
374	482
313	371
213	457
261	422
305	537
295	339
300	32
267	333
332	472
335	61
53	375
397	434
271	214
397	180
224	109
354	407
467	264
241	212
324	147
441	283
53	223
221	174
309	273
304	111
229	314
312	289
148	329
339	531
407	370
314	311
356	209
409	235
398	182
249	271
243	176
172	283
177	152
267	37
309	412
323	254
293	376
255	191
383	194
117	211
342	228
352	164
178	332
516	397
307	78
320	478
356	400
201	285
312	87
373	426
410	329
293	466
319	461
354	417
207	136
460	144
73	435
402	154
288	338
430	478
357	407
364	264
252	120
328	439
275	204
277	268
326	321
327	144
369	391
451	502
425	166
309	326
311	443
473	235
512	448
146	171
304	303
386	470
414	141
267	379
364	121
399	549
264	170
287	106
146	395
219	385
300	579
281	549
314	199
118	198
399	464
305	437
103	454
418	280
106	239
303	459
313	234
318	211
334	145
320	197
300	492
245	244
306	409
436	193
297	167
300	388
52	355
247	497
353	328
357	298
281	355
467	363
375	141
104	156
230	287
168	286
386	244
338	244
513	284
278	546
474	315
295	195
325	257
363	113
193	147
431	157
218	144
300	505
399	455
253	262
261	457
268	484
402	396
263	512
312	253
198	108
127	305
527	436
263	277
246	139
329	488
255	125
269	462
476	227
301	95
167	430
314	541
278	328
249	481
274	320
405	215
292	35
444	250
300	25
439	259
401	190
271	536
204	283
258	305
172	213
271	20
206	481
199	377
472	424
154	262
495	150
464	284
409	196
502	432
373	44
360	470
21	310
303	433
303	396
415	261
364	371
285	360
279	442
256	415
316	80
257	222
388	432
134	409
325	485
236	310
266	350
78	327
300	12
288	528
326	198
339	297
560	199
318	154
366	456
158	165
142	428
290	317
246	169
267	185
257	369
201	564
337	164
343	324
297	377
307	274
297	238
319	329
300	351
288	60
134	357
350	269
459	84
288	158
337	167
309	437
497	401
308	486
70	257
104	96
245	320
300	371
179	204
185	288
251	327
190	280
344	240
148	402
190	415
251	355
420	206
333	526
198	291
355	325
495	403
395	482
277	411
446	459
148	533
432	43
356	312
441	247
208	167
279	234
354	66
300	304
269	300
180	391
264	410
79	218
288	62
192	204
265	277
271	506
174	483
305	450
237	200
289	84
437	201
347	115
96	132
377	184
336	480
375	445
267	257
233	337
315	351
336	208
232	93
263	139
193	448
288	299
388	550
331	473
441	301
285	205
320	93
303	540
276	177
346	175
108	439
411	120
376	495
440	227
391	391
193	507
368	277
510	150
300	193
296	284
303	263
315	154
213	138
451	251
261	424
240	290
173	306
305	514
30	253
322	417
244	210
258	130
360	57
327	412
224	73
312	379
70	304
193	219
314	326
303	188
363	555
273	187
361	309
298	445
34	301
296	299
234	25
359	416
321	181
284	395
364	302
402	38
317	199
351	194
135	208
482	253
312	352
264	473
464	124
303	340
362	403
222	67
337	227
219	217
307	81
278	360
328	118
205	541
359	463
212	187
269	172
339	122
528	375
287	107
259	293
282	460
336	416
480	280
171	168
307	484
182	368
274	73
341	225
300	392
314	158
250	373
192	130
320	365
405	433
118	325
262	411
212	172
271	291
359	520
324	304
268	559
299	116
389	372
279	87
334	34
320	59
367	456
295	30
146	91
206	419
446	182
418	144
320	466
444	88
311	422
143	344
339	266
283	36
268	251
361	584
295	248
296	355
169	366
331	142
239	288
191	250
297	158
295	304
287	248
304	242
205	269
114	246
271	580
300	195
93	312
353	150
140	434
383	520
285	379
318	36
220	423
335	26
218	537
107	294
398	384
313	305
343	440
379	398
120	238
381	83
390	266
11	297
319	372
409	334
259	326
398	193
463	317
435	46
343	432
258	550
235	333
283	571
277	263
295	582
268	546
245	490
295	262
297	265
201	413
301	475
311	459
537	274
185	120
216	392
183	344
261	153
357	475
256	368
298	164
174	100
242	282
382	240
307	120
290	359
360	174
323	425
290	400
272	268
517	378
300	211
440	335
285	30
124	397
473	377
311	383
414	260
583	320
142	384
81	372
124	402
300	74
420	402
265	304
330	122
281	379
172	172
409	442
266	257
51	289
298	175
187	363
298	379
308	59
300	517
98	369
466	369
103	190
456	203
397	491
365	226
242	287
219	400
353	325
101	307
197	336
214	273
318	495
296	191
242	555
235	176
257	545
109	360
368	90
363	300
311	278
215	198
356	560
564	231
309	224
310	254
324	245
524	181
448	217
252	193
320	393
220	136
299	191
165	223
367	116
335	26
241	313
226	168
284	440
529	336
221	346
279	508
294	181
278	205
192	417
363	248
357	430
276	304
235	304
230	235
337	25
287	345
447	144
119	161
279	277
313	465
292	331
374	306
279	96
299	208
500	445
132	420
229	397
359	104
248	297
259	122
125	449
331	164
303	236
274	547
295	373
318	395
223	71
298	85
290	57
252	201
296	377
515	264
234	301
338	355
171	199
281	214
358	395
303	226
375	229
294	414
315	155
106	327
147	414
95	399
172	232
243	189
364	467
306	189
240	406
344	318
364	310
219	209
287	471
327	513
244	453
71	205
427	134
263	169
156	78
186	184
232	506
296	515
258	237
320	367
300	226
353	154
101	409
127	429
160	312
292	362
248	272
315	198
286	304
234	185
242	103
443	373
440	328
313	390
130	489
242	234
238	486
292	366
95	509
196	331
264	418
236	250
224	364
424	55
291	111
398	79
466	387
24	294
414	222
577	261
332	500
301	397
363	249
320	550
300	339
292	306
363	200
235	126
566	236
249	532
94	342
300	85
344	429
304	439
207	421
282	73
278	386
365	159
162	185
351	100
305	479
206	351
477	211
301	84
362	243
236	129
141	435
397	254
269	148
323	319
360	448
319	77
324	184
321	22
171	403
202	142
349	337
169	435
306	86
330	199
254	192
332	81
287	207
193	364
302	135
264	22
98	306
354	316
332	329
124	331
292	155
263	418
201	447
152	344
260	185
210	122
345	308
349	310
256	487
564	322
168	358
258	154
297	584
100	263
309	157
307	541
208	538
258	397
269	47
296	405
301	523
160	313
119	292
376	535
218	351
298	474
432	482
253	540
366	274
302	58
366	389
336	508
249	364
436	475
181	414
274	248
352	259
266	294
504	186
465	203
306	469
316	478
283	289
314	203
294	179
263	228
326	466
232	259
295	388
311	170
322	497
340	385
295	573
237	394
280	572
306	492
464	418
301	391
203	512
142	257
360	224
301	415
462	259
162	374
325	387
317	343
281	78
105	184
249	93
257	247
399	359
526	322
305	427
229	473
298	66
225	73
295	247
305	200
84	251
151	172
338	343
266	215
259	464
330	261
280	504
252	530
303	195
301	527
133	516
239	62
112	144
224	509
350	287
375	479
481	184
92	444
458	222
307	276
322	410
328	307
112	249
218	414
289	430
178	187
301	420
412	209
507	312
433	363
37	253
198	375
292	58
250	110
302	264
367	218
267	31
237	179
265	527
431	358
440	134
339	148
521	252
237	241
207	354
138	335
237	389
408	193
297	101
418	339
215	363
169	479
275	209
457	476
184	208
290	11
225	310
296	421
476	422
337	243
297	486
194	96
494	366
313	62
208	170
318	493
324	580
269	526
416	388
324	421
317	415
381	300
307	115
115	240
362	540
278	297
337	486
306	270
370	61
359	164
416	244
343	286
261	342
333	76
322	43
158	513
282	267
264	231
539	245
244	216
251	298
260	557
318	566
506	314
309	221
261	255
342	151
539	283
437	406
102	331
289	237
298	366
303	443
288	528
514	486
284	551
517	300
300	441
322	346
443	130
448	421
405	224
373	265
294	493
296	305
350	242
222	278
377	403
268	84
314	515
293	440
302	396
339	149
439	144
527	173
291	270
335	543
406	264
359	351
370	158
384	511
418	145
287	296
311	346
447	284
308	580
226	127
420	109
300	503
305	376
170	324
309	176
211	308
276	445
284	126
383	440
93	412
261	95
350	219
379	113
275	74
486	279
171	491
354	191
401	375
296	252
396	323
124	198
315	393
297	598
414	145
299	511
176	395
292	246
276	554
258	101
268	308
307	160
194	442
144	509
483	317
418	428
319	333
268	72
297	189
257	188
296	291
274	214
391	131
333	135
303	23
510	284
259	304
309	48
358	213
293	276
306	395
253	451
399	496
244	110
335	476
271	223
340	531
300	374
302	341
290	199
424	311
436	207
314	48
266	240
181	210
325	494
452	404
300	228
23	330
304	77
189	324
250	479
349	427
104	208
417	415
315	104
477	324
278	480
343	401
178	374
202	442
366	558
171	186
170	268
380	89
308	342
453	317
295	468
299	489
239	400
332	48
238	123
274	42
64	233
279	203
76	429
391	563
175	43
189	504
308	287
85	331
186	382
277	298
328	211
470	117
262	14
256	467
307	472
275	504
380	481
418	495
71	310
103	244
233	309
327	487
191	386
200	438
337	580
106	377
242	315
395	307
291	239
179	466
273	320
36	340
91	106
266	26
252	188
299	83
440	339
303	81
352	126
223	243
439	429
286	20
154	218
323	438
309	123
426	264
144	417
342	230
161	398
273	555
149	99
371	436
175	259
253	217
310	589
156	263
131	316
282	172
322	282
163	235
329	285
370	306
334	219
533	253
300	226
335	27
248	317
267	215
334	427
358	162
309	68
449	261
240	285
288	112
328	344
274	83
43	365
284	91
290	290
475	390
250	318
282	299
298	37
299	322
279	301
572	298
365	476
299	89
400	422
461	266
311	123
166	413
295	162
375	380
301	454
334	232
328	370
243	376
237	52
362	147
314	515
333	409
286	358
300	228
315	444
243	501
257	211
253	503
205	465
171	425
301	524
152	234
176	192
388	486
315	487
262	300
173	144
303	203
503	343
309	292
401	176
346	148
293	28
294	244
298	428
293	134
294	91
559	253
461	271
161	196
518	241
364	100
374	475
357	364
356	424
310	242
241	292
348	288
259	232
409	100
407	116
538	283
224	85
308	502
386	278
363	213
366	14
370	233
301	453
299	93
371	247
109	199
411	264
266	429
482	186
392	531
79	314
197	410
367	292
265	127
166	349
234	189
285	446
315	161
219	528
369	182
346	148
244	349
374	359
354	368
268	49
283	411
117	252
145	81
419	311
309	233
315	516
299	3
523	315
247	318
195	436
257	236
323	279
274	318
349	274
138	398
317	391
306	587
417	234
226	409
402	184
171	513
300	273
250	172
170	83
414	498
294	590
305	389
155	448
299	219
77	187
240	545
187	327
574	319
270	284
103	293
303	343
338	401
296	438
284	312
294	178
273	379
342	350
277	301
466	342
258	370
178	329
316	304
428	196
327	235
331	461
209	226
341	104
353	146
263	377
212	202
305	205
266	282
226	114
206	238
331	383
243	488
240	288
251	350
243	443
304	371
261	435
453	268
298	475
342	307
226	371
353	26
250	231
427	350
410	294
336	93
308	496
298	575
272	297
329	466
63	242
267	193
247	581
360	244
286	185
323	123
246	512
483	297
62	318
316	342
300	213
226	239
267	276
262	73
65	182
81	130
128	424
219	421
312	284
266	119
313	310
218	410
274	591
312	271
320	48
287	480
302	2
70	397
399	382
190	159
556	428
429	303
347	319
439	160
332	484
214	146
289	351
538	227
226	190
345	171
226	275
556	346
417	361
360	307
301	308
248	154
304	524
459	243
263	18
509	345
300	142
226	117
260	343
463	387
255	572
177	326
126	298
337	367
486	473
272	489
336	111
245	111
468	290
187	168
240	303
260	552
154	238
293	320
278	429
268	49
403	66
414	369
430	448
281	289
267	543
287	143
284	470
261	530
306	390
561	374
173	237
225	472
299	138
483	118
376	241
246	168
448	196
411	427
219	412
476	314
283	194
342	341
339	430
330	458
461	301
268	259
268	16
270	323
345	308
464	336
131	168
225	423
334	553
341	16
299	539
140	140
341	509
280	150
300	60
476	426
309	311
373	161
336	218
298	419
274	232
280	19
288	225
410	108
262	520
349	352
280	472
415	521
297	166
304	176
265	173
175	244
303	185
367	509
361	75
334	264
282	304
301	175
247	314
394	506
312	314
58	253
258	210
443	425
383	392
159	476
303	390
334	391
371	374
227	225
348	388
145	318
326	163
332	160
195	340
480	109
351	414
315	48
451	228
259	495
307	296
519	270
300	580
217	368
528	285
251	233
298	189
325	338
286	578
391	429
497	294
278	162
277	590
288	177
275	387
279	435
331	405
334	79
293	472
225	202
175	154
293	190
474	416
287	89
157	452
518	359
387	264
439	439
378	218
300	526
328	121
253	184
379	166
156	341
216	494
300	409
307	395
447	452
323	304
397	244
382	159
397	224
306	164
448	320
317	73
253	346
280	466
344	253
180	74
450	462
297	538
326	538
380	429
420	116
126	538
173	456
280	133
329	425
129	350
228	559
300	234
392	103
240	544
397	193
124	440
281	442
212	167
319	330
309	417
320	75
363	173
300	69
99	307
516	217
296	390
326	551
355	149
197	263
234	432
314	276
305	3
331	66
49	215
302	76
309	156
311	220
312	281
211	401
385	137
300	392
341	255
276	202
304	380
72	116
243	502
422	162
300	96
300	592
301	140
399	278
71	263
392	531
360	509
268	97
451	374
254	308
419	144
340	336
397	77
303	211
280	523
291	580
148	378
50	358
255	312
318	229
398	354
159	242
326	445
228	93
272	357
223	173
242	300
129	197
430	414
233	553
365	216
482	407
213	54
236	114
300	316
292	515
284	145
324	42
322	157
300	258
275	302
340	390
336	255
244	493
318	470
298	211
223	407
286	115
313	33
500	365
191	176
90	248
354	125
260	86
400	479
363	547
319	259
321	210
298	581
288	427
283	52
393	261
182	157
341	30
212	369
344	286
211	427
507	277
230	307
157	275
221	265
275	205
455	235
259	356
299	205
360	292
379	504
210	569
301	384
389	537
320	308
170	360
464	226
296	437
58	440
291	107
307	55
270	107
67	290
324	208
299	353
314	231
306	131
131	438
375	395
308	93
301	369
290	591
251	291
311	348
119	374
227	427
275	148
174	398
233	332
248	575
518	338
135	174
295	226
416	328
390	96
215	486
318	199
164	220
464	129
549	385
111	209
420	310
218	448
220	505
541	297
303	436
369	259
263	257
372	398
456	365
574	262
394	175
386	177
337	478
308	287
338	126
281	103
252	439
267	422
302	323
264	400
282	283
335	72
302	466
332	115
416	295
295	295
153	167
391	319
197	97
273	447
317	549
301	462
137	234
357	321
478	470
288	535
334	499
475	346
175	299
168	531
297	457
378	28
359	383
300	430
426	154
205	147
44	353
308	407
263	301
295	331
326	491
322	199
175	401
310	143
238	507
260	424
327	58
509	184
300	447
282	331
275	309
237	329
337	207
308	124
293	412
177	143
412	309
263	24
316	517
204	281
308	331
426	276
392	442
312	193
240	69
388	100
285	338
293	11
361	257
334	224
121	350
128	411
189	299
171	413
441	327
412	278
317	255
199	250
266	408
279	365
338	319
348	259
122	408
343	70
367	343
235	387
250	201
320	205
93	406
301	328
266	310
240	261
217	316
273	178
162	171
321	245
310	60
312	163
320	484
148	107
299	164
228	286
298	139
245	255
277	485
322	569
241	396
466	201
407	148
313	176
44	387
222	66
270	85
109	440
300	532
375	193
300	495
265	286
287	142
179	326
301	439
268	350
322	337
259	228
286	27
349	308
288	189
250	309
173	55
295	440
288	272
235	201
316	422
322	192
266	412
295	60
314	372
221	328
275	218
355	464
356	200
309	389
326	6
300	105
119	207
348	189
367	479
278	9
332	458
314	93
190	232
465	368
285	294
322	244
191	270
199	187
288	440
267	354
162	457
336	312
77	337
312	550
274	567
223	509
457	246
347	459
62	300
280	228
203	143
346	463
289	488
284	293
140	272
302	106
190	258
551	283
226	32
340	240
266	335
218	241
267	547
305	225
411	266
303	384
257	523
230	484
300	36
303	364
245	93
272	306
131	301
467	489
109	317
300	278
416	120
289	475
300	77
250	554
543	414
400	347
316	343
302	125
368	536
155	419
246	411
426	480
298	335
286	234
271	18
234	125
274	225
255	214
284	232
292	128
192	290
374	280
373	156
329	300
173	225
297	278
315	506
357	539
493	370
341	473
344	186
272	300
364	157
299	430
231	388
527	419
338	373
297	528
193	266
241	391
234	130
496	301
133	448
385	108
393	58
422	160
136	149
202	284
279	328
324	28
254	220
300	568
242	532
299	419
334	289
326	276
289	131
105	171
417	77
184	237
104	445
293	212
198	563
301	11
129	345
200	440
443	375
152	172
121	266
333	170
185	30
242	174
110	218
438	271
302	302
411	100
240	198
146	214
304	56
88	332
260	326
160	240
340	146
458	150
329	579
306	357
310	177
321	78
246	256
409	285
216	79
419	400
260	95
363	314
299	295
220	480
300	229
394	409
455	501
229	120
266	138
217	127
284	334
198	180
337	155
300	197
317	285
234	57
361	333
329	264
313	122
265	345
227	185
352	379
280	385
383	300
475	258
412	191
292	150
202	131
433	454
234	351
247	295
289	432
448	172
338	285
353	319
138	420
400	475
214	373
179	78
243	358
431	274
263	218
284	554
212	398
290	109
473	283
277	289
303	207
295	151
332	130
304	378
288	256
420	325
139	404
253	235
353	451
323	199
578	360
505	360
434	378
372	363
76	179
438	264
266	331
348	536
355	493
532	302
510	258
350	63
310	507
109	293
277	114
190	128
400	508
500	161
220	157
312	415
168	347
221	121
113	361
253	66
374	479
296	422
277	559
179	300
480	185
341	409
175	500
360	262
323	374
64	333
159	255
211	320
321	64
317	72
316	473
132	332
284	421
416	207
375	388
316	198
316	510
327	532
134	295
70	431
397	499
137	289
193	295
298	336
321	370
200	544
231	345
553	175
380	381
432	221
316	314
296	467
255	373
102	456
300	389
145	299
362	363
165	294
393	180
294	321
293	210
431	358
282	142
390	448
299	178
414	465
246	268
277	279
279	142
297	425
287	263
543	287
464	121
477	247
339	206
299	498
304	293
288	446
307	574
296	67
219	527
345	148
232	512
307	325
345	439
300	338
292	265
247	312
307	412
217	52
300	455
339	300
257	358
187	270
305	240
197	505
425	182
279	392
201	300
289	419
198	242
224	481
289	515
280	455
570	264
364	378
326	226
421	383
133	220
85	345
332	86
277	168
494	430
415	140
294	249
158	178
181	263
300	344
196	255
238	323
286	308
278	131
277	401
266	235
296	85
245	176
245	300
384	339
215	424
164	405
526	386
428	284
227	315
260	404
298	243
185	556
295	59
395	425
153	274
308	460
322	162
341	476
148	477
297	460
417	145
456	193
308	242
286	505
317	41
291	171
114	290
427	185
300	487
281	337
309	159
307	433
331	57
332	477
318	18
301	488
363	228
493	197
363	262
341	98
350	71
143	127
570	363
330	95
214	286
37	228
397	178
302	529
282	307
311	564
360	236
503	478
531	339
315	109
235	219
269	544
368	195
363	327
307	311
338	450
313	343
300	547
370	339
274	243
265	442
284	196
273	162
176	182
313	566
105	300
293	85
243	458
345	436
324	411
481	297
90	442
218	215
199	309
378	568
122	328
269	584
415	365
309	234
334	102
391	94
515	421
310	217
337	326
226	250
169	332
376	241
297	493
257	508
518	331
196	251
315	550
240	166
522	147
316	342
288	399
177	369
137	335
513	394
308	269
324	178
517	263
411	254
328	192
312	264
354	389
338	237
233	381
366	177
459	337
284	217
204	392
132	148
413	119
270	271
200	336
447	229
236	43
300	190
327	334
281	453
212	404
290	136
294	454
354	227
114	301
142	104
122	327
360	405
355	300
521	230
223	457
270	533
285	20
310	368
167	258
288	342
333	210
41	364
431	215
393	110
241	47
54	329
280	578
197	410
285	114
300	193
268	407
333	555
415	288
312	272
302	241
308	197
283	457
423	438
438	311
321	265
420	193
412	506
354	223
313	123
361	279
33	378
394	289
313	37
373	362
299	575
440	382
263	194
245	184
290	336
313	544
364	96
103	250
385	282
187	428
430	320
309	378
313	69
364	143
190	397
263	407
217	121
314	43
301	128
288	513
271	447
212	160
179	434
404	456
276	96
377	319
549	171
334	118
345	431
26	306
240	50
203	323
311	466
294	340
315	49
217	185
276	110
340	214
350	287
562	218
404	546
368	403
445	185
302	226
472	236
406	316
220	503
350	500
382	78
177	423
303	187
327	364
342	29
280	329
365	113
235	368
364	208
527	346
484	350
486	261
297	337
238	406
308	248
502	178
420	246
331	312
118	403
356	352
326	542
209	123
277	377
245	342
263	222
275	249
218	158
212	286
451	116
105	360
272	63
386	301
335	224
368	142
340	367
283	381
95	389
313	135
173	381
370	201
250	266
308	174
286	577
300	309
316	217
372	27
301	237
488	312
397	273
154	496
216	344
373	43
365	260
205	271
333	310
228	64
275	109
144	179
449	438
327	409
238	528
299	329
305	579
205	261
238	563
252	360
299	527
220	335
454	283
343	444
215	132
118	388
226	326
290	280
152	233
330	157
303	499
444	122
271	282
353	188
277	436
304	282
278	213
300	131
383	296
324	489
314	296
289	458
279	387
266	530
218	481
264	405
280	206
218	66
353	561
264	196
96	293
292	190
461	256
290	10
322	268
351	333
211	389
258	215
317	424
349	559
328	272
409	199
256	200
113	384
268	392
120	213
169	83
345	303
334	292
298	234
554	259
294	499
270	374
187	87
334	449
490	194
360	131
214	271
305	525
272	236
178	253
284	562
370	252
179	421
295	293
553	219
132	259
270	218
527	283
287	108
178	191
415	140
359	337
309	208
298	90
361	385
216	206
454	184
246	355
330	262
289	43
463	216
300	391
390	399
298	396
194	365
226	301
419	415
176	436
270	86
284	398
289	427
296	426
296	287
212	226
180	292
240	501
336	491
312	283
399	289
278	165
303	461
499	176
188	521
270	499
355	492
384	385
288	257
361	216
397	475
304	525
300	557
493	441
243	305
413	259
303	348
128	187
360	155
284	151
300	381
145	371
242	63
428	110
273	300
192	445
188	144
387	518
290	141
440	134
161	238
380	303
223	471
345	256
401	223
313	33
278	423
300	148
223	385
378	420
300	133
208	518
253	180
434	202
283	25
269	150
364	423
218	196
261	181
203	202
233	403
230	413
249	536
268	298
303	176
141	320
279	391
217	81
267	91
232	583
310	143
458	439
207	471
292	541
300	590
318	354
351	118
403	76
515	314
393	387
259	521
362	332
227	184
265	165
236	242
445	304
106	266
245	304
235	294
108	123
430	230
302	414
308	498
285	167
291	124
303	547
132	226
283	483
224	442
364	69
301	237
392	289
274	179
369	152
429	256
334	425
189	460
396	64
162	499
202	446
341	481
376	239
328	251
548	340
42	359
303	321
302	249
293	570
290	176
436	382
295	91
233	559
286	199
473	215
327	512
306	337
215	343
241	321
274	106
309	493
170	312
337	415
340	91
499	337
232	514
306	19
377	563
308	556
347	149
296	222
360	214
147	399
295	238
75	469
438	378
167	373
206	206
273	515
342	14
273	356
300	2
347	280
204	516
388	170
299	93
341	509
403	212
244	442
197	341
241	101
313	238
261	316
302	185
302	544
204	294
92	326
299	33
274	538
255	153
287	208
342	161
196	353
188	98
284	269
484	347
253	67
284	77
230	283
374	465
266	242
122	244
300	287
340	523
269	437
274	164
557	376
69	224
562	367
367	237
341	437
268	288
329	278
519	331
317	264
298	470
154	492
453	475
136	326
312	170
294	133
302	71
233	287
105	177
357	500
427	65
199	530
573	249
146	272
210	275
367	246
204	97
241	410
316	335
177	354
340	476
247	451
418	290
294	31
335	213
207	504
165	133
464	467
329	247
316	290
265	289
139	218
308	247
352	512
367	493
356	249
309	64
256	270
240	569
415	352
230	314
299	37
279	130
359	281
333	511
441	369
258	224
328	434
320	410
305	397
276	530
135	300
271	432
373	267
394	222
219	413
428	504
491	306
262	419
437	279
184	281
254	307
289	456
290	224
336	265
332	112
386	474
311	300
305	459
130	463
237	82
426	336
293	378
283	577
522	229
357	346
384	347
374	305
243	414
339	385
291	112
297	185
289	541
335	265
265	426
320	209
264	489
284	73
206	485
292	426
74	371
403	213
430	264
314	193
329	181
37	235
207	324
572	421
94	300
300	239
394	250
191	227
169	408
177	250
189	492
320	461
271	176
234	503
249	530
341	550
323	99
205	404
285	411
250	451
307	223
322	192
333	365
142	124
290	399
339	350
281	68
285	335
545	227
389	429
400	247
231	128
233	485
271	184
237	358
319	525
181	355
287	342
386	323
243	301
279	357
241	361
390	209
217	298
388	534
190	300
224	286
311	364
130	296
194	88
231	49
300	228
242	225
318	536
259	409
284	80
89	238
323	523
347	287
148	274
230	526
455	150
300	102
326	525
241	100
447	380
52	333
277	393
216	260
328	520
245	527
310	189
330	286
311	173
348	114
300	298
310	362
258	145
477	353
142	293
310	246
244	544
330	498
472	465
453	319
317	426
394	294
473	330
303	523
202	294
269	145
284	519
487	278
385	508
186	194
370	197
308	115
308	371
393	290
251	482
373	260
552	392
300	34
336	348
385	523
388	260
377	507
439	441
236	250
292	432
399	236
185	261
322	279
232	340
308	497
346	273
234	521
350	187
220	78
124	91
273	469
300	240
254	382
427	307
469	383
290	462
96	191
306	37
328	145
292	378
273	447
378	289
435	386
294	503
399	188
302	476
298	469
335	27
478	491
250	27
391	218
132	184
83	407
291	561
466	149
212	276
84	139
409	275
261	179
311	317
359	534
225	346
89	385
300	115
351	73
474	240
289	204
321	467
298	414
359	19
239	213
299	486
119	149
298	117
212	356
315	401
298	525
336	283
358	445
360	375
300	30
408	168
442	377
86	186
430	291
226	364
229	456
260	545
337	531
304	21
461	265
368	339
277	172
189	351
213	401
145	451
275	349
279	547
47	278
250	557
277	388
45	299
211	217
436	202
274	433
389	504
263	194
244	345
509	272
224	128
341	193
403	185
325	15
336	339
451	446
332	341
263	65
214	172
177	218
300	444
295	21
492	326
318	62
353	233
332	479
300	373
196	249
296	263
310	374
438	167
297	198
247	541
138	341
255	298
278	286
392	188
353	264
284	541
300	224
372	166
401	285
160	138
295	422
251	537
368	455
307	162
96	411
276	350
254	389
411	319
347	38
268	482
325	390
366	218
385	96
142	419
266	142
278	401
135	389
297	571
175	129
295	188
413	347
385	77
225	230
170	229
406	383
167	408
429	175
327	327
533	300
297	51
299	481
303	561
382	418
297	528
323	551
420	174
185	353
304	282
435	183
257	503
318	181
222	433
373	268
310	350
278	118
180	186
479	225
435	187
419	290
327	271
371	468
296	331
301	476
304	374
345	228
487	133
330	174
288	283
239	151
409	325
461	423
48	334
305	437
103	463
281	324
219	269
304	204
328	564
571	218
254	80
302	573
472	276
399	257
288	501
462	244
165	196
303	335
420	441
300	310
439	147
279	195
144	237
416	338
106	235
241	428
333	158
300	501
266	363
357	512
230	331
185	487
213	522
338	486
459	258
93	355
302	437
241	281
174	128
288	411
202	528
330	552
205	63
248	62
325	440
211	271
244	180
114	301
191	211
289	358
230	475
175	254
145	187
550	262
272	330
373	270
355	241
147	243
172	519
115	309
335	240
427	265
527	292
384	275
359	312
300	267
127	498
264	51
239	244
228	417
320	253
331	135
288	532
285	145
310	388
442	307
303	472
305	127
93	201
293	375
219	279
507	331
456	343
164	533
307	463
342	113
152	459
394	202
55	337
353	290
372	176
84	344
241	273
312	106
137	227
315	408
454	284
500	101
305	505
350	556
347	99
400	465
256	534
336	384
326	246
244	473
349	403
262	361
258	346
192	133
464	456
502	388
237	250
272	474
297	197
297	230
318	542
337	316
225	198
219	274
280	220
285	478
263	240
281	524
279	230
286	110
321	265
206	68
302	50
382	334
288	52
285	519
239	370
212	69
64	171
494	170
311	89
504	322
316	268
116	289
304	262
358	170
220	324
338	458
373	428
315	287
229	410
258	76
315	7
306	370
232	236
284	563
278	288
487	215
202	379
282	53
381	307
409	193
269	383
317	475
482	296
314	266
295	429
277	144
304	495
384	442
55	285
393	391
263	367
249	133
382	250
329	414
263	561
365	193
298	149
454	425
239	301
311	11
316	535
341	282
222	361
281	492
292	522
265	273
234	468
184	334
266	534
310	302
279	394
357	554
138	339
242	230
314	311
305	24
168	262
388	301
312	332
210	73
536	371
253	455
329	100
342	501
126	446
210	434
205	158
152	326
310	540
281	491
55	277
538	204
300	550
380	539
116	248
267	164
316	284
537	263
157	291
329	73
420	360
247	570
385	381
526	259
371	361
570	217
299	224
326	297
293	63
367	420
308	496
270	246
265	541
290	156
535	369
299	184
228	518
340	85
309	250
254	225
305	52
183	507
444	508
329	317
467	214
304	269
309	528
456	415
541	301
288	529
196	103
401	170
222	155
237	51
299	446
330	194
356	255
427	245
359	110
278	253
184	77
194	445
268	79
365	296
148	300
379	412
151	468
319	541
365	134
281	74
280	524
281	145
362	130
336	325
592	315
318	258
269	371
263	370
315	507
342	98
286	138
249	553
290	198
372	131
105	484
269	554
88	418
402	380
256	474
199	337
478	129
324	512
295	84
399	262
413	455
296	409
278	18
298	398
397	322
301	92
279	366
355	166
300	226
186	387
221	404
271	104
373	243
323	516
255	362
235	398
278	370
370	473
267	476
354	386
421	354
436	437
506	478
297	255
183	318
404	530
498	370
228	305
309	426
237	344
386	443
493	229
242	549
256	308
397	242
299	347
272	77
298	93
218	248
303	572
142	120
434	536
431	320
397	237
258	525
409	50
272	583
398	216
282	108
388	250
324	329
315	341
289	77
481	157
354	58
342	341
263	30
206	181
419	62
273	450
389	354
196	89
270	494
133	414
43	335
267	272
250	224
348	86
408	276
289	541
195	259
312	433
202	300
243	80
102	427
333	219
483	276
241	371
464	299
212	241
366	230
268	415
268	238
306	480
413	495
266	326
311	98
333	465
326	315
324	7
136	342
508	297
192	138
410	177
389	133
294	466
274	546
259	458
315	418
311	283
142	199
343	468
247	435
409	177
222	360
346	378
190	280
276	569
403	163
397	354
327	530
416	472
194	349
371	439
275	311
345	262
266	140
295	83
308	237
334	118
66	420
341	359
298	474
293	408
341	232
237	283
358	132
296	425
544	294
375	509
296	471
295	341
276	366
302	470
102	241
467	134
276	79
94	369
458	396
299	100
280	465
431	324
327	342
315	405
275	71
287	496
258	426
265	470
395	194
362	66
238	229
395	492
330	366
270	505
163	134
273	485
399	547
409	386
398	205
286	311
161	176
89	278
480	161
300	32
307	128
58	253
126	297
308	550
236	488
118	136
435	264
397	153
340	112
198	201
401	525
540	209
74	401
410	190
459	241
305	44
324	481
386	303
306	196
174	143
377	229
302	90
292	315
300	127
292	84
127	235
306	361
329	254
221	307
273	60
418	252
173	176
410	320
307	481
287	255
120	366
314	169
364	259
334	392
455	397
27	354
374	95
314	152
59	321
222	531
307	377
325	555
309	241
347	148
199	441
327	490
492	118
465	329
519	321
574	352
323	390
299	133
322	274
97	277
212	65
231	308
225	127
23	273
353	403
279	61
187	366
307	389
321	519
255	131
151	162
446	372
537	383
364	92
380	255
192	217
305	223
352	54
420	252
134	403
385	291
149	402
259	327
284	193
282	363
273	38
360	406
321	438
299	188
90	103
374	188
231	549
310	307
300	410
267	253
281	385
276	347
304	520
307	258
339	191
139	361
550	416
300	386
294	507
298	74
369	529
282	190
477	469
264	318
152	222
230	527
249	479
491	88
313	472
474	433
263	389
116	463
467	406
354	422
370	362
340	88
297	198
199	174
290	537
258	359
308	300
326	174
352	298
349	86
392	333
280	437
268	92
259	373
409	298
182	42
302	542
266	319
212	201
330	276
297	181
300	114
435	85
350	381
337	484
391	426
223	43
281	305
306	322
196	507
291	480
372	559
286	366
421	366
308	537
426	553
333	416
376	199
456	336
202	298
429	266
374	533
364	55
336	489
452	419
379	171
319	207
290	55
558	243
500	240
269	50
388	95
207	275
235	295
302	519
406	533
333	167
319	450
540	173
335	133
298	112
304	255
487	242
449	171
132	104
542	330
300	349
231	184
311	561
211	298
283	149
186	386
239	411
287	260
474	267
311	272
419	185
449	461
351	487
375	159
444	109
430	169
298	368
439	465
106	192
363	291
284	448
326	507
231	489
338	346
305	85
338	149
347	147
353	187
311	81
372	170
437	161
351	341
412	405
349	562
307	146
278	92
213	289
300	192
204	203
16	328
192	236
321	367
422	552
388	240
458	84
283	553
493	118
226	338
273	184
382	488
456	151
201	349
390	477
370	210
391	292
443	187
412	182
182	365
150	187
367	166
161	113
304	305
337	325
414	354
420	103
300	451
300	107
389	466
270	474
300	249
347	104
265	81
235	117
226	169
199	209
304	269
466	307
134	317
489	176
275	392
314	517
180	347
189	368
277	402
237	145
283	545
336	414
276	181
420	116
241	323
376	83
402	198
271	14
333	123
273	282
285	133
296	123
545	337
415	465
365	294
306	443
239	191
144	245
321	202
300	356
285	224
301	231
427	294
328	418
286	344
387	268
304	581
283	332
282	464
485	233
555	350
312	312
188	142
255	481
335	369
524	493
280	336
391	364
402	394
383	232
310	226
334	198
311	333
465	268
454	140
248	338
314	161
318	347
474	159
281	325
404	370
379	424
352	502
376	154
264	422
262	115
279	256
412	77
309	233
241	312
310	569
327	415
182	493
404	50
243	478
412	391
545	296
519	348
364	389
434	344
371	20
357	369
184	385
324	324
351	179
298	501
161	358
301	194
474	299
216	511
340	397
332	262
485	136
419	162
318	129
127	148
342	187
217	152
391	400
96	339
271	492
321	385
339	396
445	412
273	267
246	556
385	263
464	216
300	317
253	577
347	239
330	177
317	542
268	279
398	367
348	204
181	371
287	236
286	591
323	334
329	274
261	295
255	221
462	336
202	94
510	308
126	273
141	289
303	507
95	344
210	310
338	348
337	419
402	431
302	485
107	128
305	189
301	371
350	283
222	500
342	521
239	199
213	534
373	218
195	151
304	192
350	446
333	396
301	328
304	279
291	544
292	213
313	378
234	554
332	564
250	105
254	465
306	53
325	407
352	35
344	317
213	406
368	268
338	45
373	356
154	125
314	237
309	269
417	181
271	359
304	311
258	509
357	360
519	391
111	343
318	315
550	277
283	36
437	142
181	265
264	300
344	8
283	70
205	203
218	410
504	228
303	182
411	234
533	334
434	172
396	302
288	238
216	465
87	425
396	269
155	320
221	281
407	461
147	475
281	104
261	533
301	228
423	111
324	558
320	293
279	300
162	315
400	428
321	357
119	207
398	286
194	260
415	558
412	150
226	242
364	359
294	403
313	548
430	184
178	341
300	42
531	300
443	276
396	365
329	57
379	442
196	300
217	245
232	326
433	222
171	48
249	359
300	71
255	454
348	305
277	498
434	190
397	254
222	218
404	219
275	388
244	491
259	277
165	316
300	457
349	404
93	265
214	374
127	212
312	261
296	172
150	310
293	519
350	512
209	278
494	411
309	56
331	239
323	415
273	298
286	589
176	539
175	269
316	371
360	279
169	202
318	557
250	364
147	218
168	229
366	406
310	166
190	297
383	545
354	73
322	565
457	529
253	461
280	389
324	502
259	411
342	274
148	193
389	423
293	424
278	259
288	259
281	483
310	218
198	344
484	202
334	422
67	307
351	227
330	400
305	466
272	517
279	435
334	66
200	371
428	179
147	360
260	296
243	146
354	419
437	121
284	304
188	221
243	333
335	231
355	24
235	240
143	520
331	253
289	465
275	209
282	97
360	260
452	110
322	540
213	446
226	314
478	349
329	273
277	115
341	469
314	412
256	464
323	497
402	204
299	19
359	147
142	415
322	253
437	88
195	412
98	363
471	370
273	41
405	288
361	315
263	280
218	337
260	292
384	148
340	196
298	60
440	432
390	183
272	90
251	203
194	408
147	411
144	229
295	541
274	176
295	36
499	401
417	508
546	281
28	287
285	318
333	498
470	245
369	562
379	196
300	395
295	241
346	353
213	336
506	159
239	279
247	243
130	435
191	445
321	240
390	239
409	381
310	426
445	265
381	370
471	154
335	525
299	41
302	74
336	423
318	327
244	191
213	506
174	365
381	320
282	362
345	207
193	346
97	373
421	237
305	553
456	326
368	559
294	145
396	310
355	186
297	251
301	408
228	520
507	411
304	9
340	51
363	137
241	32
407	293
234	291
292	285
433	486
333	578
319	554
310	511
301	183
406	471
284	336
120	356
311	521
436	383
431	166
388	403
289	407
166	436
303	137
510	229
357	219
240	506
277	89
174	314
500	321
260	431
426	280
323	202
295	586
290	241
307	268
260	551
304	572
284	136
210	389
217	50
281	263
140	335
324	227
326	218
290	270
276	270
343	251
266	55
213	29
315	140
362	139
321	474
331	355
290	567
300	429
356	425
321	558
296	426
370	188
351	451
297	172
271	169
280	27
304	476
433	92
304	261
364	400
167	145
122	285
267	61
281	367
89	289
299	516
289	118
394	528
286	438
250	201
239	191
284	436
259	411
340	64
317	578
54	187
299	582
314	191
154	455
80	408
308	22
429	205
347	495
299	22
313	46
430	145
428	430
404	294
380	90
310	269
227	113
281	230
162	155
275	286
189	343
489	387
505	303
171	363
480	237
534	147
295	216
371	53
326	204
320	546
288	251
383	292
289	141
245	447
328	431
344	367
490	271
342	123
469	303
300	425
192	98
248	162
317	362
305	67
181	253
394	426
402	567
295	363
343	569
399	425
274	74
247	342
302	386
87	284
169	291
511	239
453	490
316	49
302	422
342	142
139	466
300	430
480	265
254	272
300	529
245	454
275	155
246	294
317	161
459	257
260	276
547	214
481	203
363	358
339	358
300	373
302	347
229	239
291	507
309	474
300	485
342	381
260	357
341	81
278	335
470	278
295	202
299	475
372	544
248	24
441	249
254	333
472	271
293	123
311	457
52	338
71	476
440	241
333	303
286	499
205	256
305	298
340	78
290	232
152	449
313	169
323	576
242	563
215	364
304	490
254	460
259	386
359	154
197	428
161	49
280	87
308	231
357	394
328	246
396	191
383	149
326	259
394	354
77	287
399	239
296	285
304	389
211	275
350	249
299	220
268	119
302	294
313	572
286	335
300	483
267	339
338	390
371	285
298	498
260	478
366	388
199	145
309	291
230	214
300	173
380	306
216	497
272	179
499	246
170	463
195	448
271	138
368	174
406	310
54	411
342	126
429	127
111	98
419	113
437	299
220	190
219	489
316	221
106	310
295	108
199	369
192	247
287	446
255	276
223	16
303	373
332	168
187	224
176	152
473	327
383	273
535	327
238	107
290	401
200	307
287	103
326	188
289	447
280	503
123	152
371	308
493	402
388	290
393	319
518	204
225	346
322	297
184	304
309	442
456	290
361	286
439	342
213	72
237	494
336	289
458	277
415	209
298	214
326	287
288	249
317	149
382	535
316	393
71	235
228	376
193	431
400	228
290	545
343	571
211	267
216	181
267	201
160	125
519	208
198	423
288	407
286	520
330	31
307	510
216	479
223	360
112	84
220	111
322	199
147	94
358	46
132	183
197	459
370	542
382	329
350	260
160	336
318	216
296	33
157	427
489	356
234	338
357	260
221	161
111	463
302	453
304	148
113	335
280	312
397	126
102	372
108	224
316	505
94	167
429	344
242	255
217	222
137	314
263	306
200	456
341	434
265	333
436	352
189	502
424	128
74	253
119	428
409	137
560	333
202	468
349	158
178	305
381	300
149	451
370	442
300	493
299	144
352	12
235	412
113	300
274	342
339	556
336	67
312	367
350	207
307	73
143	237
245	287
364	103
286	286
426	315
74	276
374	492
292	129
427	394
168	386
409	211
243	189
222	502
306	210
252	274
474	341
211	183
100	360
251	535
379	155
147	302
403	193
42	300
187	331
181	233
253	368
252	357
386	31
222	113
109	300
281	366
281	123
172	471
254	500
264	363
288	186
269	293
192	373
334	378
436	195
238	51
225	161
274	301
270	520
174	475
290	240
379	519
216	348
127	503
436	416
224	545
222	378
277	223
244	328
360	228
366	542
19	243
298	410
308	313
300	230
340	571
301	397
358	490
470	502
333	389
249	266
214	538
408	194
498	291
196	182
304	292
320	373
559	347
311	117
294	375
427	241
300	509
332	113
252	345
240	118
424	238
308	311
308	58
431	190
465	404
419	258
194	250
144	199
494	386
320	448
308	319
345	316
550	338
279	169
425	257
446	75
291	597
184	53
310	445
376	396
270	434
348	448
254	308
222	55
305	479
276	388
286	124
245	189
400	396
194	332
277	170
316	97
293	371
133	381
435	63
287	187
244	38
361	206
203	248
168	322
524	179
329	499
202	479
351	429
356	452
336	156
215	362
297	274
294	367
303	160
302	423
333	253
274	155
337	360
372	37
450	95
209	348
371	212
427	269
351	245
368	185
248	268
387	282
298	443
389	498
331	135
115	490
301	108
122	152
327	441
319	272
295	29
198	153
377	325
311	508
307	95
360	315
361	295
434	157
265	181
294	481
299	589
138	175
261	445
261	243
424	266
364	170
248	553
287	229
330	279
291	520
176	435
322	242
422	529
298	200
384	289
263	498
257	261
404	250
95	391
475	351
390	181
306	228
488	388
304	86
314	81
109	435
329	338
339	354
301	228
244	329
418	108
460	181
384	82
306	185
243	16
197	566
280	467
281	161
38	284
581	353
291	269
240	201
190	134
419	293
314	370
464	333
240	507
277	362
299	511
191	349
401	68
378	415
365	176
268	87
325	446
350	47
293	381
280	287
175	285
279	321
353	370
309	451
288	83
240	122
286	176
386	367
190	486
259	572
235	412
488	490
348	150
250	130
424	127
532	161
220	221
403	213
282	308
434	265
353	267
292	507
524	450
194	370
250	212
412	406
322	550
269	583
334	438
322	280
384	469
269	385
242	62
281	225
267	70
294	107
77	290
165	375
307	14
369	530
273	375
284	389
314	119
227	225
157	394
117	458
280	487
310	323
364	374
224	205
135	253
292	353
338	260
331	463
162	400
515	266
390	125
351	302
79	275
368	220
216	372
310	550
314	186
458	115
67	446
281	187
311	465
433	407
290	226
395	197
368	256
304	386
375	102
287	174
23	241
173	132
343	284
328	410
283	306
198	290
317	269
433	252
392	203
243	15
403	152
358	155
532	298
297	84
290	543
248	499
366	105
303	89
326	531
248	399
252	154
293	208
313	142
287	464
291	549
263	175
343	363
466	125
300	108
429	346
291	294
260	197
289	151
197	353
367	395
422	324
177	299
389	258
125	227
407	109
297	444
189	473
397	306
314	47
246	280
375	498
398	345
340	468
435	363
301	300
336	536
341	286
178	419
309	487
93	470
178	345
205	240
371	515
251	464
288	242
167	341
186	235
256	82
280	171
282	406
273	234
209	177
94	314
262	288
182	412
140	267
308	359
346	491
429	167
80	157
341	84
302	224
268	271
200	293
338	181
242	487
463	446
140	137
483	190
314	288
296	160
290	251
478	181
311	238
288	90
272	121
135	144
300	235
264	323
250	293
437	425
309	332
339	197
385	512
536	265
295	215
324	325
221	438
297	423
242	363
303	122
348	267
294	256
236	173
256	182
259	525
299	63
293	243
528	338
203	222
407	177
181	407
188	481
317	190
254	449
401	499
341	501
202	242
558	353
320	269
355	239
370	347
253	418
168	314
258	228
292	300
281	111
325	330
329	408
308	35
363	33
276	360
329	247
355	500
262	576
376	330
308	167
341	188
235	189
301	89
492	244
280	457
263	285
355	318
467	294
382	225
299	369
515	401
191	140
450	221
341	150
472	368
402	254
85	177
389	418
312	457
283	204
448	280
581	252
356	278
290	552
117	120
178	515
389	397
361	317
265	242
417	376
403	350
300	255
102	274
273	235
295	94
363	528
108	268
149	271
373	416
312	21
396	202
284	344
232	394
505	294
163	334
171	271
282	316
240	350
265	86
304	275
300	115
275	482
335	165
115	306
485	192
260	225
325	310
349	351
424	321
489	444
327	36
304	377
332	272
399	217
69	291
302	581
230	231
352	352
346	310
319	159
255	303
168	328
163	220
209	205
328	506
273	229
195	269
260	419
422	298
222	356
324	345
339	106
325	560
264	311
321	60
426	348
147	105
384	407
318	451
308	260
283	548
492	369
8	334
407	326
168	469
246	581
372	388
139	272
269	160
332	85
90	253
79	247
334	363
229	133
304	226
227	374
435	416
450	196
296	224
300	581
155	498
343	317
367	218
309	93
455	360
239	167
342	483
294	93
123	173
350	345
148	109
271	509
300	213
395	112
392	405
300	329
480	243
221	228
498	279
444	334
280	400
314	520
227	225
374	309
344	273
128	500
361	143
143	300
487	380
306	369
369	208
300	460
118	235
407	532
186	287
258	163
241	277
268	417
309	328
195	236
518	143
440	194
401	464
85	314
276	419
293	374
59	229
388	325
252	84
391	83
122	414
308	33
312	303
422	326
106	96
319	352
292	305
339	552
256	537
327	537
134	319
201	298
292	246
269	454
318	224
141	338
93	375
320	505
321	95
260	518
419	309
168	416
557	283
275	549
373	312
126	446
337	169
368	65
325	405
110	468
121	276
278	490
112	276
254	69
158	396
300	207
355	468
342	407
432	394
75	349
329	459
326	50
297	201
247	104
188	467
228	254
393	395
364	355
334	92
526	438
286	53
445	187
308	392
231	47
339	312
474	492
195	166
437	553
218	161
370	468
321	561
124	165
381	234
445	415
305	481
289	419
371	542
289	151
300	406
275	60
47	273
296	135
292	251
261	419
352	457
182	409
180	111
298	557
353	493
504	200
246	301
337	85
281	155
292	452
300	293
432	160
90	227
356	437
218	231
458	312
315	393
142	471
203	331
540	308
307	391
171	448
205	454
226	318
289	330
175	313
265	97
89	120
497	463
168	410
427	375
299	339
120	352
552	401
272	401
284	320
285	46
316	137
301	513
368	82
371	428
295	163
294	155
318	67
253	503
157	284
320	350
411	198
396	318
316	436
329	210
265	290
275	375
291	252
375	288
183	299
294	339
272	521
297	440
288	528
264	111
517	326
406	140
349	409
376	551
223	492
494	137
232	183
290	333
365	179
392	421
308	16
152	428
463	220
307	469
390	302
276	172
292	371
318	145
119	199
383	368
219	319
279	391
313	62
283	515
318	566
314	108
361	207
260	536
302	218
259	546
378	288
334	515
171	435
299	479
266	525
329	334
162	90
306	526
416	510
370	201
217	121
353	94
217	297
381	442
286	79
247	116
291	133
273	566
297	552
199	508
216	463
503	409
276	116
323	450
215	216
260	281
130	224
226	306
76	293
188	110
426	471
351	339
333	390
308	166
351	195
325	116
353	489
276	179
272	406
274	273
292	77
307	268
256	131
175	96
317	173
410	516
234	99
310	373
280	194
244	380
299	33
383	462
288	250
314	211
229	360
338	466
247	176
310	188
308	462
155	426
332	395
244	37
331	120
281	313
138	257
284	180
316	489
507	289
197	383
336	450
367	342
364	401
141	492
265	355
447	307
376	512
138	428
260	133
86	433
296	433
231	355
224	39
292	235
360	303
300	2
353	251
34	400
445	145
206	128
431	506
181	471
343	501
210	311
273	494
156	369
324	450
383	176
408	314
348	279
303	154
285	189
291	563
216	470
384	213
301	271
379	134
380	82
315	212
293	292
247	100
413	165
303	217
237	127
224	54
372	85
312	519
199	503
360	217
322	300
161	182
289	234
296	406
362	81
130	413
236	397
301	74
279	543
279	448
154	197
450	185
260	198
221	184
315	333
328	312
152	184
388	176
347	37
396	335
327	289
360	491
244	544
343	186
290	173
531	320
373	512
464	418
301	15
206	218
300	225
232	404
291	138
186	253
407	46
321	556
269	149
267	170
316	483
362	186
410	215
468	383
279	318
127	113
259	366
519	381
453	373
225	235
361	265
352	77
284	161
240	276
209	296
265	337
256	319
366	365
369	120
160	188
247	193
75	320
267	545
396	132
272	78
141	258
307	367
131	223
308	91
169	301
293	72
251	249
404	246
300	166
410	353
440	320
303	463
283	392
425	426
90	453
198	259
269	288
249	90
63	271
385	285
337	185
256	522
352	170
301	247
287	295
301	359
291	56
255	123
265	384
481	178
485	518
192	458
390	137
292	152
149	244
220	90
306	319
371	296
504	111
299	416
311	80
282	426
303	101
290	426
340	478
293	353
505	416
296	47
209	462
157	150
187	404
219	402
237	82
149	386
212	434
118	239
272	407
231	379
311	373
222	395
417	341
212	201
252	263
146	439
408	329
260	351
323	175
408	195
198	490
321	414
299	79
300	215
297	174
326	254
463	474
425	240
339	500
271	341
384	261
589	254
199	70
361	185
105	437
203	396
248	230
363	354
306	504
334	143
355	112
112	482
288	562
275	155
300	561
297	317
563	362
355	74
292	411
533	326
120	311
370	278
270	498
403	221
321	201
61	162
355	177
426	247
269	291
341	480
467	290
70	221
283	104
116	403
482	324
294	22
363	520
353	223
88	290
307	78
219	371
93	277
210	226
106	205
171	363
393	305
383	106
142	465
360	277
304	211
167	76
249	191
102	318
262	68
179	190
378	277
464	169
324	339
385	500
220	361
426	379
264	306
489	302
235	359
224	308
287	290
259	355
215	292
494	391
322	419
378	339
241	267
255	442
358	536
384	379
279	366
514	141
278	58
219	160
159	299
319	318
120	272
400	260
232	398
387	495
307	120
465	296
311	213
269	141
335	147
398	363
457	369
462	155
251	273
336	243
424	297
324	399
428	404
335	195
251	214
208	231
290	277
291	321
269	216
299	151
320	64
317	307
322	421
358	349
294	221
327	415
135	515
398	315
302	347
313	143
261	160
172	255
354	313
184	127
295	571
404	263
462	300
322	186
388	457
391	246
333	351
316	551
400	556
240	381
350	303
334	414
206	327
514	202
321	208
169	405
170	221
112	438
344	38
301	597
154	291
343	263
232	122
302	428
285	571
120	109
144	150
158	244
303	14
300	423
167	207
214	319
335	453
101	204
458	280
435	201
329	532
344	348
249	210
246	340
255	223
344	472
392	281
133	353
411	382
307	399
442	169
202	553
291	324
122	412
300	588
149	282
286	353
285	320
300	591
259	51
244	45
348	315
179	489
325	404
394	246
368	218
334	309
133	183
212	472
258	580
298	465
288	346
354	585
536	436
320	385
215	282
207	298
172	200
298	189
297	66
308	46
402	304
69	226
337	389
231	277
435	451
276	284
339	95
252	228
63	436
328	154
338	152
304	66
300	141
255	278
358	249
290	176
335	131
347	210
385	176
377	195
133	391
292	519
318	31
377	129
313	455
300	140
498	408
331	366
272	66
195	341
244	369
453	436
293	101
171	241
250	460
300	160
251	217
445	340
322	226
336	337
354	214
345	174
362	245
204	309
23	340
316	198
258	443
218	370
325	383
170	196
321	42
389	545
240	122
78	302
507	363
395	236
391	305
327	54
287	223
272	451
430	274
345	335
283	300
281	456
278	83
273	291
291	364
291	484
101	209
219	179
407	291
325	455
312	540
327	371
88	200
161	474
124	400
224	441
213	414
369	506
264	496
492	81
294	217
212	332
348	142
343	583
264	286
441	271
449	176
295	277
192	196
257	173
459	501
230	177
251	136
295	375
347	163
188	469
297	249
297	488
410	221
243	212
213	348
344	183
409	168
300	203
300	324
575	377
46	268
129	204
287	35
251	506
165	231
307	343
300	276
175	255
272	86
372	250
447	368
415	258
351	530
325	509
403	218
296	316
199	118
109	366
492	292
400	337
333	442
378	82
394	194
382	466
333	39
306	166
123	471
522	358
153	251
335	187
320	129
312	453
272	112
330	145
337	170
290	480
164	185
344	82
302	435
331	3
212	218
301	125
300	89
405	331
212	55
83	403
336	365
288	340
155	424
514	312
322	198
343	305
288	168
394	296
328	59
325	240
384	136
375	105
299	31
300	565
337	197
454	542
348	207
292	79
160	354
304	332
84	345
142	336
487	258
257	413
487	236
377	465
117	257
81	251
283	130
418	354
493	234
278	416
203	444
390	402
203	336
270	214
283	266
197	462
252	307
307	72
436	464
295	585
300	393
325	443
148	268
199	134
176	433
335	93
363	164
300	84
288	399
368	310
295	574
312	203
334	281
258	74
216	516
343	369
295	198
306	92
298	499
445	443
303	314
315	475
264	145
462	234
264	357
348	283
312	479
325	21
181	540
427	238
277	553
431	327
253	252
342	114
124	178
139	525
355	188
372	358
301	42
312	485
126	285
340	75
341	254
58	184
411	386
402	422
418	208
283	153
301	440
308	543
361	294
240	324
331	484
348	508
244	449
112	388
44	348
252	338
277	240
405	297
240	483
90	443
553	338
346	399
121	203
421	411
359	291
172	160
287	533
243	575
295	565
288	303
351	441
264	255
516	287
303	284
455	483
274	396
372	329
309	290
300	159
152	474
271	310
361	290
317	159
389	267
117	210
337	467
360	232
312	546
320	140
93	266
305	33
239	156
133	339
440	268
346	332
300	577
204	377
355	30
299	125
495	341
309	207
271	174
131	237
140	445
291	185
313	205
298	477
327	511
369	418
303	30
409	365
279	290
322	572
82	315
171	535
512	171
555	254
324	518
42	318
340	143
207	38
260	122
255	533
396	235
366	294
211	223
353	161
294	356
316	342
247	516
288	239
245	116
259	361
321	384
391	115
310	249
110	139
269	244
370	36
178	139
281	200
261	239
390	362
297	248
489	220
461	456
278	188
392	268
300	19
249	236
301	70
326	294
271	188
355	83
233	185
258	213
395	350
350	564
294	440
349	415
559	298
498	206
315	410
321	202
405	479
104	153
300	558
337	257
308	254
215	296
307	429
299	380
366	373
104	437
269	290
546	423
245	283
322	359
317	400
324	553
290	305
318	580
390	492
224	277
561	398
547	416
168	202
286	393
266	310
178	312
242	297
242	210
326	308
336	327
301	447
291	112
211	517
329	529
300	467
252	395
447	376
157	202
446	109
185	470
286	338
329	200
300	216
378	296
293	240
451	252
125	409
281	268
281	26
243	325
91	364
307	488
287	320
419	177
410	371
160	354
286	430
299	26
307	388
211	286
402	201
387	404
228	286
300	74
300	486
293	547
48	274
545	162
92	166
327	551
247	343
314	460
313	285
88	316
472	232
237	313
297	115
278	90
284	73
311	352
238	527
216	188
317	149
331	191
299	183
170	308
224	95
302	485
188	553
241	122
267	22
407	368
135	290
396	444
244	47
343	349
364	553
365	502
293	269
297	26
446	153
355	256
546	172
187	230
125	504
451	368
255	467
66	379
301	434
293	550
297	561
175	140
341	165
287	145
342	352
304	430
283	327
334	208
506	334
294	515
296	69
548	347
336	148
306	425
130	447
195	498
175	527
264	468
448	197
258	573
453	136
428	344
243	188
162	147
297	165
300	126
324	392
284	270
152	455
228	417
394	57
251	212
164	198
421	369
326	239
241	489
212	215
106	221
212	254
284	355
228	453
348	161
443	348
459	137
143	294
405	336
385	125
315	395
382	277
300	543
364	177
204	259
215	517
312	366
300	557
301	559
345	313
397	158
314	500
256	554
304	72
158	153
312	182
132	278
263	464
397	257
494	294
309	338
437	276
296	529
269	116
214	388
298	375
230	88
549	312
312	60
195	179
299	591
342	337
255	481
298	60
385	389
274	261
311	56
192	314
306	30
257	486
213	80
349	337
372	390
555	374
298	120
171	294
308	85
384	210
315	118
156	318
270	104
251	464
431	378
303	304
303	139
289	510
357	215
277	214
339	122
270	315
332	585
322	245
132	411
301	553
430	301
175	438
191	58
411	528
278	433
458	462
284	235
190	454
89	335
237	550
310	157
219	241
285	418
368	80
256	539
323	394
234	501
51	273
442	415
44	273
162	333
311	159
346	351
399	501
529	143
411	452
249	209
414	359
316	205
266	465
243	346
360	289
342	537
344	383
442	128
283	471
288	155
142	90
238	429
209	158
342	520
283	23
189	402
455	162
356	145
305	221
246	367
274	14
196	249
289	268
382	534
404	213
375	401
322	405
267	439
248	529
300	388
292	436
343	440
393	357
297	215
311	418
351	214
335	331
234	260
203	353
336	549
195	254
383	449
225	147
373	304
399	225
328	353
327	244
281	365
252	417
305	561
351	321
540	407
120	281
383	150
285	424
454	235
309	74
297	297
268	384
151	162
226	411
347	427
228	539
298	464
350	193
223	215
443	365
331	438
198	164
58	382
381	228
255	244
303	383
293	543
157	426
351	71
245	202
471	373
439	386
151	227
314	155
529	412
452	448
342	333
166	150
450	450
322	310
316	186
232	441
416	79
214	469
258	458
141	249
309	271
300	334
172	238
303	378
304	251
341	422
360	58
308	515
262	293
267	399
428	438
150	389
368	470
232	221
278	201
138	411
365	109
369	108
393	69
345	391
146	289
404	395
289	294
229	325
251	217
298	54
491	441
281	34
303	426
111	74
332	181
264	61
303	377
363	467
275	207
231	456
260	101
459	241
478	440
340	350
489	369
334	550
300	275
243	311
365	257
386	39
296	515
316	284
401	122
280	180
564	201
306	501
239	388
386	254
261	321
297	82
352	319
479	434
288	494
387	26
231	501
308	248
254	522
287	241
444	351
244	347
247	395
359	470
337	538
138	326
377	324
282	537
292	158
226	496
56	322
223	411
248	172
361	219
93	311
270	404
299	180
286	106
271	92
251	463
288	197
400	302
281	73
165	114
317	28
368	589
382	278
356	430
162	289
312	563
350	19
293	117
303	461
430	224
312	156
359	153
392	344
108	506
368	225
330	466
274	113
413	64
309	346
316	104
62	361
243	272
290	173
129	212
70	220
313	372
319	137
306	228
121	313
139	241
379	462
424	385
329	305
308	504
358	214
433	281
377	392
268	457
357	69
195	202
218	437
309	204
335	267
487	89
350	82
572	209
250	580
310	591
465	172
361	93
357	466
300	360
533	406
174	143
359	401
188	327
314	339
268	195
294	509
214	545
279	200
190	337
87	393
216	433
285	52
178	120
384	246
142	451
227	425
425	411
82	171
403	293
402	211
304	432
270	308
344	92
298	488
239	289
387	144
321	360
293	420
349	376
194	480
454	322
153	334
51	302
290	415
114	272
272	438
300	129
356	206
74	327
436	353
420	190
353	264
122	219
275	50
396	197
261	244
245	296
305	559
392	313
277	104
174	410
139	405
299	201
515	286
257	570
121	148
500	469
229	86
456	367
193	140
259	285
236	132
288	487
315	307
202	282
404	156
188	46
116	231
123	448
275	141
368	257
304	236
269	104
297	421
377	378
304	153
288	432
526	299
416	221
558	368
267	365
291	138
370	401
301	321
386	494
552	310
262	52
180	199
410	407
538	408
326	268
376	409
226	424
318	94
332	57
81	222
239	229
112	496
333	362
310	230
334	541
287	300
354	138
310	172
449	511
404	151
548	306
477	508
191	499
474	244
324	366
320	174
441	104
141	358
235	370
166	417
398	418
228	115
261	136
491	313
391	155
200	433
335	183
329	339
511	396
249	383
76	346
295	193
280	25
501	231
371	350
168	398
284	426
300	335
306	569
299	455
289	325
191	106
259	430
300	396
431	434
327	242
286	399
433	446
344	253
49	425
325	192
296	479
281	481
51	352
507	343
117	387
269	52
399	355
335	191
295	47
323	326
427	315
403	309
457	446
474	428
203	254
301	523
470	192
268	352
302	131
344	58
74	373
402	299
506	364
149	410
173	133
237	435
503	413
384	440
186	166
145	250
15	269
374	383
421	385
174	292
245	374
34	294
197	530
300	275
355	265
295	194
215	465
245	173
414	378
239	212
395	70
316	328
254	325
243	234
380	360
351	533
211	523
347	469
290	468
495	290
303	200
88	163
301	193
335	434
378	508
157	411
226	38
247	106
402	132
285	59
97	186
200	203
100	289
368	421
326	574
280	283
490	94
415	336
176	545
263	259
426	515
219	436
349	285
433	217
376	365
388	530
222	529
271	152
332	502
235	295
411	317
331	87
486	257
328	259
292	418
374	398
308	224
210	161
257	364
326	332
303	18
350	331
441	340
307	151
159	193
294	269
353	396
350	241
346	441
380	580
254	436
174	251
468	188
239	446
300	32
309	425
568	255
386	361
297	290
177	381
223	529
370	198
356	409
574	212
263	259
244	143
139	319
478	206
462	472
386	196
301	524
369	38
323	271
231	14
297	404
89	137
300	7
237	316
344	518
302	186
377	198
145	231
189	334
300	176
234	330
284	242
334	164
250	251
230	219
330	593
457	164
104	283
233	82
252	291
309	342
472	209
310	511
318	535
304	496
319	183
292	254
251	328
345	265
374	554
311	24
206	226
276	106
350	262
258	421
401	170
160	364
371	358
269	458
225	267
503	173
318	77
424	158
297	571
440	419
346	193
303	164
234	274
199	324
380	163
337	344
274	341
293	551
587	273
196	306
289	170
503	280
337	369
337	185
374	210
289	153
250	352
320	468
358	144
257	563
326	273
251	266
300	526
283	169
274	310
160	473
324	505
298	156
405	307
294	53
318	404
336	305
474	193
250	382
226	146
298	88
122	282
283	202
354	482
321	411
236	367
410	70
192	112
456	401
251	470
83	347
358	446
288	103
168	377
420	300
237	271
160	300
347	369
335	132
226	227
247	277
225	428
194	235
193	355
412	305
216	359
300	509
254	328
365	501
585	257
353	293
303	264
300	370
374	232
333	59
160	545
275	331
378	179
249	287
354	204
303	146
432	324
97	152
191	374
455	209
254	56
200	295
222	329
311	303
538	460
275	79
297	440
400	206
268	240
290	404
289	376
166	483
325	410
269	7
449	404
295	116
314	132
381	512
402	138
407	363
264	387
324	80
109	370
243	369
315	514
175	300
142	445
309	49
325	505
403	47
291	590
106	268
425	104
416	233
217	323
154	96
44	374
384	330
422	375
410	557
300	256
326	214
300	575
262	372
304	502
229	346
299	287
345	29
312	237
305	238
306	337
384	511
403	67
409	332
300	274
285	157
433	241
322	322
184	259
409	73
330	591
225	121
503	228
178	148
60	331
239	126
350	303
283	125
430	246
386	238
381	231
60	233
393	354
233	135
260	535
239	143
186	450
508	233
328	344
391	86
369	210
457	295
214	446
280	538
194	437
68	176
268	169
447	421
253	540
237	532
360	397
304	477
403	436
300	248
250	73
422	468
303	429
345	247
455	179
212	348
522	286
215	110
282	191
249	221
295	582
305	53
158	266
399	67
306	446
271	422
300	364
192	454
222	296
301	520
121	347
301	287
376	40
317	588
359	445
483	376
170	252
343	231
308	224
169	562
296	470
334	168
397	411
295	486
249	368
142	126
211	432
355	497
447	424
323	391
333	13
411	89
338	168
270	192
304	158
309	103
336	189
311	178
264	349
269	420
547	285
242	175
302	147
43	237
281	495
79	332
306	551
375	248
380	405
291	350
98	150
522	497
275	161
312	501
313	337
216	296
183	465
356	11
256	532
333	23
189	173
225	559
325	191
298	129
329	184
454	371
322	463
369	150
209	480
225	370
319	296
546	380
191	447
202	146
554	290
358	321
302	299
298	335
352	464
304	296
282	305
257	532
380	118
329	453
152	225
365	200
162	318
349	466
71	355
128	124
351	399
517	263
228	336
224	296
302	16
421	423
299	408
185	363
135	214
319	79
290	498
466	467
270	339
240	538
218	94
215	446
404	370
246	226
296	192
328	144
181	411
473	405
116	232
296	135
343	10
347	145
162	249
340	150
465	443
277	50
344	476
222	522
188	448
301	518
165	341
318	215
312	365
445	388
256	180
220	273
78	235
316	362
323	2
210	456
300	545
397	478
217	368
343	272
175	165
182	367
367	137
414	422
233	263
273	305
352	357
262	409
314	406
354	266
316	333
223	197
223	474
493	229
368	38
181	238
247	249
391	68
289	27
368	303
300	493
316	365
235	427
244	78
275	276
167	508
307	405
99	350
301	566
179	187
381	143
164	304
346	364
287	266
337	251
276	219
315	242
317	169
310	307
412	369
258	459
323	378
179	452
68	311
526	361
476	513
238	104
321	300
369	425
246	140
211	222
367	341
299	292
311	294
272	411
299	217
282	192
315	430
291	57
251	390
337	190
145	105
308	332
315	239
274	429
317	32
124	326
293	102
306	9
231	379
302	273
235	268
340	422
363	185
442	465
250	271
293	89
540	241
192	337
263	420
295	410
423	417
457	365
524	194
315	127
269	421
145	234
300	391
333	288
288	108
283	305
288	33
127	427
423	109
184	387
300	92
229	134
372	385
179	200
214	292
230	184
164	280
239	474
274	433
237	509
354	126
412	249
176	353
409	399
69	208
175	408
299	179
425	64
433	129
294	121
492	201
174	142
184	522
323	303
300	31
268	123
204	536
328	545
201	278
300	158
295	82
82	134
264	233
172	322
343	425
273	286
289	356
78	290
368	314
493	264
358	403
302	93
161	434
43	351
429	180
277	198
295	199
322	519
297	217
186	261
294	130
516	270
507	297
380	164
291	383
320	468
453	86
313	332
261	308
252	482
109	152
372	226
88	492
187	41
304	203
363	455
261	165
160	198
432	140
298	176
372	246
192	165
358	226
370	277
338	269
156	456
274	266
50	199
205	511
393	106
290	275
365	206
120	383
416	199
94	351
347	242
482	155
285	138
384	359
300	226
229	142
300	427
197	463
313	448
211	281
280	399
314	92
468	138
266	92
354	494
274	350
274	154
292	422
257	177
439	160
439	496
130	252
304	211
296	20
346	486
297	242
300	598
404	343
126	226
231	256
417	190
240	393
122	205
346	300
161	164
240	257
249	356
325	210
355	388
322	401
349	272
197	439
290	167
238	401
278	327
299	227
370	335
322	69
354	251
317	218
407	420
288	290
179	307
381	341
248	203
345	365
356	341
210	503
282	579
345	581
281	129
193	91
256	335
278	496
492	260
282	423
441	391
239	142
194	209
266	344
361	531
291	62
366	50
280	195
393	534
330	149
440	463
152	173
345	449
378	98
281	331
510	253
217	258
215	123
265	269
150	454
397	383
546	443
234	412
418	73
502	288
331	554
249	240
243	427
254	415
249	507
424	312
296	229
398	405
114	250
252	377
320	249
268	236
482	434
300	129
77	231
417	128
271	159
454	413
285	562
374	209
139	186
192	185
452	130
335	323
380	248
309	9
335	575
360	493
231	160
314	295
319	474
330	482
430	240
459	165
45	228
367	395
337	534
190	286
272	493
373	170
435	162
190	433
427	279
175	91
458	471
306	338
375	224
263	373
465	448
545	244
409	90
174	328
274	352
306	473
201	469
213	350
126	218
281	471
256	104
292	577
314	467
285	143
286	404
180	316
499	282
136	390
235	28
412	138
275	338
329	276
332	362
337	87
256	228
343	131
262	436
377	148
231	422
294	362
336	111
300	160
460	253
289	490
284	375
215	264
315	43
273	377
423	272
402	350
332	324
335	386
189	182
319	366
238	416
478	126
328	400
237	149
285	343
314	459
311	335
292	493
98	349
305	223
356	374
380	35
365	158
300	190
449	69
341	529
312	594
291	405
287	489
402	264
323	80
302	387
395	106
305	341
416	325
218	160
427	507
252	145
368	572
241	347
391	423
137	173
290	289
343	227
401	62
445	227
300	112
182	257
280	319
193	233
300	541
362	332
386	303
394	312
153	375
235	68
416	411
87	437
266	126
349	319
365	111
449	292
288	405
325	113
412	364
193	232
510	344
314	366
328	394
528	300
393	514
249	417
235	106
379	274
316	181
273	215
383	398
288	155
447	256
289	75
283	470
308	414
275	122
395	434
293	571
303	380
164	117
368	118
347	120
280	312
199	97
326	277
276	243
252	222
403	154
330	479
178	130
170	54
267	280
507	481
207	213
440	323
238	205
181	245
232	242
332	113
164	132
242	302
402	324
299	244
263	572
221	456
340	390
308	240
308	110
270	101
243	312
289	146
241	460
293	398
223	200
443	273
218	108
197	124
264	338
418	332
361	421
518	389
279	576
35	328
397	198
305	448
199	300
302	310
289	364
524	351
414	284
477	336
362	276
242	91
341	94
378	83
247	506
312	560
290	440
270	163
259	335
530	359
214	80
549	319
185	193
299	137
149	409
377	368
392	338
412	201
309	253
432	258
319	259
358	362
298	276
290	111
301	282
286	221
216	389
60	415
337	78
330	239
355	391
355	396
300	471
239	417
218	255
301	190
546	253
353	478
164	259
316	541
313	129
473	479
323	118
222	35
238	182
458	203
314	470
281	216
250	211
313	465
311	295
227	454
570	318
342	275
269	134
311	114
247	259
314	416
313	152
290	180
417	419
355	279
408	199
315	496
375	397
347	531
494	329
174	341
344	358
306	458
318	218
199	441
474	416
413	204
295	29
364	426
147	306
303	162
236	253
363	582
348	331
256	252
453	452
328	559
297	243
243	184
390	212
326	307
332	428
260	433
285	285
114	511
111	435
360	332
346	31
147	490
382	316
168	406
297	301
121	268
65	326
301	291
94	401
287	290
419	315
571	290
304	120
303	17
242	139
328	162
314	413
430	468
163	316
220	279
268	239
419	361
431	457
322	394
194	189
174	145
111	144
434	283
426	106
343	372
240	151
115	322
294	389
225	254
293	166
148	428
300	361
280	494
187	452
226	402
313	348
18	282
446	214
320	55
301	418
272	533
295	279
451	200
249	400
412	54
583	255
175	315
339	383
406	255
404	279
281	356
275	263
72	318
184	351
204	300
275	102
378	277
484	354
338	34
319	329
423	146
309	305
309	209
234	266
269	260
290	187
294	139
237	112
200	47
220	309
119	462
364	384
265	98
250	223
354	277
284	159
319	216
300	568
252	132
351	50
236	96
290	463
278	388
230	377
161	209
367	537
275	119
377	452
349	561
288	10
439	256
279	501
282	510
350	311
313	278
430	113
302	287
215	461
283	37
421	397
345	376
426	170
234	112
321	175
292	122
299	302
219	260
507	111
300	298
224	260
299	177
184	259
267	424
396	442
352	466
394	500
356	390
304	435
300	22
353	443
238	172
291	70
261	89
342	106
321	128
246	370
393	60
192	412
292	77
340	521
513	208
192	178
343	247
296	123
406	373
296	56
461	419
131	369
212	398
269	130
273	84
369	388
323	211
265	565
277	179
466	239
311	212
245	437
299	175
413	124
89	418
293	325
421	397
252	545
150	312
278	179
342	389
259	118
204	329
299	263
231	20
209	432
325	193
216	283
298	336
385	351
307	307
379	492
257	378
231	361
426	278
358	306
283	279
135	272
312	131
113	348
401	236
445	355
310	300
190	441
524	187
274	461
105	306
58	446
412	403
303	527
349	296
348	334
335	268
268	318
289	34
300	333
72	282
98	377
181	244
281	376
259	73
261	114
303	447
106	264
202	347
204	344
292	271
371	393
433	464
214	412
293	110
325	149
318	124
292	226
561	332
393	300
172	293
307	586
285	41
308	476
157	290
338	106
432	365
230	470
176	323
75	177
346	304
307	176
332	354
334	385
295	122
225	407
307	174
277	547
455	138
441	72
234	401
215	348
223	426
175	160
315	312
374	93
344	268
298	401
352	385
289	186
242	112
490	302
298	18
574	354
293	200
298	433
200	492
476	77
450	501
320	104
234	436
284	444
246	295
243	211
294	375
271	95
437	297
174	128
540	291
396	377
346	143
305	410
328	369
478	107
259	301
408	484
246	130
315	84
255	512
325	195
305	343
292	523
338	195
65	245
309	158
329	515
401	502
257	216
286	119
264	387
278	495
346	160
415	238
349	309
164	329
77	445
258	301
323	405
143	227
382	261
327	117
300	150
441	74
277	537
379	163
139	410
301	116
69	344
300	264
343	294
324	174
330	85
316	255
329	81
279	446
399	262
200	569
140	476
402	239
167	170
373	282
391	500
266	554
569	401
376	302
514	386
299	78
463	246
173	300
321	71
292	488
347	41
550	214
274	441
444	254
38	394
402	364
346	278
162	360
348	398
160	219
348	297
184	272
254	308
293	444
294	34
248	461
205	96
302	345
278	141
431	191
288	301
300	310
292	435
101	250
369	409
284	71
263	255
214	116
333	227
267	472
430	165
320	311
241	321
270	374
505	203
149	446
407	321
338	47
314	97
284	541
222	458
302	545
427	171
315	436
159	299
277	479
367	320
165	306
141	369
296	550
164	230
342	510
258	330
480	321
253	574
217	245
507	248
307	129
268	307
147	234
153	235
273	417
105	147
29	300
297	451
264	229
209	252
392	238
102	288
512	279
313	28
329	216
401	285
208	573
409	338
337	449
292	337
284	231
486	400
391	331
246	189
268	211
287	271
243	57
275	101
564	221
407	291
261	332
186	508
251	461
331	370
320	293
220	508
408	178
120	335
246	234
197	316
305	180
205	501
236	84
250	371
301	439
295	148
408	375
205	300
145	147
492	441
295	313
347	125
323	376
295	440
230	165
277	135
297	166
447	255
291	297
142	151
308	433
290	130
357	347
371	334
428	369
434	206
241	301
343	278
296	192
274	244
363	427
404	259
307	170
68	214
343	295
279	36
234	348
426	348
378	158
360	579
266	506
366	214
217	391
121	514
352	528
289	466
168	73
354	43
364	237
235	213
306	99
233	456
313	236
297	316
246	150
273	233
415	189
399	234
251	450
273	346
425	185
415	447
277	508
255	268
271	67
247	502
320	505
497	212
328	384
481	218
283	309
319	332
303	378
264	113
264	301
335	317
302	61
301	243
353	549
405	375
171	139
320	91
379	163
306	541
325	261
105	382
265	359
187	150
302	482
132	64
33	260
313	365
517	283
411	507
365	120
406	325
211	373
231	284
193	367
254	358
514	427
300	443
309	31
320	444
55	306
412	303
253	18
288	432
258	473
231	319
411	167
234	181
307	487
548	347
259	445
284	54
195	228
182	134
304	146
446	183
268	327
265	512
292	226
293	308
133	402
455	425
129	251
296	387
335	456
372	353
224	526
461	433
303	223
218	341
505	174
329	231
395	288
338	290
432	267
350	259
510	317
185	300
299	482
288	242
300	547
141	419
389	139
277	432
387	520
250	302
222	544
167	391
300	447
359	288
328	226
310	364
209	89
98	227
414	513
318	257
398	410
318	91
305	57
256	55
347	508
399	231
300	357
367	499
347	177
335	162
201	499
248	272
297	295
341	333
341	548
232	338
363	167
374	159
302	397
131	347
177	315
68	302
399	116
98	419
286	130
302	341
82	362
379	81
269	93
251	576
465	65
287	452
183	468
56	206
321	319
370	456
226	185
302	555
317	116
206	230
307	289
527	359
352	351
253	541
379	228
275	352
238	484
260	472
289	448
340	332
340	344
284	281
174	427
299	589
332	421
298	351
299	457
172	206
328	169
195	459
274	373
348	516
564	311
354	346
53	391
393	87
334	326
348	452
294	171
247	102
327	54
288	116
262	333
300	362
301	297
121	430
302	310
199	533
218	273
296	142
392	444
303	109
344	553
521	291
410	71
324	354
324	496
299	550
375	365
436	402
258	360
350	401
6	300
267	423
236	253
377	202
316	332
195	332
294	132
286	197
226	417
334	405
254	287
350	572
298	197
278	132
142	300
237	186
300	428
275	130
386	290
348	486
59	225
267	427
394	469
174	382
157	201
327	433
325	357
468	257
321	275
287	19
290	274
248	545
107	204
256	127
265	290
278	405
327	10
367	281
252	243
206	300
145	109
514	196
390	474
233	160
289	331
251	356
363	25
74	287
227	315
369	59
281	584
170	483
328	359
187	197
276	356
314	154
228	378
279	300
233	195
240	138
236	450
233	457
244	348
305	97
376	190
324	488
286	432
260	556
285	213
282	451
338	390
282	288
281	369
303	24
158	169
467	377
416	80
437	360
301	241
257	557
388	528
379	441
262	504
307	264
279	247
288	295
405	388
271	183
412	420
300	478
207	462
169	340
198	329
125	454
542	231
365	550
355	151
221	255
407	382
344	93
313	204
212	67
339	386
380	451
283	135
237	282
281	354
98	328
375	514
340	63
301	129
485	346
447	347
236	389
348	355
434	242
304	167
355	66
534	194
293	594
176	304
143	480
258	79
145	372
302	97
274	291
20	385
382	74
324	300
364	272
471	461
180	490
285	186
221	172
370	427
94	255
474	410
281	403
128	189
278	103
374	405
213	355
344	361
435	349
254	341
202	102
235	247
272	571
260	150
223	521
204	277
140	267
311	188
306	545
344	236
216	121
283	54
409	327
167	402
302	224
322	404
507	225
526	113
272	209
278	391
186	329
444	335
274	280
169	534
303	572
445	288
187	278
321	67
378	375
78	145
462	205
89	238
243	245
354	300
293	355
325	587
359	442
344	479
407	467
162	419
308	25
329	66
474	503
225	26
300	425
412	313
78	203
457	164
517	397
259	340
311	460
140	270
336	129
315	360
374	459
275	184
300	391
294	456
354	460
277	65
371	164
367	485
294	177
213	423
256	517
341	370
180	163
261	260
32	344
200	63
205	450
418	485
283	457
148	485
300	123
175	139
242	250
443	437
163	213
284	67
223	388
280	251
306	401
373	162
285	495
386	149
191	462
488	444
383	441
310	557
337	552
165	138
221	63
315	444
217	535
107	291
300	324
299	335
354	197
325	410
432	190
358	164
388	498
308	325
172	341
313	364
533	311
138	190
427	105
413	163
304	403
237	57
196	398
233	40
268	153
259	515
196	516
143	482
291	357
285	126
477	314
414	246
277	355
251	248
291	485
170	431
316	211
384	414
280	153
311	417
162	96
262	340
217	313
306	307
258	69
303	167
290	404
300	278
266	189
306	338
201	287
275	559
355	555
592	244
422	291
404	573
306	90
282	117
251	169
310	322
261	464
268	322
47	359
274	38
124	386
310	318
190	178
289	332
213	196
326	375
285	244
457	180
361	276
253	158
10	273
361	361
254	189
246	464
246	443
263	358
289	523
388	129
75	308
373	210
397	137
298	123
88	334
306	227
293	132
39	253
347	440
340	156
73	290
299	467
305	205
274	258
349	530
276	340
316	284
144	274
156	333
354	109
107	109
312	271
133	358
244	316
373	352
191	300
442	323
307	112
311	402
166	320
353	337
324	371
293	546
486	153
267	405
379	302
426	435
300	455
271	156
341	429
45	218
248	530
315	80
504	342
431	191
427	169
450	454
107	93
402	82
292	224
330	211
269	500
341	51
280	511
302	593
309	150
302	379
257	338
274	476
268	317
258	287
337	462
425	360
412	269
317	385
232	225
186	364
315	221
241	319
379	185
485	410
271	32
299	580
271	418
300	128
308	252
268	381
423	45
292	295
304	86
286	300
332	591
115	346
167	467
300	577
21	267
283	71
336	420
148	236
322	192
301	539
307	326
29	300
390	322
338	264
171	539
458	299
237	452
446	436
208	456
422	120
405	48
278	332
402	128
185	373
217	252
223	183
291	42
434	112
350	436
271	478
227	470
332	486
367	264
149	71
188	300
270	536
243	329
377	76
369	156
281	414
300	238
268	266
322	563
295	55
311	544
325	134
357	356
265	435
172	438
204	380
274	356
191	295
243	314
292	393
477	325
284	362
523	385
345	49
278	89
249	129
401	175
367	512
378	391
136	334
345	398
314	276
308	275
542	198
289	561
300	186
516	305
425	391
278	356
340	256
418	335
310	311
258	396
470	81
76	385
152	377
94	347
308	253
338	57
389	548
301	87
251	56
378	433
338	442
247	573
416	52
261	141
333	208
300	284
273	145
32	250
141	279
524	248
85	233
282	145
394	178
167	351
236	46
549	184
397	460
149	310
116	390
320	271
406	138
241	380
347	198
67	343
476	360
474	222
220	501
288	515
271	492
300	157
309	23
214	174
302	349
233	483
336	170
116	203
392	159
412	294
201	339
302	527
340	163
146	263
514	188
344	300
307	480
298	94
275	168
299	133
375	441
429	388
418	271
287	516
317	476
300	75
237	298
251	167
304	286
550	320
229	520
60	412
233	180
181	272
308	582
265	468
406	252
355	217
572	285
288	506
374	106
258	547
182	162
175	368
397	135
363	99
284	319
397	139
241	364
206	471
412	317
261	499
159	319
269	421
104	202
297	506
307	423
141	335
338	546
509	415
109	323
117	258
229	303
195	202
308	249
207	255
304	283
271	506
292	201
306	406
385	352
170	153
396	140
205	136
276	260
306	164
273	564
217	320
334	319
238	261
304	83
299	357
361	49
196	417
333	391
295	327
216	117
290	514
323	114
281	275
293	85
97	436
229	191
310	286
312	337
225	483
210	394
374	410
232	225
314	324
327	206
410	211
257	516
259	112
293	88
333	207
244	182
429	197
248	351
314	492
375	280
300	331
336	169
296	190
227	192
243	250
130	341
271	427
136	408
363	276
530	373
509	360
285	439
285	102
221	224
242	249
303	356
185	300
451	321
305	293
192	165
153	136
420	280
238	525
215	490
342	394
336	235
450	373
206	304
139	298
219	419
436	185
276	6
138	228
219	255
282	407
167	225
372	78
211	551
309	162
216	217
327	98
495	298
327	31
334	380
305	130
261	332
327	236
311	520
337	220
287	8
139	344
258	333
454	467
261	146
409	239
225	408
328	200
272	520
347	346
316	485
427	373
342	16
129	123
295	506
330	235
257	148
308	362
459	304
325	29
293	88
299	245
297	469
251	195
21	304
408	501
305	224
210	95
397	306
185	269
246	135
343	63
310	332
354	139
309	195
287	237
354	377
334	259
554	338
258	107
470	151
337	569
104	357
523	369
507	420
218	300
57	324
562	182
552	219
368	225
91	310
432	298
228	289
589	295
291	308
240	270
472	298
513	308
293	142
301	474
91	363
303	348
328	401
192	432
415	284
153	490
235	359
378	472
221	161
349	75
429	220
483	212
323	362
142	126
299	319
493	248
246	543
273	452
330	460
307	271
60	227
347	89
472	235
404	232
322	244
304	359
306	221
307	358
409	451
332	134
457	488
275	87
436	489
160	446
354	217
300	461
421	226
258	263
500	200
361	140
314	389
300	40
308	526
238	305
128	71
348	26
305	457
337	541
119	193
248	471
328	234
160	162
306	65
487	345
249	484
95	311
230	488
365	541
507	380
303	6
356	251
164	399
147	423
302	465
327	104
241	103
386	375
272	519
434	65
324	110
452	323
301	208
277	505
306	560
489	332
331	429
285	379
419	275
226	397
255	158
206	132
334	402
298	406
240	300
555	197
403	82
495	192
275	237
299	314
300	373
191	50
276	470
258	66
299	385
204	534
159	205
354	244
26	300
195	374
300	526
303	303
356	59
324	331
288	312
441	191
261	248
269	336
420	305
236	182
496	286
308	246
262	481
461	447
300	175
293	170
285	233
364	260
285	531
301	472
379	502
176	373
380	479
238	481
304	164
300	29
306	365
280	348
169	172
293	186
298	333
264	44
294	328
233	172
214	275
333	319
299	156
295	407
266	283
287	257
212	305
212	202
305	230
406	331
317	314
439	113
380	188
437	336
300	537
484	338
50	213
154	450
386	132
269	246
299	47
267	378
300	474
290	189
429	194
347	359
211	379
208	293
303	21
331	209
51	364
364	440
379	509
142	420
226	355
345	324
272	585
300	296
264	255
271	172
355	547
344	303
492	122
272	331
300	497
281	452
459	447
314	461
265	75
377	159
249	194
300	457
440	370
299	302
300	136
246	396
319	264
196	327
236	303
311	511
437	413