592	232
422	574
402	582
321	599
28	174
418	25
476	58
546	129
497	74
545	473
481	61
282	1
590	224
388	586
148	558
185	577
442	36
191	21
19	195
368	592
336	3
537	483
548	132
580	407
443	563
209	585
303	599
200	18
152	40
60	120
503	520
532	110
56	474
227	10
522	99
202	17
285	599
479	60
342	3
213	587
25	181
135	550
596	252
74	497
540	120
502	79
255	4
352	595
581	195
551	136
35	440
249	595
365	592
146	43
96	519
545	127
425	28
422	26
29	428
515	91
406	580
79	98
231	9
233	8
285	599
423	27
561	153
250	595
430	570
509	85
236	7
259	597
142	45
227	10
278	1
537	117
547	470
138	552
380	11
291	1
332	2
542	123
154	562
442	564
243	6
85	509
358	594
81	95
300	0
441	36
98	79
487	66
37	156
555	458
457	555
129	546
134	51
328	2
79	98
387	587
72	494
93	83
459	46
262	597
447	39
284	599
255	596
376	590
386	587
543	475
347	4
169	31
487	66
9	372
431	569
169	569
537	483
378	589
327	2
509	515
484	64
585	393
358	6
209	15
501	78
497	74
262	597
333	598
420	26
230	9
428	571
250	5
579	410
103	74
150	559
564	158
390	586
83	93
150	41
295	599
546	471
446	38
102	525
443	37
336	597
179	574
571	172
161	35
224	10
424	573
467	51
293	1
288	1
327	2
553	461
516	508
541	478
9	372
574	422
261	3
318	1
19	195
463	551
234	8
318	599
434	32
379	589
45	142
504	519
464	49
211	14
437	566
466	549
214	587
370	591
24	417
36	158
458	45
413	577
56	474
16	396
64	485
498	525
128	55
401	18
466	549
122	541
102	75
406	20
330	2
216	12
48	462
237	7
412	578
441	36
417	24
74	497
447	561
347	596
235	592
175	572
474	56
264	3
387	587
291	599
9	228
322	599
113	66
470	53
310	1
414	23
175	572
408	21
202	17
363	7
351	595
167	32
420	26
546	471
200	582
391	15
581	405
453	558
119	539
585	207
180	574
241	6
367	592
263	597
189	578
206	16
355	6
395	584
594	359
411	578
449	560
341	597
373	10
556	456
62	482
556	144
193	20
446	562
550	465
281	1
405	581
447	561
202	17
241	594
570	170
480	540
145	44
577	185
170	570
404	581
458	45
578	412
441	564
48	138
406	580
380	589
165	567
179	574
456	556
108	530
576	417
21	410
62	482
120	60
210	586
193	20
471	546
111	68
353	5
516	508
220	11
563	156
58	477
357	6
248	5
48	462
479	60
157	37
570	430
188	578
264	597
462	48
168	31
575	181
156	37
446	562
236	593
594	359
519	95
458	555
336	597
593	364
275	2
301	1
499	524
75	102
97	520
224	590
571	172
94	518
182	25
241	594
145	44
173	29
481	539
374	590
234	8
363	7
417	576
360	7
243	6
463	49
272	2
243	594
210	14
504	519
212	586
378	11
73	104
248	5
91	85
5	246
556	144
331	598
68	110
148	42
23	185
38	154
538	118
242	594
466	549
98	79
401	582
132	548
319	1
400	18
257	4
410	579
24	417
452	42
392	585
195	19
387	13
595	246
546	471
418	25
487	534
143	45
226	10
565	160
158	564
255	596
119	539
362	593
27	176
513	89
514	510
265	597
403	19
42	453
52	132
559	149
325	2
466	51
82	94
399	17
204	16
563	444
531	491
576	417
521	98
56	474
413	23
436	33
395	584
464	551
277	599
388	14
464	551
297	1
366	592
86	510
115	64
263	3
126	544
577	415
158	36
84	92
94	82
325	598
487	534
199	18
208	585
558	453
148	558
104	527
105	73
463	49
576	183
231	591
406	580
73	496
302	599
274	598
392	585
379	11
378	589
557	146
482	538
457	555
565	160
121	540
23	415
222	589
375	590
415	577
94	518
515	91
509	515
20	407
448	40
512	512
58	477
37	444
222	11
144	556
87	89
569	432
461	47
135	550
436	567
148	42
19	405
580	407
598	334
72	106
25	181
457	45
593	364
331	598
376	10
464	551
485	536
21	190
310	599
469	547
371	9
104	73
520	503
24	417
71	493
552	462
87	511
18	198
373	590
499	524
181	25
564	158
37	444
72	106
430	30
501	78
224	10
529	493
170	570
419	25
554	141
482	62
527	104
174	572
280	599
353	5
120	540
585	207
497	526
534	113
10	224
506	518
487	534
258	3
75	498
440	35
445	38
577	415
308	599
250	595
39	153
170	30
62	118
491	69
591	228
283	1
366	592
122	59
356	6
263	3
458	45
19	195
338	597
97	80
490	532
337	3
263	3
136	49
186	23
246	5
145	44
75	102
340	597
318	1
218	588
156	563
33	164
330	2
590	224
535	114
134	51
112	67
242	594
489	532
232	592
61	119
588	384
51	467
387	587
301	599
167	32
285	1
44	456
567	436
277	1
533	112
588	216
323	599
597	342
456	44
117	63
397	17
428	571
589	220
292	1
209	585
53	470
103	74
447	39
6	241
283	599
113	66
47	461
278	599
587	387
497	74
188	578
233	592
501	78
487	66
397	17
359	6
370	591
597	342
471	546
477	58
340	3
510	514
203	583
484	536
410	579
120	60
18	198
599	324
211	586
260	597
58	477
538	118
160	565
114	65
312	1
262	597
340	597
392	15
204	584
297	599
205	584
282	599
330	598
408	21
122	59
224	10
197	581
471	546
124	58
564	442
332	598
525	498
399	583
579	410
367	8
83	507
527	104
593	236
505	81
419	25
197	581
599	324
45	458
506	518
538	482
511	87
409	21
208	585
248	595
27	176
152	560
260	3
262	597
555	458
233	592
50	135
154	562
158	36
27	176
119	539
22	412
381	588
27	424
9	228
133	51
485	536
465	50
233	592
524	101
355	594
249	5
2	266
548	468
79	98
589	380
33	164
132	52
243	594
253	4
572	174
16	396
363	7
361	7
453	42
255	4
461	553
394	584
246	595
182	25
288	599
463	49
4	252
79	502
70	492
555	458
574	422
567	164
467	51
41	149
101	76
329	2
549	467
267	2
483	537
189	578
236	7
379	589
142	555
53	130
41	451
306	1
163	34
484	536
344	4
167	32
13	213
183	24
183	24
325	598
149	559
293	599
87	89
320	599
473	545
497	74
272	2
93	83
79	502
260	3
598	334
127	545
376	590
309	1
304	1
438	34
287	1
507	517
245	594
7	364
138	48
182	25
231	591
337	3
357	6
339	597
313	599
236	7
467	549
471	54
586	210
473	545
447	39
321	599
354	595
286	1
356	6
74	497
290	1
225	10
90	514
453	558
358	594
530	108
2	266
545	127
571	428
411	578
518	506
171	30
34	162
361	593
356	6
455	44
253	4
537	117
578	412
558	453
79	98
421	574
192	579
574	422
430	30
599	324
251	5
231	9
578	188
51	467
222	589
2	266
437	566
374	590
352	5
90	86
442	36
139	47
106	72
388	586
471	54
2	334
24	417
520	503
293	599
104	527
509	515
535	114
52	468
484	64
457	555
293	599
202	583
53	470
388	586
462	48
203	17
463	551
81	505
2	266
55	473
349	5
134	549
202	17
112	67
221	589
32	434
290	1
75	102
177	573
521	502
415	577
540	120
378	11
324	1
496	527
356	594
389	586
172	571
39	153
76	101
183	576
394	16
391	585
337	3
234	592
414	577
412	578
504	81
280	599
27	176
184	576
368	8
228	9
533	488
330	598
324	599
166	568
59	478
46	141
128	55
485	64
535	114
154	38
17	201
332	598
394	16
156	563
336	597
359	594
99	78
223	11
29	172
125	543
335	3
516	508
285	599
493	71
591	228
211	14
549	467
530	108
359	594
441	36
398	583
369	9
26	422
305	1
185	23
504	81
33	436
518	94
218	588
158	564
35	160
564	158
63	117
327	598
364	593
92	84
592	368
303	599
232	8
38	154
206	16
179	26
462	48
422	26
373	590
453	42
503	80
321	599
187	23
543	125
221	589
463	551
321	1
564	442
127	55
88	88
167	32
332	598
345	596
409	579
345	596
398	17
86	510
246	595
414	23
213	587
32	434
207	15
21	410
61	119
139	47
436	567
424	573
36	442
151	40
59	122
74	103
467	549
525	498
367	592
418	25
29	172
263	597
303	1
184	24
28	426
385	13
423	27
469	547
537	483
468	548
584	396
420	26
418	25
543	475
391	15
437	34
91	515
238	7
61	481
70	108
16	204
517	93
459	554
370	9
430	30
579	190
283	1
156	37
7	236
410	21
316	599
42	453
36	442
546	471
132	548
444	563
395	584
99	78
349	5
43	146
128	545
193	580
466	549
572	174
229	9
271	598
216	588
453	42
300	0
151	560
80	97
140	553
425	28
382	12
17	399
13	387
194	20
458	45
224	10
90	86
232	8
533	112
545	473
306	599
318	1
73	496
148	42
508	516
446	562
11	220
27	176
147	558
457	555
498	75
184	24
353	5
173	29
310	1
81	505
213	587
510	86
571	172
270	598
223	11
79	98
549	133
191	579
480	540
127	545
372	9
415	577
317	599
591	372
55	473
549	467
219	588
352	595
554	141
296	599
545	473
447	39
409	21
304	599
82	506
67	488
260	597
146	43
26	422
571	428
379	11
410	579
254	4
233	592
585	207
551	136
286	599
115	536
219	588
356	6
589	380
55	127
528	494
203	583
181	25
220	589
144	44
426	572
380	11
389	586
462	552
71	107
515	91
342	597
87	511
29	428
331	598
295	599
98	521
359	594
136	551
342	597
31	432
434	568
96	81
543	475
99	522
252	4
234	592
349	595
360	7
41	451
545	127
79	502
574	178
594	359
17	399
326	2
159	564
109	69
414	577
347	596
428	571
394	16
289	599
515	91
219	12
346	4
20	193
540	480
210	586
224	590
531	109
423	27
458	45
121	60
18	198
158	564
14	390
61	481
211	586
364	7
427	571
37	444
63	117
218	12
280	599
285	1
218	12
550	135
101	76
185	577
81	95
435	33
469	53
57	125
164	567
309	1
5	246
70	108
374	10
547	470
292	1
388	586
498	525
414	577
483	63
464	49
349	595
238	593
140	47
250	5
96	519
17	201
373	10
481	61
477	58
173	571
268	598
139	553
143	555
283	1
569	432
556	144
28	426
164	567
409	579
355	594
556	144
373	590
166	568
122	59
312	1
92	84
250	595
213	587
365	8
370	591
243	6
79	98
497	526
296	599
45	142
50	465
482	538
348	596
542	477
485	536
36	442
203	583
474	544
93	517
361	7
502	521
92	84
559	149
328	2
511	513
383	588
17	201
432	569
338	597
206	584
566	162
571	428
94	518
386	587
192	579
222	589
172	29
145	556
406	580
565	160
412	578
241	594
5	246
129	54
516	92
149	559
449	560
395	16
154	38
107	529
107	529
80	97
359	6
454	43
377	589
268	598
500	77
32	166
75	102
393	15
101	76
349	5
377	589
287	1
434	32
100	77
408	579
531	491
43	146
239	593
148	42
482	62
321	599
7	236
365	8
140	553
194	580
250	5
108	70
387	13
115	64
583	399
388	586
515	91
389	14
495	73
275	598
537	117
322	1
379	11
392	585
470	53
182	25
10	376
100	77
27	176
224	10
345	4
19	195
324	1
552	138
586	210
546	129
463	49
8	232
200	582
464	551
228	591
358	6
455	556
30	430
188	578
582	198
510	514
329	2
203	583
585	207
22	412
428	29
463	49
522	99
57	475
328	598
136	551
260	3
261	597
446	562
456	44
415	23
97	80
585	393
251	595
99	78
461	553
175	28
29	428
521	502
115	536
46	459
64	115
167	32
162	566
89	87
453	42
570	430
287	1
249	5
135	550
322	599
139	553
150	559
270	2
75	102
50	465
389	586
271	598
376	590
144	44
225	10
350	5
544	126
435	567
92	516
589	220
531	109
446	562
420	574
300	600
579	190
57	125
64	485
25	419
85	509
3	258
74	103
271	2
111	532
82	506
261	597
201	17
457	555
568	434
230	591
125	57
550	135
53	470
309	1
554	459
346	596
481	61
306	1
172	29
3	342
304	599
290	599
381	12
529	107
109	69
281	599
515	91
319	599
426	572
78	99
567	436
530	108
300	600
292	1
217	12
55	473
345	596
285	599
190	21
286	1
458	555
543	125
340	597
163	34
539	481
385	13
58	123
369	591
184	24
100	77
123	542
215	13
352	5
155	562
249	5
133	51
323	599
221	11
427	29
541	122
469	547
184	24
145	556
260	597
234	592
117	537
340	597
16	396
306	599
536	485
121	60
457	555
196	19
511	513
388	14
265	3
284	599
24	417
463	551
478	541
390	586
221	589
434	32
85	91
314	1
592	232
218	12
446	562
160	565
257	596
284	1
356	6
547	130
533	488
312	599
563	444
232	592
150	41
432	569
114	65
429	30
271	2
464	551
209	15
68	110
238	593
477	542
425	572
471	546
515	509
16	396
328	2
483	537
445	562
402	18
4	348
447	39
425	28
519	95
501	78
548	132
276	1
397	17
565	440
500	523
437	34
67	488
369	591
500	523
494	528
236	7
198	18
324	1
498	75
36	158
110	68
507	517
102	525
39	447
435	567
285	1
89	513
134	549
208	15
215	13
221	11
451	41
309	599
471	546
326	2
161	565
33	164
38	154
207	585
311	599
239	593
287	599
114	65
220	589
43	454
151	40
254	4
313	599
204	584
20	407
144	44
564	442
74	103
336	3
253	4
433	32
326	598
237	593
219	588
32	434
366	592
1	276
581	405
532	490
24	183
225	10
326	2
24	183
123	58
126	56
306	1
529	493
275	598
45	458
66	487
128	55
348	596
448	560
126	56
351	595
12	384
216	12
250	595
345	596
218	12
580	407
387	13
12	216
587	387
297	599
569	168
47	139
393	15
361	593
277	1
238	7
540	480
549	467
529	107
11	220
187	23
558	453
52	132
516	92
585	393
485	536
253	4
274	598
202	17
360	7
517	507
61	481
373	10
22	188
104	527
434	32
305	1
135	50
25	419
39	447
17	399
326	2
498	75
107	71
218	588
345	4
124	58
0	300
338	597
61	119
41	149
251	595
552	462
516	92
414	577
456	44
536	115
376	590
292	1
584	204
262	3
543	125
468	548
28	174
191	579
135	50
409	21
136	551
29	172
208	15
47	139
595	246
321	599
151	40
439	35
307	1
369	591
143	555
266	598
140	553
185	23
551	464
252	4
183	576
371	9
0	300
168	569
316	599
273	598
182	25
207	15
178	26
159	564
556	456
499	76
459	46
28	174
58	123
549	133
59	478
575	181
560	449
109	531
464	49
19	405
562	154
40	151
368	8
349	595
43	454
433	568
191	21
186	577
443	563
554	141
248	5
20	193
556	456
33	436
89	513
68	490
110	68
454	557
114	65
310	1
520	97
153	561
228	591
10	376
144	44
134	549
243	594
246	5
375	10
498	525
101	76
335	597
455	556
108	530
490	532
567	164
14	390
87	511
324	599
565	440
123	542
292	1
422	26
490	532
405	581
578	188
479	540
576	183
121	540
200	582
366	8
531	109
58	477
215	13
36	442
553	461
296	1
282	1
223	11
331	2
220	11
222	11
67	488
27	176
127	545
228	591
176	27
286	1
384	588
556	456
201	583
313	599
509	85
402	18
344	4
462	48
262	597
571	428
421	26
462	48
55	127
462	48
182	575
509	85
195	19
36	442
86	510
306	1
140	553
89	513
47	139
310	1
592	368
595	246
257	4
546	471
322	599
384	12
363	7
435	567
257	596
498	75
302	1
327	598
553	139
243	6
391	15
567	436
541	478
459	554
140	553
325	598
167	568
119	539
107	71
357	594
299	599
425	572
272	598
189	22
89	513
597	342
165	33
110	532
410	579
143	45
64	115
394	584
56	474
239	7
474	544
430	570
0	300
270	2
37	156
223	589
360	7
160	565
155	38
390	14
43	454
403	19
291	599
254	4
481	61
180	574
45	142
554	141
218	12
198	18
466	549
562	446
146	43
227	590
151	560
268	2
331	2
274	2
80	97
356	6
496	73
402	582
479	540
558	147
5	354
163	566
476	58
32	434
242	594
41	451
499	76
507	83
295	1
474	56
3	342
329	598
95	519
12	216
467	549
421	26
47	461
234	592
501	78
392	15
149	41
30	430
389	14
368	8
363	593
301	1
281	1
440	565
459	554
576	417
559	149
180	26
42	453
287	1
387	587
259	597
166	32
149	559
128	545
157	37
250	595
169	31
188	578
397	17
263	3
337	597
406	20
494	528
186	23
22	412
521	98
351	595
339	3
140	553
416	576
185	23
457	555
96	519
417	576
477	58
152	560
586	390
349	5
432	31
340	597
243	594
451	559
504	81
293	599
357	594
50	135
517	507
60	480
480	540
453	558
51	133
74	103
232	592
470	53
469	53
292	1
481	61
334	598
257	4
235	8
150	559
424	27
39	153
310	1
379	11
11	380
35	160
512	512
424	573
327	598
305	599
174	572
534	113
316	1
478	541
287	599
265	597
320	1
83	507
148	558
126	544
151	560
130	547
455	556
60	480
474	544
201	583
397	17
517	507
499	76
84	508
430	570
299	1
485	536
172	29
561	153
397	17
573	424
500	77
314	599
433	32
485	536
376	590
214	587
401	18
94	518
462	552
91	515
344	596
546	471
478	59
507	517
412	22
410	21
124	542
191	579
483	63
587	213
226	590
141	554
287	1
200	582
192	579
235	592
260	597
78	99
70	492
579	190
398	17
376	10
358	6
384	588
438	34
392	15
508	516
293	1
364	593
32	434
55	127
554	141
539	119
490	532
215	587
400	582
329	598
597	258
198	18
433	32
374	590
25	419
537	117
315	599
482	62
455	556
510	86
4	348
9	372
283	1
110	532
540	120
376	590
348	596
209	15
344	596
558	147
576	417
510	86
282	599
86	510
138	552
194	580
388	14
33	164
206	584
469	53
276	599
534	113
489	532
371	591
150	559
212	14
171	570
326	598
576	183
404	19
214	587
86	90
150	41
89	87
342	3
171	570
276	599
273	598
176	573
423	27
226	10
98	79
533	488
206	16
327	2
40	449
133	549
175	572
112	67
475	543
262	3
466	51
303	599
387	13
405	581
521	502
318	1
350	5
306	1
185	23
211	14
525	102
101	524
400	18
548	468
445	38
476	58
6	359
434	568
497	74
13	213
565	440
319	599
298	1
574	178
371	591
345	596
537	117
97	520
365	592
535	486
377	589
12	384
531	491
56	126
239	7
554	459
128	545
289	599
203	17
93	517
225	590
165	33
255	4
182	575
83	93
324	599
180	26
512	88
158	564
54	129
401	582
458	45
446	562
447	39
46	459
507	517
86	510
50	465
34	162
534	487
85	91
336	597
2	266
238	7
163	34
24	417
307	1
40	151
266	598
462	552
541	122
493	529
55	127
94	518
352	595
374	590
559	451
535	486
351	5
184	576
276	599
554	459
481	539
552	138
112	533
177	573
149	559
70	108
39	447
218	588
27	424
363	7
598	334
412	578
247	595
380	11
592	232
271	2
383	12
334	598
13	387
421	26
385	587
362	593
570	430
69	491
480	60
304	1
342	597
228	9
302	599
581	195
456	556
19	405
265	3
167	32
220	11
598	266
279	1
117	537
197	19
129	546
427	571
553	139
273	598
83	507
256	596
39	447
234	592
172	29
434	568
157	563
465	50
584	204
290	1
251	5
363	7
147	42
0	300
34	438
350	5
204	584
488	533
430	570
266	598
372	9
152	560
182	575
57	125
438	566
566	162
440	35
497	74
174	28
499	76
527	496
542	477
268	598
76	499
407	20
82	94
152	40
389	14
325	2
191	579
365	8
14	210
177	573
378	11
95	81
536	485
93	83
471	546
494	528
582	402
508	84
577	185
139	553
118	62
254	596
32	434
312	1
407	580
144	556
594	241
154	562
347	596
382	588
389	14
264	597
540	480
339	3
424	27
290	1
104	527
357	6
95	519
500	523
566	162
491	69
350	5
402	18
551	136
128	545
10	376
100	523
424	573
455	556
261	597
345	596
181	25
158	564
185	577
285	599
205	16
165	567
561	153
324	599
578	412
222	589
437	34
494	528
55	473
428	571
164	567
435	33
338	597
46	459
457	555
478	59
217	12
386	13
144	44
420	26
286	599
20	193
383	588
147	558
101	76
566	438
39	447
397	583
435	33
487	534
35	160
28	174
286	1
183	576
278	599
365	8
369	9
294	599
158	564
23	415
310	599
98	521
461	553
187	577
331	2
543	475
180	26
3	342
112	67
78	99
151	560
436	567
565	160
449	40
278	1
598	266
230	9
522	99
263	597
408	579
184	576
425	28
479	540
158	564
371	591
325	2
200	18
397	583
199	18
295	1
337	3
267	2
33	164
588	216
235	8
33	436
117	63
1	324
544	126
490	532
3	342
47	461
220	11
267	598
3	342
334	598
182	575
187	577
451	559
11	220
285	599
258	597
309	599
107	529
564	158
27	424
267	598
383	588
512	512
539	481
53	130
593	364
62	482
386	587
375	10
283	599
480	540
414	577
462	48
484	64
79	502
5	354
41	451
436	33
519	505
489	532
33	436
84	92
159	564
195	19
483	537
176	573
264	3
394	16
418	575
478	59
99	78
331	2
463	49
63	117
45	458
280	1
467	51
403	19
541	478
323	599
401	18
478	59
474	56
178	574
62	118
287	1
598	334
537	483
539	119
77	500
287	599
253	596
551	464
58	123
67	112
573	176
310	599
178	26
9	228
513	511
295	1
34	162
412	578
268	2
495	527
563	444
137	49
324	1
56	474
534	113
597	342
470	547
39	153
574	422
41	149
60	480
463	49
467	51
496	527
408	21
480	540
411	578
37	156
104	527
212	14
185	577
296	1
434	568
150	41
552	138
359	6
431	31
371	9
582	402
38	446
537	117
66	113
347	4
225	10
438	566
341	597
81	95
143	555
540	480
400	18
67	488
534	487
37	444
111	68
296	599
251	5
234	592
209	585
526	103
169	31
362	7
97	80
257	596
366	8
354	595
561	153
299	599
363	593
203	583
102	525
27	424
498	75
64	115
97	80
113	66
192	579
319	1
306	599
365	592
402	582
541	478
101	524
21	410
105	527
268	598
366	592
509	515
304	1
447	561
118	62
574	422
98	521
514	510
333	598
217	12
342	3
492	70
191	21
27	176
573	424
510	86
562	446
457	45
8	368
418	25
3	342
322	599
476	58
262	597
486	535
394	16
567	436
33	164
309	599
539	119
330	2
466	549
581	405
531	491
286	599
278	1
54	129
418	575
153	39
177	573
441	36
138	552
448	40
257	4
266	598
207	15
396	584
159	564
93	83
191	21
487	66
423	27
186	23
457	45
142	555
508	84
210	586
207	585
182	575
479	540
145	44
549	133
496	73
231	9
124	58
57	475
566	162
216	588
546	129
331	2
421	574
214	587
85	509
124	542
324	1
160	35
103	526
88	88
225	590
535	114
431	31
454	557
144	556
494	528
475	543
220	11
565	160
289	599
165	567
389	586
134	549
272	2
393	585
460	47
204	16
330	2
586	390
56	474
560	151
460	553
522	99
416	24
568	434
418	25
376	10
462	552
449	40
562	154
377	11
390	14
308	1
382	588
529	493
389	586
58	123
223	11
49	136
164	33
138	552
492	530
353	595
83	93
416	576
115	64
236	593
72	494
429	570
316	599
40	151
512	88
203	17
203	17
261	597
530	108
367	8
204	16
67	112
73	104
375	590
183	576
462	48
32	434
404	19
387	587
347	596
557	146
87	89
596	348
106	528
568	166
364	7
342	3
139	553
571	428
483	63
273	598
91	85
393	585
196	581
437	34
366	8
112	533
528	494
461	47
100	77
233	8
93	517
174	572
421	574
556	456
536	115
238	593
71	107
455	556
529	107
375	10
213	587
590	224
180	574
51	467
46	459
545	473
244	6
279	599
30	170
106	72
440	35
522	99
69	491
342	3
72	494
108	70
131	53
417	24
367	592
177	573
350	5
372	591
168	31
270	2
32	166
328	2
194	20
128	55
523	100
474	544
437	566
73	104
134	549
543	125
4	252
60	480
287	599
342	3
210	586
14	390
552	138
139	47
87	89
429	30
28	174
440	565
115	536
522	501
440	565
467	51
455	44
80	503
428	29
380	589
136	551
28	426
73	104
357	594
29	172
133	51
203	583
530	492
38	446
578	412
534	487
137	551
181	25
481	539
307	1
521	98
262	3
348	4
249	5
364	593
464	49
435	33
213	587
118	538
578	412
583	201
452	558
29	172
105	73
410	579
398	17
464	49
191	21
409	579
83	93
3	258
266	2
236	593
63	117
263	3
156	37
498	525
87	89
283	1
495	527
399	583
482	62
583	201
439	35
592	368
290	1
461	47
178	574
443	563
291	599
57	475
104	73
82	506
449	40
176	27
492	530
462	552
379	11
386	13
458	45
205	16
100	523
136	551
329	2
494	72
246	5
80	503
129	54
97	520
471	546
350	5
507	83
161	565
21	190
27	424
437	566
107	529
483	63
336	3
581	405
542	477
204	16
313	599
243	6
35	160
564	442
419	575
241	594
525	498
220	11
479	540
412	22
119	61
364	7
111	68
146	557
386	587
473	55
174	572
179	26
54	129
598	266
10	376
81	95
589	380
460	553
499	524
546	471
453	42
68	490
123	58
162	566
60	120
536	115
221	589
468	548
508	84
248	595
247	5
296	599
294	599
217	588
298	1
379	589
240	7
37	156
246	595
580	407
457	45
87	511
505	81
538	482
489	68
325	598
382	588
465	550
492	530
134	549
320	1
92	84
5	354
52	132
502	79
457	45
117	63
593	236
158	564
82	506
131	53
211	586
388	14
384	588
410	21
217	588
265	3
280	1
136	49
565	160
30	170
359	594
291	1
561	153
136	49
111	68
500	523
316	599
515	91
10	376
53	470
396	584
521	502
107	529
380	11
123	58
234	8
202	583
0	300
133	549
171	30
294	599
64	115
509	515
281	1
50	135
177	573
125	57
140	553
362	7
166	568
380	589
431	31
37	444
183	24
423	27
252	596
10	224
500	77
427	29
585	207
21	410
313	599
54	471
535	114
192	579
26	178
523	100
351	595
36	442
245	6
236	593
509	515
304	1
172	29
24	417
263	3
405	581
474	56
316	599
501	78
50	465
451	559
99	522
264	3
188	22
78	501
440	565
172	571
138	48
244	6
385	13
415	23
89	87
592	368
171	30
314	599
155	562
14	210
370	591
500	523
472	545
142	45
207	585
180	26
111	68
223	11
361	7
102	525
331	598
310	599
23	415
74	497
224	590
103	526
186	577
585	393
44	456
32	166
461	553
129	54
216	12
138	48
318	599
454	557
231	591
337	597
28	174
145	556
364	7
417	576
312	599
131	547
317	1
72	494
102	75
407	20
420	26
337	3
467	51
469	547
57	475
157	563
470	53
3	258
587	387
113	66
473	55
140	47
30	430
68	110
78	99
67	112
180	26
431	31
492	530
158	564
142	45
221	589
153	39
237	593
394	584
522	99
183	576
409	21
284	1
6	241
233	592
55	127
222	11
353	5
388	14
597	258
586	390
126	56
392	585
201	17
12	216
425	28
111	68
215	587
154	562
155	562
402	18
49	464
181	575
410	579
64	485
550	135
312	1
523	500
153	39
69	109
365	592
226	590
372	591
368	8
221	589
462	552
103	526
276	1
126	544
312	599
325	598
421	26
244	594
377	589
94	518
188	22
146	43
145	44
308	1
122	541
280	599
156	563
42	147
124	542
564	158
268	2
109	531
527	496
43	146
148	558
413	23
346	596
471	54
385	587
554	459
56	474
311	1
433	568
384	588
397	583
220	11
141	46
517	93
526	103
592	232
424	27
184	576
27	424
574	178
367	592
9	372
535	114
143	45
520	97
301	1
555	458
345	4
61	481
537	117
296	599
255	596
24	183
412	22
228	9
166	568
326	598
239	7
65	114
467	549
406	580
46	141
243	6
119	539
521	502
509	515
448	40
341	597
209	585
469	53
327	2
448	560
35	440
254	4
275	2
191	21
503	520
341	3
168	569
155	38
12	216
45	142
402	18
525	498
558	147
599	324
306	599
546	129
530	108
428	29
594	359
8	368
174	28
383	588
357	6
256	4
35	440
125	57
346	596
340	3
397	583
110	68
416	576
527	104
335	597
283	599
289	1
186	23
296	1
47	139
560	449
195	19
394	584
64	485
541	478
509	85
455	44
326	598
157	563
52	468
461	553
80	97
412	22
335	597
337	3
131	53
341	597
511	513
165	567
148	42
437	566
316	599
67	488
186	23
5	354
84	508
368	592
375	10
111	532
502	79
212	586
422	26
510	514
208	585
103	526
84	508
416	24
262	3
99	78
0	300
45	458
268	2
118	538
52	468
542	477
24	183
470	53
27	176
448	560
515	91
420	26
475	543
545	127
542	123
76	499
386	587
47	461
71	107
345	596
219	12
502	521
371	9
91	515
272	598
568	166
219	588
66	487
222	589
468	548
433	32
89	513
294	1
305	599
458	555
510	86
488	67
297	599
139	47
518	506
143	555
313	1
509	85
451	559
225	10
101	76
98	79
287	599
590	376
374	590
199	18
160	565
190	21
301	1
498	75
212	586
373	590
599	276
60	480
444	37
329	598
464	551
174	28
458	555
375	10
514	90
85	509
516	92
27	176
45	458
535	486
480	540
462	48
302	1
228	591
8	232
416	576
170	570
160	35
501	78
381	588
25	419
173	571
566	162
537	117
85	509
27	424
176	27
486	65
330	2
346	4
12	216
434	32
549	467
484	64
230	9
540	480
351	595
229	591
289	599
574	178
313	1
300	0
430	30
297	1
375	590
329	598
276	599
189	22
231	591
247	5
262	3
520	97
569	168
257	596
586	390
84	92
190	21
142	555
342	597
403	581
130	547
30	170
35	440
212	14
259	597
212	14
452	558
61	481
145	556
324	1
341	3
288	599
430	30
547	130
373	10
200	18
421	574
500	77
62	118
227	10
173	29
175	28
562	154
415	577
189	578
426	28
245	6
390	586
199	18
442	36
79	98
180	26
390	14
199	18
433	32
165	33
553	461
525	102
396	16
410	21
8	368
199	18
423	27
18	198
60	480
164	567
96	81
186	23
424	573
68	490
55	473
40	449
4	252
330	2
120	540
17	201
454	557
161	565
167	568
536	485
393	585
135	50
83	507
304	599
511	87
255	596
61	481
270	2
192	21
72	106
456	556
114	65
307	1
353	595
488	533
316	599
314	599
87	511
501	522
584	204
544	474
178	574
287	1
460	553
571	428
254	4
120	540
39	447
268	598
525	102
383	12
154	562
459	554
279	1
305	599
264	3
13	213
227	590
320	599
470	547
56	126
149	41
214	13
165	33
379	589
256	596
384	12
557	454
561	153
323	599
420	26
226	590
92	84
478	541
261	597
368	8
243	6
235	592
212	14
256	4
598	334
327	598
150	41
531	109
62	482
96	81
90	514
235	592
408	579
446	38
561	447
54	129
88	512
467	549
382	588
500	523
168	569
309	599
558	453
22	188
64	485
305	599
39	153
223	11
149	559
271	2
402	582
492	530
356	594
322	599
562	446
253	596
533	488
382	12
531	109
476	542
90	514
98	521
230	591
570	430
175	28
118	538
154	38
478	541
545	473
51	467
386	587
327	2
169	31
15	207
67	488
439	35
512	512
184	24
523	500
144	44
106	528
78	99
453	558
168	569
125	57
243	594
42	453
302	599
464	49
348	4
543	475
388	14
190	21
174	572
28	426
269	598
410	21
523	500
128	545
117	537
315	1
341	597
223	11
494	528
247	5
111	68
350	595
495	527
449	40
305	599
467	51
596	348
212	586
66	487
191	21
363	593
407	580
85	91
157	563
482	538
368	592
55	127
266	598
412	578
339	3
484	536
277	599
139	47
579	410
423	573
270	598
204	584
533	112
200	582
384	12
328	598
41	149
133	549
128	545
359	594
2	266
340	3
61	119
284	599
547	470
132	52
112	67
14	210
337	597
497	526
299	1
394	16
477	58
471	54
204	584
172	571
417	24
324	1
248	595
493	71
136	49
376	10
130	547
563	156
288	1
397	17
75	498
430	30
424	573
592	232
489	532
502	521
4	348
216	12
50	135
32	434
222	589
556	456
415	577
72	494
132	548
47	461
259	3
86	510
519	505
309	1
124	58
139	553
87	511
253	596
350	595
426	572
209	15
374	10
348	4
529	107
307	599
52	468
25	419
247	595
524	101
537	117
416	24
461	553
150	41
590	376
225	590
199	18
550	465
65	486
69	491
18	198
136	49
230	591
47	461
253	596
29	172
513	511
354	595
122	59
246	595
575	181
431	569
347	4
391	585
386	587
494	72
591	372
535	114
420	26
225	590
236	593
204	16
152	40
358	6
28	426
386	587
101	524
419	25
226	10
570	170
308	599
562	154
180	26
548	132
527	496
132	52
592	368
103	74
194	580
31	432
184	24
389	14
188	578
170	30
336	597
346	596
212	586
454	557
52	468
396	584
525	102
260	3
213	13
17	201
188	22
411	22
130	547
189	578
263	3
64	485
241	594
227	10
389	586
445	38
573	424
153	39
26	178
244	6
566	162
287	599
33	436
83	507
262	597
485	64
450	41
560	449
280	1
130	547
451	41
148	42
441	36
497	74
481	61
82	506
489	68
363	7
542	123
382	588
168	569
34	162
593	364
63	117
219	588
481	539
27	176
567	436
46	459
71	493
142	555
183	24
296	1
314	1
358	6
246	5
372	9
6	359
545	127
457	555
276	599
318	1
240	7
353	5
142	555
319	1
374	10
306	599
545	473
105	527
357	594
592	232
494	528
351	5
334	598
521	98
361	7
411	22
63	117
527	496
342	3
157	563
340	597
341	597
342	3
155	38
104	527
319	1
90	514
575	181
434	568
556	144
132	52
102	525
195	581
189	578
338	3
589	380
476	542
413	23
52	132
564	442
130	547
560	151
235	592
268	598
4	348
350	5
242	594
402	18
536	115
550	465
126	56
180	574
11	220
293	1
16	396
336	3
472	55
423	573
135	550
441	36
485	64
58	477
295	599
204	16
115	64
311	599
318	599
300	600
452	558
522	501
556	144
107	71
189	22
335	3
408	579
539	481
291	1
365	8
255	4
270	598
24	183
556	144
462	552
203	17
476	542
448	40
548	468
322	1
525	102
565	440
371	9
484	64
402	18
114	535
334	598
477	58
553	461
80	97
490	68
460	553
590	376
370	9
278	599
15	207
221	589
453	558
444	563
258	597
293	1
318	1
480	60
222	589
388	14
304	1
70	492
427	571
87	511
5	246
21	190
48	462
153	39
370	591
184	24
63	117
336	3
133	51
184	576
4	348
53	130
120	60
509	515
228	591
338	3
453	558
285	1
344	596
227	590
441	564
305	599
73	104
567	164
123	542
108	530
363	7
399	583
403	581
133	549
52	468
3	342
333	598
57	475
379	589
105	527
582	402
435	567
515	509
31	168
35	160
359	594
335	3
182	25
222	589
176	27
245	594
559	149
330	2
351	595
173	571
327	598
156	563
12	384
73	104
252	4
306	599
92	516
525	498
95	81
21	190
267	2
293	599
73	496
104	527
185	577
579	190
376	10
112	533
175	28
408	579
569	168
291	1
368	8
191	579
301	599
179	574
138	48
351	595
550	135
50	135
252	596
39	153
584	396
13	387
144	44
66	487
498	75
515	509
136	551
299	599
84	508
13	213
113	534
71	107
129	546
293	599
197	581
327	2
20	407
369	591
74	103
21	190
228	591
54	129
310	1
187	577
329	598
447	561
4	348
129	54
54	471
573	176
574	422
454	557
39	153
494	72
299	599
147	558
210	586
336	597
175	572
245	594
87	89
172	571
383	588
546	471
594	241
445	38
188	22
120	540
53	470
80	503
549	467
130	53
360	7
268	598
455	556
212	14
467	549
177	573
278	599
548	132
120	60
114	65
154	38
25	419
307	1
500	523
301	599
309	599
51	467
535	486
90	86
445	562
456	44
273	598
221	589
589	220
461	47
144	556
342	597
174	28
493	529
398	17
431	569
105	527
86	90
28	426
219	12
26	178
459	554
290	1
295	599
48	462
492	70
210	586
179	26
441	36
445	562
42	453
7	364
128	545
510	514
144	556
304	599
81	95
543	125
150	559
122	541
545	473
513	89
149	559
549	467
584	396
345	596
499	76
65	486
424	27
126	56
511	87
227	10
60	120
480	540
481	539
336	597
284	599
121	60
372	591
103	526
461	553
309	1
318	1
121	540
99	522
539	481
284	599
538	482
329	2
395	584
560	151
423	27
213	13
135	550
549	467
111	532
406	580
60	480
502	521
51	133
39	447
528	494
516	92
295	1
539	119
371	9
279	599
233	592
553	139
304	1
482	538
263	3
191	579
2	334
369	9
131	53
95	519
33	436
467	51
24	417
599	276
252	596
194	580
403	19
202	17
7	364
519	505
580	407
2	334
492	70
208	15
564	158
271	2
579	190
364	593
287	599
367	8
163	34
364	7
209	15
462	48
568	434
65	486
26	178
332	598
21	410
90	86
252	4
236	593
97	80
52	468
177	573
456	44
412	22
562	154
383	12
480	60
536	115
252	4
205	584
538	118
338	597
145	44
29	428
8	368
351	5
15	393
362	7
63	483
522	501
15	393
409	21
468	548
370	9
124	58
81	95
39	447
110	68
410	579
388	586
409	21
258	597
272	2
398	583
143	555
297	599
176	27
467	51
494	72
35	160
188	578
82	506
198	18
221	11
312	599
54	129
106	72
150	41
596	252
105	527
124	58
405	19
241	6
320	1
587	387
62	118
577	415
412	578
254	596
284	1
128	55
349	5
327	2
398	17
7	364
462	552
562	446
507	517
117	537
558	453
13	387
215	587
14	390
371	9
320	1
550	465
166	32
494	72
276	599
470	547
340	597
107	71
389	14
439	35
57	475
319	1
194	580
571	428
360	7
154	562
369	9
320	599
262	597
533	112
69	491
394	16
592	368
451	559
290	599
307	1
185	23
521	98
61	119
406	580
187	577
231	591
430	570
381	12
43	146
302	599
63	117
71	107
239	7
113	534
379	11
334	598
497	74
70	492
266	598
490	68
162	566
404	19
545	127
249	595
65	114
420	26
356	6
225	590
116	536
314	1
270	2
449	40
548	468
187	577
85	91
509	85
195	19
70	492
400	18
145	44
158	564
565	160
394	16
418	25
156	37
531	491
78	501
98	79
254	4
204	584
314	599
523	100
231	9
546	129
302	1
168	569
252	4
36	158
580	407
593	364
307	599
270	2
359	594
93	83
157	37
229	591
270	598
551	464
45	458
186	23
111	532
299	1
159	36
588	216
494	528
327	598
212	586
152	40
301	599
429	30
227	590
482	62
531	491
109	69
143	45
243	6
168	569
61	119
37	156
514	90
36	158
242	594
92	84
357	594
597	342
94	82
84	92
47	139
575	181
562	154
177	573
497	74
83	93
66	487
352	5
195	581
107	71
230	9
462	552
137	49
409	21
141	554
326	598
304	599
61	119
289	1
281	599
575	181
174	28
239	7
533	488
137	49
149	41
118	538
224	10
343	4
471	54
557	146
355	594
264	3
473	55
446	38
457	45
171	30
11	220
111	532
223	589
145	44
576	417
494	72
515	509
461	47
90	514
546	471
407	580
293	1
127	55
358	594
582	198
168	31
296	1
79	502
67	488
223	11
415	577
210	14
262	3
166	568
118	62
449	40
208	585
89	513
68	490
149	41
115	64
513	89
176	27
218	12
196	581
559	149
254	4
359	594
379	589
477	542
599	276
245	594
448	40
442	564
266	2
453	42
37	156
452	558
576	183
189	578
256	596
141	46
553	461
25	419
415	577
8	368
257	596
523	100
507	83
194	20
359	6
333	2
24	183
483	537
10	224
378	589
129	546
556	144
556	456
595	354
5	246
233	8
473	55
238	7
447	39
254	596
286	599
534	487
63	483
459	554
76	101
184	24
547	470
26	178
84	508
113	66
211	586
213	587
569	432
354	5
477	58
290	1
275	2
38	446
103	526
49	136
216	588
344	596
244	594
210	586
139	47
248	5
170	30
504	81
295	1
444	37
284	1
26	422
274	2
392	585
188	22
423	573
428	29
161	35
61	119
311	599
239	593
419	575
201	17
94	518
406	20
448	40
390	586
386	587
320	1
577	185
33	164
330	2
419	25
4	252
445	562
502	521
531	491
78	501
82	506
547	130
178	574
128	545
48	462
70	492
127	545
508	84
83	507
382	12
169	569
511	513
70	492
380	589
283	1
478	541
210	14
315	599
303	599
442	36
70	108
194	580
133	51
470	53
269	598
134	549
11	380
245	594
581	195
411	22
483	63
543	475
340	3
106	528
50	465
202	17
67	488
201	583
541	122
42	453
229	9
320	1
571	428
363	7
158	564
464	551
488	67
587	387
325	598
76	499
341	3
547	130
308	599
497	74
307	1
508	84
492	530
375	590
71	493
260	597
388	14
247	5
84	92
288	1
17	399
28	174
478	541
225	10
356	6
300	0
563	156
201	17
377	589
86	90
130	53
221	11
68	110
20	407
221	589
90	86
251	5
272	598
552	138
417	24
449	40
504	81
17	201
173	29
446	562
219	588
400	18
593	364
465	50
298	1
230	591
172	29
0	300
458	45
567	436
326	2
84	92
327	598
353	5
570	170
184	576
56	474
37	156
332	598
552	462
463	49
315	599
210	586
44	456
7	236
159	564
413	577
124	58
70	492
528	494
574	422
11	220
586	210
597	258
555	458
557	454
398	583
208	15
129	54
538	482
427	29
157	563
489	532
339	3
249	5
465	550
397	583
2	266
341	597
396	16
257	596
36	158
306	1
417	576
364	593
31	168
571	172
187	577
262	3
262	597
436	567
40	151
385	13
218	12
189	578
23	415
458	555
352	5
457	45
203	583
512	512
415	23
569	432
7	236
41	149
312	599
339	597
329	598
145	556
590	224
366	8
305	1
307	1
190	21
221	589
584	396
31	432
213	587
178	574
148	558
285	599
550	465
482	538
120	540
118	538
539	119
132	52
566	162
552	138
377	589
539	119
150	559
192	579
318	599
481	539
262	597
367	592
308	599
468	52
361	7
414	23
525	498
299	599
58	123
132	52
374	590
111	532
568	434
373	590
278	599
172	571
17	399
130	53
166	568
15	393
273	598
173	571
392	15
87	511
217	12
179	574
81	95
229	9
266	598
162	34
184	576
422	574
561	153
514	90
543	125
437	34
27	424
110	68
287	1
59	122
351	5
145	44
181	25
89	513
569	432
587	213
209	15
194	20
242	6
172	571
523	500
180	574
99	522
597	342
591	228
421	574
257	596
491	531
63	483
431	31
431	31
221	11
197	19
398	583
521	98
395	16
520	503
294	1
157	37
335	3
299	1
223	11
258	597
85	91
11	380
123	58
306	599
308	599
87	89
460	47
153	561
140	553
264	3
256	596
493	71
551	464
232	8
143	45
373	590
330	598
413	23
408	21
436	567
355	594
212	14
273	598
438	566
66	113
472	545
382	12
303	1
545	127
290	599
503	520
264	3
54	471
336	3
300	600
195	19
270	2
272	2
145	44
84	92
521	502
291	1
188	22
520	503
2	266
580	193
404	19
311	599
62	482
320	1
257	596
146	557
137	551
22	188
552	138
535	486
38	446
246	595
246	595
426	28
14	210
403	19
186	577
508	84
309	599
195	581
237	7
598	266
1	276
11	220
90	514
67	112
268	2
133	549
24	183
443	563
359	6
155	562
573	424
356	6
391	15
51	133
378	589
129	54
290	599
506	518
299	1
189	22
448	40
427	571
94	518
222	11
51	133
383	588
81	95
100	523
393	15
444	563
221	11
417	24
199	582
577	185
575	419
128	545
37	444
445	562
51	133
79	98
486	65
308	599
113	66
583	399
166	32
68	490
418	575
128	545
356	6
330	598
42	147
103	74
239	7
55	127
125	57
386	13
355	6
366	8
379	589
337	597
523	500
173	29
301	599
268	2
549	133
33	436
183	576
97	520
355	594
108	530
374	590
244	6
222	589
593	236
378	589
598	334
371	9
35	440
514	510
328	598
392	585
555	142
284	599
407	580
108	70
9	228
436	567
463	49
204	16
240	7
481	61
42	147
10	376
20	407
197	19
160	35
590	376
436	567
499	524
542	477
551	464
250	5
521	98
433	32
568	166
495	73
413	23
161	35
101	76
522	501
474	56
1	276
557	146
176	573
218	588
314	1
207	15
306	599
354	595
493	71
31	432
508	84
35	440
8	368
232	592
73	496
364	7
541	478
184	576
50	135
163	34
152	560
385	587
70	108
395	16
447	561
428	571
240	593
133	549
314	599
29	172
270	2
177	27
186	577
188	578
302	1
571	428
435	33
368	592
513	511
424	573
27	424
539	119
170	570
240	7
106	528
58	477
365	8
387	587
442	36
228	591
410	579
30	430
335	597
0	300
233	8
61	481
294	599
321	599
404	581
392	15
318	1
315	1
482	538
344	4
531	491
108	530
120	60
240	593
416	24
30	170
120	60
326	2
306	1
1	324
267	598
97	80
266	598
59	478
288	599
114	65
8	232
489	68
413	23
261	3
130	53
245	594
522	501
559	451
45	142
296	599
35	440
87	89
312	599
438	566
108	530
6	359
286	599
79	502
444	563
161	565
578	412
585	393
572	426
19	195
594	241
9	228
239	7
493	529
549	467
9	372
570	170
272	2
119	539
488	533
306	1
191	579
490	68
335	3
410	21
184	24
101	76
176	573
188	578
257	596
222	11
39	153
61	119
100	523
257	4
82	506
59	122
469	53
272	598
539	481
72	106
448	40
490	532
586	210
238	7
341	597
406	580
60	480
10	224
182	25
334	2
121	60
402	582
109	531
111	68
255	4
529	107
360	7
229	591
194	580
384	12
55	473
193	580
413	23
380	589
266	598
444	563
352	595
300	600
245	594
355	6
177	27
234	592
61	119
330	598
117	63
311	1
569	168
227	590
478	59
384	12
244	594
350	5
155	38
301	1
599	324
240	7
149	559
22	412
505	81
110	68
358	6
310	1
32	166
136	551
298	599
418	575
463	551
520	97
79	98
513	511
208	15
562	446
94	82
314	599
137	49
180	26
233	8
346	4
393	585
525	498
293	1
110	532
281	599
63	117
31	432
467	549
84	508
230	9
536	115
490	68
369	9
496	73
515	91
303	599
22	412
516	508
227	10
383	588
244	6
77	100
160	35
55	473
567	436
111	68
592	368
594	241
181	25
54	129
23	185
177	573
284	1
355	594
49	464
210	14
301	1
104	73
189	578
283	1
61	119
368	592
393	15
517	93
480	60
474	56
394	584
435	567
54	471
237	7
91	85
394	584
297	1
443	563
242	6
497	74
106	72
47	461
240	7
272	2
568	434
184	576
391	585
194	580
506	82
478	59
139	553
268	2
258	3
178	26
436	567
301	1
354	595
71	493
232	8
534	487
568	434
357	6
442	564
153	561
323	1
2	334
128	545
260	597
93	517
201	583
486	535
285	1
456	556
573	424
581	405
180	26
579	190
428	571
280	599
285	1
228	9
510	514
435	33
21	410
94	518
516	92
300	600
474	56
426	572
371	591
4	252
30	170
463	49
529	107
141	46
154	38
163	566
420	574
2	266
444	563
352	5
328	598
235	592
115	64
250	595
423	27
480	60
7	236
414	577
144	556
323	599
28	174
18	198
394	584
81	505
469	547
177	27
103	74
183	24
530	492
318	1
340	3
518	94
292	1
5	354
245	594
320	599
6	241
551	136
243	6
370	591
531	109
124	542
591	372
515	509
388	14
376	590
509	85
161	35
585	393
288	599
284	599
88	512
132	548
180	26
443	37
156	563
59	122
220	589
395	584
123	58
573	424
125	57
457	555
461	47
177	27
227	590
114	65
350	595
380	11
302	599
398	583
80	97
265	597
519	505
63	483
411	578
192	579
105	527
481	61
7	236
25	181
394	584
241	594
142	555
480	540
137	551
24	183
4	252
321	599
383	12
471	54
528	494
42	453
512	512
202	583
538	118
437	566
433	32
223	589
29	172
501	78
49	136
358	6
172	571
382	12
210	586
191	579
206	584
583	201
270	598
137	49
43	146
96	519
356	594
567	164
78	501
86	90
234	592
34	438
507	517
460	553
474	56
84	508
376	10
82	94
319	1
8	232
173	571
119	61
590	224
581	195
93	517
512	512
312	599
274	598
549	467
433	568
108	530
337	597
578	188
248	595
166	32
365	8
357	594
486	65
69	109
101	524
359	594
255	596
198	18
457	555
439	565
591	372
380	589
426	28
57	475
524	499
497	74
515	509
269	2
512	88
307	1
188	22
48	138
54	471
2	266
51	133
596	348
538	482
174	572
171	570
160	35
267	2
307	1
78	501
548	468
138	552
390	14
4	348
523	100
26	178
558	147
156	563
376	10
39	447
334	598
216	12
395	584
489	68
591	372
251	595
235	592
64	115
240	7
195	19
332	598
39	153
72	106
289	1
184	24
586	390
463	49
541	122
71	493
490	68
98	521
428	29
289	1
301	599
486	535
212	14
79	502
0	300
146	43
220	589
367	8
47	461
31	168
430	30
439	35
241	6
553	461
215	587
31	432
14	210
84	508
339	597
329	598
162	34
185	577
475	543
362	593
9	372
432	569
336	597
240	593
123	58
526	103
119	61
83	507
391	15
110	532
252	4
310	1
569	168
481	539
473	545
20	407
517	507
312	599
70	492
541	478
59	122
294	1
288	599
408	579
235	8
328	2
44	456
176	573
256	596
102	525
26	422
482	62
159	36
593	364
132	548
122	59
390	586
389	586
542	123
555	458
159	564
126	56
469	53
46	141
204	584
492	530
594	241
447	39
178	574
160	565
70	492
220	11
120	540
127	55
285	1
375	590
382	588
460	553
221	11
225	10
169	31
63	483
333	598
223	589
59	478
50	465
432	569
495	73
436	33
31	432
417	576
449	40
182	575
445	38
15	393
367	8
114	535
290	1
304	599
327	2
461	553
505	519
383	12
77	500
351	595
595	354
431	31
427	571
113	66
335	3
599	324
28	174
52	132
155	562
581	195
82	506
406	580
26	422
485	536
540	480
469	547
237	7
402	18
372	9
459	46
444	563
545	473
378	11
514	510
453	42
514	510
180	574
439	35
192	21
72	106
328	598
34	438
131	547
358	6
86	90
369	591
321	599
145	44
544	126
457	45
275	2
34	438
178	26
447	561
25	419
403	19
276	599
385	587
239	593
159	36
125	57
519	505
467	51
291	599
527	496
309	1
426	28
481	539
96	519
320	1
424	573
258	597
140	47
518	94
423	27
145	44
389	586
113	66
92	516
220	589
29	172
50	465
311	1
564	158
528	494
399	583
545	473
153	561
565	160
583	201
349	5
288	1
283	599
450	559
369	591
335	3
294	1
179	574
492	530
85	509
289	599
471	546
447	561
500	523
298	1
478	59
334	598
33	436
267	2
287	599
38	154
336	597
581	195
181	25
238	593
362	7
356	6
158	36
295	1
200	582
360	593
519	505
574	178
70	492
383	12
123	58
247	595
443	37
198	18
595	246
33	436
157	37
599	324
293	599
262	597
15	393
458	555
432	569
209	15
357	6
158	564
371	591
591	372
468	52
245	594
27	176
273	598
452	42
53	130
547	470
294	599
423	27
348	4
299	1
387	13
273	2
289	599
403	581
148	558
575	419
159	564
430	30
377	589
282	599
27	424
250	595
340	597
523	500
291	599
116	536
207	585
174	572
502	521
478	541
9	372
449	560
136	49
139	553
543	475
419	575
420	26
239	7
268	2
439	35
514	510
497	74
411	578
120	60
105	527
353	595
441	36
45	458
483	537
340	597
598	266
108	530
357	6
277	1
514	510
256	4
517	93
108	70
338	3
268	598
492	530
376	590
73	496
407	580
276	1
158	564
465	550
151	560
289	1
137	551
66	113
184	576
569	168
81	505
111	532
277	599
62	118
255	4
542	123
499	524
536	485
60	480
318	599
362	593
260	3
399	583
120	60
517	507
418	25
501	522
271	598
318	599
480	540
209	15
458	45
373	590
434	568
75	498
391	15
544	126
99	522
474	544
583	399
513	511
27	176
12	384
567	436
133	549
256	4
250	5
202	17
249	5
158	36
311	1
345	596
597	258
258	3
343	4
597	342
218	12
592	232
106	72
89	513
261	3
514	90
152	40
234	592
260	597
489	68
91	515
520	503
309	599
587	387
114	535
52	468
467	51
213	587
178	26
330	2
474	56
216	588
333	598
70	108
536	485
279	599
61	119
256	4
172	29
180	574
190	579
370	9
321	599
151	40
161	35
86	90
241	6
313	1
45	142
378	589
387	587
346	4
294	1
53	130
415	577
1	324
424	27
545	127
590	376
218	588
483	63
361	7
340	597
158	564
14	210
154	562
384	12
584	204
117	537
339	3
480	540
420	26
268	2
126	56
135	50
505	519
251	5
182	25
553	139
277	1
138	552
201	17
579	410
477	58
588	384
86	90
117	63
596	252
61	119
133	51
17	201
528	106
150	559
435	33
259	3
482	62
141	554
453	558
80	503
68	110
503	520
369	591
105	527
170	30
568	166
354	595
351	5
260	597
87	511
155	562
158	564
152	40
85	509
176	27
372	9
105	73
52	468
498	525
312	1
588	216
257	596
521	98
77	500
560	449
83	507
241	594
94	518
555	142
388	586
448	560
369	9
377	589
485	536
323	1
366	592
582	198
571	172
118	538
47	461
552	138
462	48
275	598
7	236
392	15
326	598
199	18
189	22
431	569
46	459
562	154
264	597
123	542
587	213
477	58
497	526
257	4
300	0
59	122
94	82
474	544
393	585
362	593
147	42
328	2
421	26
569	432
160	565
39	153
533	488
457	45
104	73
414	23
56	474
414	577
534	487
365	592
599	276
125	543
567	436
383	588
292	1
205	16
220	11
247	5
380	589
392	15
431	31
156	563
271	598
192	21
322	1
334	2
284	1
164	567
277	1
136	551
351	5
66	113
271	2
350	595
493	71
588	384
497	74
126	56
100	523
405	581
144	44
393	15
493	529
427	571
506	82
368	592
244	594
548	468
157	37
160	35
308	1
587	213
444	563
304	599
564	158
313	599
475	543
408	579
342	3
14	390
120	60
98	79
293	599
231	9
394	16
82	94
476	542
383	588
467	549
567	436
123	58
128	545
440	35
161	565
403	581
296	599
573	424
355	594
566	438
47	139
586	390
256	4
226	10
45	458
411	22
503	520
324	599
126	544
89	513
448	560
535	486
391	585
324	1
54	471
236	7
560	449
274	598
332	598
481	539
241	6
502	521
330	598
37	156
191	579
188	578
56	474
535	114
70	108
233	8
95	519
563	156
541	122
317	599
453	558
278	599
543	125
226	10
102	525
39	447
86	90
435	567
429	570
70	492
464	49
24	183
147	558
127	55
60	480
542	123
348	596
261	3
251	595
425	572
215	587
153	561
537	117
12	384
492	70
546	471
66	487
317	1
525	102
283	1
39	447
83	93
455	556
178	26
513	89
233	8
264	3
581	405
482	62
146	557
32	434
252	596
337	597
100	523
298	1
180	26
460	553
535	114
57	475
24	183
172	29
253	596
453	42
95	81
166	568
289	599
174	28
387	13
335	3
34	162
277	1
277	1
77	100
591	228
519	95
524	101
546	471
505	81
435	33
565	440
385	13
350	5
121	540
361	593
401	18
18	198
250	5
540	120
15	393
261	597
420	574
553	461
285	599
466	549
477	542
193	580
304	1
11	380
445	38
195	19
59	122
360	593
542	123
179	26
86	90
463	49
373	590
460	47
475	543
242	594
40	449
407	20
13	387
550	465
183	24
580	193
513	511
160	35
68	490
574	422
286	1
439	565
237	593
529	107
102	525
79	98
335	3
525	498
340	597
570	170
226	590
425	572
542	123
126	544
313	599
434	32
27	424
211	14
472	55
476	542
315	1
540	120
14	390
109	69
139	553
403	581
338	3
246	595
200	18
270	2
256	4
195	581
225	590
446	562
27	424
464	551
174	572
93	517
114	535
523	100
149	41
181	25
396	584
367	592
34	438
45	142
574	178
356	594
227	10
365	8
289	599
274	598
108	70
54	471
286	599
341	3
438	566
12	384
12	216
63	483
583	399
86	90
29	172
595	354
519	95
18	198
151	40
509	515
134	549
43	146
542	123
349	595
233	8
141	46
45	458
539	481
132	548
501	78
356	6
385	587
95	81
3	342
488	67
406	20
539	481
345	596
535	486
199	582
580	193
186	577
467	549
174	28
454	557
598	266
260	3
133	549
465	550
434	568
168	31
17	201
494	72
426	28
541	478
273	598
265	3
545	473
138	552
453	558
295	599
517	93
571	172
65	114
79	502
421	26
4	252
465	50
67	112
20	407
187	23
20	193
237	7
261	597
240	593
340	597
564	442
350	595
125	543
442	564
334	598
295	599
447	39
363	593
445	38
66	113
189	22
327	2
220	589
202	17
590	376
214	587
257	4
70	492
181	575
523	500
410	21
388	14
30	430
251	595
58	123
400	582
359	594
156	563
506	82
516	508
354	5
400	18
482	62
87	89
471	546
49	464
15	393
169	31
84	92
444	563
228	9
18	402
6	241
112	67
539	119
80	503
503	520
214	13
323	1
575	419
448	560
432	569
281	599
24	183
421	574
123	58
392	15
188	22
126	544
471	546
443	563
344	4
490	532
419	25
159	564
569	432
147	558
59	478
212	14
303	1
486	65
316	599
475	543
371	591
498	525
108	530
334	2
354	5
318	1
116	64
116	64
281	599
149	559
359	6
324	599
496	73
115	536
154	562
23	185
258	597
86	90
180	574
464	551
281	1
215	13
269	2
317	599
547	130
432	31
288	599
453	558
545	127
222	589
114	535
593	364
308	599
159	36
378	589
268	2
17	399
226	590
9	228
181	25
228	9
291	1
1	324
98	521
421	574
101	524
56	126
53	470
503	80
104	73
132	548
192	579
494	72
130	547
13	213
169	569
406	20
56	474
527	496
73	496
33	164
188	578
335	597
230	9
199	18
285	1
299	1
302	599
308	1
548	132
477	542
166	32
271	598
595	354
62	118
4	252
575	181
382	12
596	252
378	589
150	559
307	599
422	26
196	19
304	1
171	30
100	523
454	43
314	599
544	126
561	447
392	585
533	488
263	3
515	91
92	516
529	107
117	63
23	415
140	553
196	581
220	11
575	181
350	595
459	46
188	22
261	3
1	276
181	25
548	468
271	2
87	511
573	424
304	599
243	6
11	220
382	12
433	568
577	415
274	598
438	566
259	597
94	82
475	543
205	584
416	24
533	112
577	415
365	8
167	32
301	599
501	78
337	597
593	236
272	2
254	4
480	60
327	2
87	511
434	32
144	44
119	61
224	10
420	26
93	83
398	17
578	188
342	597
153	39
254	4
262	3
446	562
19	405
583	399
597	342
186	577
122	541
286	599
134	51
413	23
513	511
290	1
422	26
290	1
178	574
44	144
7	364
133	549
325	598
196	581
580	407
79	502
504	519
360	593
313	1
152	40
117	537
527	104
29	428
21	190
25	419
551	136
80	97
481	539
409	21
420	574
407	580
365	8
212	586
298	1
589	380
481	61
110	68
87	89
50	135
194	20
440	35
412	578
205	16
220	589
451	41
115	536
459	554
351	595
452	42
279	1
391	15
428	571
502	521
120	540
473	545
79	502
101	76
334	2
514	90
596	252
183	24
19	195
555	458
19	195
139	553
492	530
195	581
469	547
3	342
398	17
584	204
486	65
251	5
26	178
202	17
347	596
569	168
59	478
133	51
571	172
165	567
524	101
197	581
568	166
432	569
548	468
177	27
429	570
294	599
275	2
354	595
278	599
589	380
236	593
43	146
565	440
534	113
91	85
128	55
513	511
569	168
486	65
184	24
182	575
298	1
254	4
293	599
394	584
192	21
44	144
505	81
299	599
538	482
54	471
377	589
323	1
346	596
353	5
83	507
14	390
20	193
238	593
32	434
409	579
485	536
391	15
580	407
50	135
597	342
72	494
195	581
492	530
263	597
496	73
108	530
129	546
390	14
527	104
31	168
112	533
184	24
480	540
496	527
422	26
540	480
566	162
435	33
62	118
245	594
88	88
528	106
371	9
574	422
174	572
206	16
18	402
429	30
355	594
97	520
571	428
498	75
403	581
317	599
335	597
70	492
572	174
194	580
192	579
383	588
206	16
200	582
181	25
336	597
405	19
538	118
517	507
435	33
587	387
189	22
305	1
200	18
560	449
223	589
140	553
205	584
124	58
250	595
428	571
317	1
425	28
512	512
64	485
411	22
531	491
222	589
337	597
430	30
385	13
187	577
403	19
212	14
523	500
231	9
58	477
105	73
91	515
518	94
215	13
54	129
78	501
180	26
219	12
76	101
394	584
345	596
312	599
368	592
47	139
372	591
525	498
119	61
296	599
9	228
352	5
280	1
361	593
85	509
299	599
151	560
336	3
94	82
329	2
5	354
229	591
461	47
367	8
147	42
243	6
141	46
589	220
86	510
351	5
523	500
397	17
465	550
309	599
485	536
368	8
520	503
144	44
533	488
86	90
289	599
1	276
285	1
460	47
298	599
252	4
403	581
516	92
424	27
344	596
380	11
507	517
84	508
261	597
425	28
364	7
333	2
325	598
7	236
335	597
586	210
93	517
392	15
118	538
142	45
299	1
165	567
140	553
557	454
407	580
333	2
526	103
155	38
219	12
52	468
139	553
73	104
437	566
263	597
142	555
105	527
130	53
556	144
120	60
191	579
18	402
28	426
8	368
472	55
192	579
347	4
188	22
539	481
265	3
20	407
447	561
364	593
441	36
214	13
283	599
518	94
371	9
115	536
350	5
334	2
184	24
558	453
455	44
93	83
428	571
82	94
151	40
156	563
542	123
295	1
513	511
230	9
93	517
270	2
252	596
235	592
85	509
417	24
341	3
185	23
298	1
286	1
432	569
411	22
346	596
515	509
158	564
60	480
541	122
160	565
213	13
234	592
6	241
362	7
77	100
429	570
264	597
12	216
431	569
150	41
387	587
597	342
254	596
171	570
30	430
142	555
279	1
159	564
492	530
123	58
274	2
468	548
65	486
479	60
520	97
506	518
244	6
394	16
380	11
134	51
164	33
332	598
413	577
582	402
125	57
289	1
416	576
554	459
162	34
100	523
319	599
538	118
258	597
277	599
310	599
499	524
132	52
77	100
82	94
52	468
164	567
327	598
338	3
75	498
310	599
359	6
280	1
370	9
360	593
204	16
31	168
238	7
138	552
190	21
123	58
467	51
6	241
570	170
366	8
331	598
362	7
363	593
415	577
278	1
530	108
560	449
138	552
153	39
496	73
219	12
69	491
209	15
6	359
102	525
30	430
318	599
280	1
101	524
543	475
538	482
421	574
280	599
372	9
57	125
396	16
55	127
298	1
393	585
305	599
326	598
519	95
113	534
63	483
481	61
294	599
435	567
108	70
438	566
490	532
355	594
490	532
303	1
255	596
455	556
66	487
71	493
597	258
55	473
240	7
74	103
559	149
76	101
364	7
503	520
86	510
2	334
453	42
159	564
392	585
239	593
437	566
37	156
453	42
395	584
98	521
541	122
253	4
520	97
456	44
94	82
29	428
218	588
505	81
90	86
569	168
581	405
247	5
371	9
73	104
179	26
438	566
317	1
349	595
365	592
413	23
280	1
571	172
375	10
315	599
21	190
590	376
238	7
283	1
38	154
541	478
395	16
242	594
312	1
292	599
278	1
461	553
185	23
403	581
549	467
478	59
228	591
298	1
309	1
126	56
177	27
567	436
421	26
273	598
287	1
548	132
312	599
407	20
229	9
547	130
425	28
286	599
34	438
547	130
166	32
331	598
234	592
586	210
278	599
264	3
305	599
130	547
301	1
148	558
39	153
390	14
85	509
56	126
68	490
579	190
108	70
190	21
394	16
482	62
475	543
402	582
520	503
274	2
595	246
163	566
491	69
439	565
95	81
120	60
165	567
96	519
494	72
388	14
400	582
498	75
167	568
452	558
377	11
272	2
76	101
61	481
111	532
500	523
570	430
544	126
90	86
68	110
429	570
528	106
398	17
216	12
262	597
529	493
544	126
351	5
350	5
72	106
277	1
295	599
346	4
191	21
455	44
356	6
598	334
215	587
529	493
302	599
36	158
397	583
576	183
541	122
292	599
351	5
10	224
382	588
267	2
94	82
248	595
500	523
398	17
196	581
405	19
305	599
285	599
381	12
158	564
205	584
50	465
191	21
225	10
43	454
489	68
227	10
456	556
377	11
400	18
315	599
317	599
397	583
550	135
444	37
245	594
474	56
109	531
91	85
175	572
171	30
457	555
233	592
20	193
140	553
432	31
281	599
190	21
318	599
473	55
534	487
442	564
298	1
407	20
312	599
504	81
298	1
277	1
453	558
255	596
364	593
338	3
385	587
467	51
328	598
532	490
296	1
521	502
183	576
30	430
385	587
79	98
156	563
427	29
322	1
326	2
468	548
346	4
488	67
81	95
103	74
50	135
254	596
349	595
366	592
381	12
570	430
249	595
333	2
62	118
597	258
381	12
200	582
476	58
321	1
516	508
31	168
127	55
147	42
195	581
219	12
200	582
504	519
82	506
152	560
402	18
161	35
367	8
507	517
549	467
185	577
352	595
516	508
463	49
499	524
183	576
26	422
355	594
454	557
205	16
115	536
516	92
10	376
354	5
299	1
80	97
314	599
104	73
473	545
494	528
98	521
189	22
111	68
162	34
473	545
55	473
505	519
142	555
373	10
247	595
418	575
536	485
211	14
337	3
540	120
73	496
37	156
480	540
78	99
465	550
332	598
267	598
149	41
6	359
349	595
69	109
590	376
323	599
173	29
326	598
423	27
299	1
480	60
252	4
203	583
517	93
131	547
567	164
516	508
62	482
535	114
142	555
473	545
589	380
151	40
404	581
447	39
8	368
430	30
199	18
42	147
417	576
283	1
109	69
91	85
348	4
470	547
78	501
208	585
592	368
338	3
487	66
121	540
524	499
491	531
243	594
574	422
65	114
303	1
521	502
148	42
403	19
583	399
267	2
63	483
505	519
460	553
546	129
335	3
83	93
412	22
333	598
589	220
73	496
252	596
248	595
564	442
304	1
484	64
335	597
458	45
229	9
384	588
162	34
270	598
41	451
180	26
168	31
345	4
533	112
317	1
30	170
111	532
517	93
172	29
94	518
349	595
31	432
371	591
123	58
106	528
218	12
455	44
329	598
303	599
193	580
254	4
599	324
49	464
408	579
432	569
358	6
211	14
203	17
112	67
40	449
30	170
251	5
386	587
84	508
267	598
546	129
260	597
318	599
389	586
75	498
406	580
257	4
50	135
349	5
196	581
478	541
296	1
343	596
432	31
116	64
481	539
19	195
458	555
264	597
577	185
244	594
106	72
555	458
60	480
233	592
26	422
353	5
139	553
18	402
70	108
358	6
573	424
279	1
125	543
169	31
16	396
374	590
271	2
242	6
503	520
548	468
46	141
269	598
474	56
536	485
191	21
158	564
123	542
308	1
16	204
4	252
37	156
37	444
153	561
104	527
189	578
424	573
589	220
445	562
227	590
445	38
591	228
399	583
223	589
54	471
335	3
518	506
110	532
110	532
541	478
369	9
596	348
531	491
18	198
589	220
384	12
53	470
355	594
302	599
309	599
71	107
111	68
18	402
509	85
171	30
134	51
203	583
294	1
576	417
545	473
131	53
214	13
133	549
174	28
334	598
433	568
260	3
467	51
557	454
479	60
26	178
80	503
160	35
96	519
307	1
143	45
128	55
178	26
48	138
117	63
301	599
110	68
418	575
528	106
475	57
328	2
142	45
128	545
84	508
134	51
296	1
136	551
579	190
454	43
274	2
35	440
229	591
105	527
132	548
201	583
167	32
148	558
498	75
593	364
484	536
596	348
35	160
87	511
286	1
391	15
15	393
13	387
202	17
47	139
414	577
19	405
279	1
551	136
301	599
232	592
132	52
229	591
369	9
48	462
406	580
193	20
539	119
246	595
33	436
74	497
204	16
368	8
436	33
69	491
360	7
176	573
560	151
431	31
29	428
327	2
439	35
279	1
194	580
242	6
30	430
367	8
218	12
39	447
173	571
154	562
344	4
398	583
219	12
541	122
354	595
9	372
188	578
7	236
153	561
326	2
365	592
10	224
36	442
481	539
516	508
370	591
226	590
357	6
130	53
2	334
478	541
586	390
482	62
540	480
34	438
269	598
209	15
335	597
151	40
205	16
70	492
560	151
321	1
81	505
208	15
324	599
237	7
357	594
13	387
377	589
347	596
331	598
399	583
546	471
174	28
596	348
534	487
162	566
272	2
71	107
27	176
157	563
41	451
126	544
576	417
268	598
375	590
421	26
114	65
183	24
309	599
196	19
97	80
314	599
101	524
578	412
205	584
402	582
287	1
17	201
528	494
343	4
66	487
279	1
168	31
506	518
432	31
320	1
403	581
93	83
492	70
22	188
474	56
239	7
372	9
203	17
160	565
39	153
432	569
507	83
474	544
574	422
363	593
85	509
191	579
343	4
359	6
440	565
487	534
448	40
491	531
488	67
525	102
520	97
438	34
248	595
223	11
401	18
26	422
566	162
114	65
493	71
260	597
292	1
192	579
249	5
544	474
451	41
131	53
558	453
406	580
391	15
297	599
181	575
346	4
224	10
120	60
9	228
309	599
429	570
344	596
414	577
87	511
248	595
46	141
565	440
14	210
86	90
365	8
231	9
53	130
558	453
380	11
143	555
504	81
359	594
5	246
475	57
516	508
444	37
169	569
513	511
297	1
89	87
190	579
372	591
417	576
484	536
59	478
573	424
376	10
118	62
312	599
348	596
171	30
218	12
105	73
422	574
59	478
42	147
121	540
574	422
521	98
175	572
145	44
502	521
345	596
199	18
280	1
268	598
465	50
566	438
201	17
240	593
80	503
520	97
26	178
314	599
545	127
386	587
25	181
294	599
503	80
70	492
543	475
553	461
313	1
437	34
510	86
570	170
173	29
188	22
469	53
492	530
318	599
490	68
504	81
448	560
247	595
174	28
162	34
541	122
126	544
402	18
100	77
458	555
500	523
76	499
77	100
288	1
426	28
106	72
338	3
362	7
387	13
203	583
428	29
525	498
22	188
506	82
223	11
530	108
195	19
276	1
118	62
145	44
523	100
470	53
242	6
78	501
425	572
353	595
130	547
342	3
61	481
64	485
266	2
216	588
173	29
494	528
550	465
357	6
251	595
219	12
29	428
169	569
324	599
405	19
328	598
138	552
101	76
537	117
145	556
446	38
558	147
289	1
519	95
247	5
432	31
300	0
318	599
79	98
328	2
339	597
169	569
310	1
571	428
231	591
466	51
537	483
50	465
454	43
109	69
322	599
453	558
302	1
171	570
220	11
313	599
574	422
26	422
550	465
84	92
465	50
103	526
573	176
165	567
579	410
478	541
475	543
262	597
412	22
493	529
548	468
76	101
394	584
287	599
173	571
435	33
33	164
77	500
350	5
100	523
428	29
284	1
55	473
536	115
586	210
371	9
179	574
27	424
444	37
387	13
417	24
364	593
83	93
463	49
120	60
521	502
484	64
115	64
168	569
493	71
221	11
431	569
149	559
52	468
159	564
267	2
45	458
299	599
115	64
346	4
166	32
98	521
551	464
105	73
123	58
467	549
96	519
518	506
54	129
490	68
471	546
475	57
84	508
308	599
326	2
242	594
366	592
538	482
538	482
488	67
404	19
445	38
296	1
100	77
585	393
473	545
1	276
222	11
180	26
140	47
167	32
178	26
419	575
229	9
144	44
52	132
215	587
263	597
216	12
100	77
508	84
229	9
368	8
401	18
15	393
557	454
523	100
247	5
392	15
175	28
173	571
347	4
176	27
53	470
460	47
555	458
105	527
410	579
545	127
104	527
402	582
581	405
341	597
309	1
370	591
501	522
558	147
407	580
226	10
211	14
353	5
332	2
542	123
173	571
471	546
254	4
50	465
367	8
418	575
55	127
454	43
537	483
150	41
244	594
243	594
110	68
234	592
252	596
341	597
432	31
414	577
184	24
289	1
383	588
109	69
506	82
542	123
529	107
530	108
424	27
309	599
488	533
300	0
447	39
67	112
577	415
203	583
226	10
228	591
433	568
386	587
338	597
495	73
32	166
285	1
524	101
534	487
575	419
218	588
377	589
132	52
251	595
530	108
103	74
319	1
129	54
566	162
242	6
77	100
122	541
548	468
111	532
296	1
398	583
1	276
597	258
556	144
450	559
405	19
28	426
157	563
556	456
284	1
303	1
204	16
395	584
506	518
35	440
224	590
433	32
59	122
415	23
351	5
587	387
18	402
164	567
332	598
141	554
401	18
557	146
296	599
87	89
75	102
533	488
211	14
173	571
39	153
365	8
201	583
304	1
589	220
476	58
367	8
95	519
544	126
407	20
532	490
275	598
100	77
465	50
403	19
588	216
158	564
209	585
237	7
287	1
545	473
208	15
9	372
96	519
133	51
250	595
150	559
345	596
48	462
506	82
325	2
75	498
343	596
504	81
137	49
450	559
530	108
292	1
8	232
260	597
245	6
217	12
248	5
271	2
499	76
469	547
293	1
439	565
307	599
461	553
167	568
23	415
245	6
339	3
46	141
61	481
307	599
529	493
344	4
312	1
274	2
325	598
46	459
539	481
40	449
461	47
277	599
81	95
101	524
258	597
512	88
368	592
188	22
598	334
72	106
256	596
9	228
575	419
278	599
499	76
577	185
308	599
253	4
292	599
279	599
12	384
162	34
138	48
403	19
572	426
453	558
84	92
58	123
47	139
384	12
283	599
187	23
45	142
100	77
293	1
294	1
199	18
184	576
446	38
332	598
198	582
44	144
494	72
155	38
305	599
103	526
408	21
281	599
53	130
574	422
214	587
598	334
100	77
558	147
224	10
100	77
401	18
39	447
44	456
264	3
184	24
33	164
332	598
200	582
128	545
127	545
381	588
20	407
2	266
392	585
140	47
502	521
312	1
547	470
520	97
348	596
537	483
232	8
253	4
131	53
113	534
475	543
325	598
115	536
43	454
386	587
374	10
415	577
121	540
283	1
528	494
123	58
303	599
105	73
158	564
262	3
533	488
526	103
402	582
312	599
436	567
560	151
538	118
298	1
389	14
245	594
87	511
450	559
599	276
264	3
379	11
174	28
328	2
212	14
352	5
238	7
440	35
541	478
445	562
156	37
467	549
420	26
58	123
76	101
461	553
433	568
320	1
126	56
173	571
152	560
435	567
201	17
292	1
295	1
226	590
576	183
277	599
491	531
539	481
414	23
276	599
120	60
129	54
291	599
529	493
568	166
72	106
334	2
236	593
304	599
36	158
314	1
416	24
64	115
367	8
451	41
473	55
337	3
442	36
144	44
448	560
54	129
217	12
288	1
419	25
21	190
65	486
39	153
207	15
373	590
363	593
527	104
320	1
288	1
168	569
289	1
525	498
336	3
572	426
180	574
478	541
555	458
45	458
98	79
167	32
552	138
226	10
527	104
117	63
296	599
310	599
99	522
13	387
264	597
588	216
245	6
153	561
508	516
34	162
183	24
548	468
451	41
592	368
478	541
371	9
471	54
512	512
81	95
203	583
451	41
69	491
295	599
231	9
445	562
237	593
363	593
418	25
251	5
185	577
537	117
230	591
39	153
442	36
312	1
405	19
437	566
195	581
575	419
470	53
34	438
475	543
369	9
580	407
340	3
385	587
171	30
348	596
326	598
168	31
307	1
477	58
554	141
354	5
328	2
55	473
438	34
487	534
254	596
574	178
274	2
525	498
369	9
343	4
102	525
550	135
398	583
239	593
174	28
511	87
271	2
385	13
55	473
413	23
293	599
222	11
161	35
207	15
413	23
307	599
228	9
41	149
286	599
168	569
197	581
245	594
207	585
598	266
400	582
569	432
419	25
254	4
69	491
325	598
478	541
550	465
276	1
540	480
486	535
452	42
226	10
168	31
508	84
594	241
228	9
431	31
35	160
226	10
57	125
130	53
21	190
394	584
178	26
554	459
163	566
135	50
379	11
588	216
147	558
498	75
513	89
308	599
425	28
320	599
99	522
490	68
520	97
307	599
106	528
441	36
568	434
20	193
347	4
501	78
431	31
90	514
505	81
210	14
98	79
234	592
309	1
82	94
115	64
479	60
0	300
573	424
481	539
368	592
29	428
143	45
389	586
62	118
353	595
215	587
1	276
460	553
261	597
596	252
297	599
344	596
408	579
40	151
235	8
590	376
70	492
103	74
568	166
225	10
494	528
382	12
538	482
444	37
429	30
85	509
302	1
290	1
221	11
351	595
409	21
403	581
219	12
167	568
325	2
224	590
170	30
259	597
18	402
588	384
298	599
330	2
543	475
74	103
237	7
39	447
48	462
267	598
342	597
397	17
239	7
511	87
362	7
490	68
581	195
488	533
112	533
478	59
463	551
116	536
402	18
35	440
491	531
490	532
116	536
116	64
354	5
257	4
338	597
263	3
166	32
558	453
483	63
77	100
162	34
540	120
242	594
495	527
103	526
467	549
65	114
264	597
299	599
395	584
229	9
567	164
113	66
536	115
143	555
171	570
541	478
221	11
23	415
383	12
591	372
227	10
424	573
357	6
445	562
409	579
169	569
221	589
354	595
586	390
408	579
277	1
196	19
548	468
94	518
319	1
479	60
229	9
159	564
488	67
228	9
206	16
153	561
76	101
286	1
585	207
25	181
293	1
105	527
317	599
155	562
387	13
172	571
302	599
113	66
595	354
13	387
135	50
128	55
554	459
369	591
89	513
296	1
33	436
562	154
427	571
426	28
192	21
25	181
498	75
289	599
212	14
36	158
79	98
436	567
267	598
182	575
94	518
120	540
84	92
179	574
355	594
471	546
433	568
514	90
316	1
381	588
358	594
259	597
419	25
31	432
457	555
145	44
283	1
468	548
497	74
567	164
248	5
334	598
482	538
84	508
513	511
487	534
261	3
584	396
191	579
486	535
225	590
86	90
405	581
585	393
255	596
266	2
527	104
530	492
231	591
370	9
485	64
261	3
493	71
415	23
215	13
133	549
440	565
90	86
448	560
468	548
263	597
513	511
116	64
441	564
380	589
353	5
11	380
209	585
266	598
419	575
566	438
360	593
569	168
385	13
39	153
407	20
14	210
255	4
331	598
278	1
253	596
364	7
488	533
160	35
193	20
360	7
305	599
43	454
432	569
406	580
247	595
319	1
305	1
89	87
199	582
476	58
407	580
136	551
384	12
342	597
117	537
11	380
219	588
538	482
521	98
109	531
299	599
152	40
43	146
474	544
436	567
592	368
156	563
208	585
110	532
535	114
257	596
47	139
561	153
297	1
352	5
459	46
16	396
14	390
464	551
446	562
96	519
254	596
314	1
24	417
519	505
119	61
363	7
417	24
351	595
292	599
121	540
555	142
594	241
572	426
500	77
66	113
485	536
571	172
572	174
133	549
495	73
457	555
439	565
492	70
528	494
390	586
353	5
289	599
364	7
96	81
507	517
465	550
104	527
393	15
214	13
474	544
81	95
67	488
183	576
396	584
210	14
597	342
91	85
554	459
412	578
101	524
81	95
576	417
388	586
445	562
364	593
84	508
226	590
128	545
88	88
270	2
62	118
283	599
450	559
513	89
339	597
438	34
387	13
314	1
198	18
506	518
67	112
374	10
14	210
339	597
215	13
45	458
315	1
461	553
196	581
475	543
320	1
305	599
387	587
91	515
490	532
590	376
149	41
228	9
504	519
297	599
519	505
182	25
91	85
55	473
93	517
443	37
141	46
480	540
175	28
432	569
235	592
452	42
424	573
531	109
61	119
31	168
204	584
140	47
586	390
470	547
559	451
462	552
519	95
376	10
210	14
212	586
438	566
527	104
119	539
14	390
345	596
511	87
386	13
379	589
470	53
284	599
327	2
527	496
521	502
541	478
496	527
468	548
495	73
357	594
294	1
122	541
439	565
406	580
461	47
192	21
105	527
381	588
90	86
58	123
256	4
155	562
182	575
515	509
434	32
440	565
489	532
58	477
236	7
216	12
65	114
54	129
72	494
423	573
587	213
436	567
520	97
334	2
94	518
485	536
466	549
69	491
461	47
498	75
275	598
169	569
571	428
370	9
358	6
61	119
62	482
184	576
260	3
586	210
134	51
87	511
419	575
561	447
100	77
383	588
265	3
468	52
565	440
183	24
176	27
459	554
79	502
482	538
393	15
203	17
576	417
76	499
267	2
134	549
180	574
324	1
122	59
23	185
285	1
330	598
274	598
292	599
282	1
119	539
139	553
28	174
466	51
137	551
451	41
569	168
40	151
334	2
146	43
69	491
526	497
101	76
15	393
62	482
500	523
379	589
21	190
307	1
272	2
345	596
498	75
502	521
12	384
448	40
508	516
273	2
60	120
111	532
348	4
531	109
191	21
360	7
324	1
538	482
36	442
137	551
274	598
40	449
268	598
382	588
269	598
297	1
212	14
465	550
548	468
24	417
401	18
332	598
108	530
135	550
387	587
196	19
344	596
381	12
452	42
557	454
320	599
55	473
16	396
242	6
501	78
457	45
301	1
483	63
248	5
340	3
450	559
358	6
112	67
528	494
561	447
560	449
354	595
168	31
278	1
355	6
497	526
331	598
127	55
88	512
373	590
470	53
347	4
84	92
101	76
84	508
37	156
548	132
399	17
304	1
153	561
58	123
532	490
240	7
219	12
127	55
423	27
593	364
180	574
449	560
356	594
535	486
166	32
212	586
187	577
147	558
541	478
410	21
267	2
212	586
453	42
381	588
17	201
473	55
176	573
489	68
97	520
243	6
191	579
85	509
337	3
269	598
438	34
488	67
490	532
565	440
370	9
221	11
232	8
546	471
379	589
137	551
447	561
213	13
372	9
490	532
134	51
578	188
576	183
7	236
277	1
414	23
253	596
316	1
144	556
424	573
354	595
340	597
395	584
337	3
321	599
495	527
93	517
14	210
391	15
44	456
519	95
83	507
441	564
149	559
84	92
463	49
223	589
135	50
40	151
76	499
35	160
121	60
299	599
525	498
400	18
74	103
253	4
255	4
212	586
444	37
201	583
426	28
384	12
253	596
348	4
176	27
132	52
371	9
220	11
538	118
550	465
181	575
491	531
511	87
578	188
206	584
290	1
55	473
48	138
267	2
440	565
257	4
370	9
297	1
83	93
19	195
213	587
130	53
420	26
176	573
13	213
214	13
477	58
80	97
67	112
140	553
523	500
5	354
544	474
224	590
405	19
314	1
281	1
516	508
133	549
348	596
498	525
433	568
332	2
243	594
221	589
300	0
567	164
359	594
162	34
307	1
302	599
132	548
486	65
495	73
545	127
280	1
382	12
378	589
163	566
362	7
250	595
224	590
425	28
474	544
180	26
311	1
577	185
29	428
168	569
304	1
37	156
504	81
124	542
597	342
311	1
458	555
503	520
195	19
52	132
580	407
379	589
303	599
523	500
2	266
436	33
43	146
181	575
200	18
96	519
159	36
524	101
367	592
470	547
170	30
350	5
455	44
169	569
128	545
264	597
253	4
4	348
146	43
100	77
52	468
318	1
52	132
462	48
373	10
437	566
16	396
576	183
289	599
548	468
357	594
307	599
466	549
542	123
380	589
496	527
216	588
154	38
542	477
96	519
216	588
127	55
417	576
233	8
284	1
207	585
298	599
225	590
247	595
293	1
330	598
274	2
463	551
336	597
395	584
103	74
236	7
400	582
146	43
555	142
181	25
510	86
196	19
70	108
527	104
141	554
386	13
489	68
239	593
357	6
63	117
574	422
372	591
356	6
494	528
131	53
216	588
573	176
238	7
293	1
118	538
275	598
560	449
423	573
42	147
588	216
109	69
34	438
270	2
199	18
282	1
436	33
569	432
8	368
197	19
307	599
207	15
225	590
14	210
345	4
222	589
408	579
73	496
431	569
276	599
230	9
529	107
91	85
284	599
171	30
388	586
268	2
440	565
557	146
587	213
50	465
349	5
71	107
328	598
120	540
444	563
364	7
31	168
420	574
429	570
371	591
343	596
171	30
83	507
545	473
296	1
79	98
204	16
21	190
5	246
339	597
488	533
44	144
377	11
354	595
231	591
235	592
235	592
189	578
485	64
299	599
51	133
524	499
39	153
204	584
316	1
553	139
333	2
108	70
210	586
426	572
352	5
183	576
483	63
222	11
122	59
254	4
80	503
356	6
50	135
233	8
58	477
209	585
335	597
200	582
319	599
160	565
42	147
571	428
124	58
417	576
534	487
335	3
242	6
140	47
225	590
281	1
458	555
109	69
18	402
498	75
83	93
495	527
571	428
427	571
521	98
435	33
589	380
480	60
61	481
424	27
168	569
95	81
345	596
385	13
50	135
175	572
402	18
316	599
301	1
403	581
118	538
463	551
211	14
278	599
509	515
19	195
83	93
135	550
58	123
195	581
331	598
44	144
33	164
123	58
485	64
544	126
104	73
275	2
108	70
382	12
335	597
98	521
78	501
517	507
298	1
517	507
329	2
564	158
75	102
383	588
351	595
548	468
162	566
448	560
84	92
211	14
559	149
337	597
444	37
261	3
12	216
428	29
263	3
587	387
117	63
141	46
215	13
149	41
129	54
21	410
342	3
9	228
408	579
171	570
403	19
572	174
596	348
571	428
443	37
133	549
146	43
113	66
425	28
558	147
384	12
564	158
72	494
324	1
430	570
357	594
325	598
268	2
367	592
599	324
351	595
526	497
574	422
430	570
201	583
107	71
411	578
26	178
532	490
585	393
478	541
579	190
559	451
219	588
536	485
524	101
337	597
434	32
190	21
513	89
331	598
249	5
583	201
58	123
416	576
26	178
171	30
176	27
93	83
316	1
340	597
237	593
51	133
462	552
102	75
214	13
530	108
330	598
63	117
314	599
406	20
133	549
113	534
73	496
427	29
339	3
94	82
519	95
194	580
189	22
192	579
64	485
556	144
308	1
544	126
267	2
467	549
308	1
493	71
146	557
325	2
484	536
290	1
542	123
98	521
19	195
282	1
460	553
467	51
282	599
389	14
508	516
435	33
437	34
315	1
174	572
367	592
523	500
221	11
461	553
375	10
524	499
72	494
198	18
572	426
88	512
467	51
319	599
578	412
483	537
261	597
578	412
245	6
157	563
154	38
129	546
413	23
452	558
437	34
193	580
396	16
242	594
37	156
313	1
268	2
547	470
521	502
465	550
459	554
237	7
469	547
309	1
560	449
423	573
405	581
450	559
181	575
252	596
191	579
405	581
13	387
375	590
531	491
393	585
252	596
502	521
107	529
79	502
132	548
242	6
285	599
20	407
532	110
186	577
222	11
8	368
216	588
557	146
190	21
467	51
94	82
590	224
128	545
553	139
396	584
199	18
120	540
60	120
429	570
393	15
509	85
598	334
27	176
271	2
166	568
166	568
395	584
577	185
127	55
311	1
486	535
340	3
163	566
422	26
188	578
236	7
448	40
10	224
320	599
547	470
176	573
508	84
249	595
569	432
116	536
110	532
580	193
220	589
1	324
398	17
581	405
343	596
268	598
449	40
237	7
148	558
95	519
82	506
74	103
291	599
412	22
466	549
316	599
475	543
366	592
447	561
363	593
102	75
60	480
343	4
292	1
423	573
496	527
275	598
291	1
428	29
138	552
151	40
328	598
293	599
599	276
486	535
268	598
573	176
197	581
343	596
282	1
254	4
158	564
117	63
120	540
191	21
130	547
344	4
13	387
231	9
487	66
334	2
82	94
560	449
98	521
126	544
267	2
390	14
229	591
113	534
533	112
456	44
361	7
306	599
471	546
83	507
266	2
556	144
171	30
436	567
248	595
152	560
571	172
92	84
434	32
110	532
198	18
83	93
418	575
8	368
314	1
471	54
237	7
284	1
505	519
179	574
58	123
408	579
430	30
275	598
48	462
390	586
415	23
36	158
194	20
119	61
218	588
262	3
548	132
298	1
457	45
475	57
180	26
371	9
64	115
239	7
563	156
230	9
251	5
151	560
444	37
115	536
379	589
500	523
306	599
193	580
447	561
463	551
523	100
293	599
469	53
356	594
312	1
529	107
528	106
393	15
36	158
136	49
216	12
245	6
83	93
534	487
87	89
203	17
394	16
561	447
400	18
510	514
507	83
268	2
376	590
117	537
87	89
577	185
439	565
158	36
107	529
564	158
461	553
3	258
518	94
196	19
247	595
74	103
359	6
499	76
25	419
22	412
584	204
419	575
90	86
433	32
567	436
448	560
373	10
588	384
434	32
346	596
196	581
586	210
80	97
569	432
45	458
458	45
380	589
425	572
15	393
52	132
371	9
414	577
187	23
400	582
250	5
486	65
77	500
492	530
19	195
19	195
473	545
13	387
350	595
120	540
272	2
266	2
90	514
433	32
51	133
493	529
387	13
573	176
156	37
363	7
203	583
221	11
449	40
161	35
51	467
252	4
490	532
295	599
504	81
550	465
248	5
590	376
584	204
531	491
510	86
115	64
596	348
579	190
129	54
107	529
502	521
128	545
25	181
431	31
569	432
297	1
32	434
151	40
582	402
355	6
543	125
256	596
499	76
40	449
509	85
512	88
403	581
177	573
442	36
286	1
10	376
309	599
589	220
292	1
24	183
554	141
491	69
487	534
107	71
56	126
329	2
539	481
303	599
451	41
302	1
249	5
111	68
279	599
492	530
530	108
242	594
99	522
262	3
322	599
121	60
297	1
137	551
168	569
29	428
545	473
500	77
90	86
235	8
59	478
537	117
307	1
49	136
260	3
324	1
279	1
120	60
525	102
329	2
379	589
473	55
393	15
471	546
15	207
266	598
492	530
545	127
317	1
320	599
359	594
360	7
281	1
428	571
424	27
60	480
576	183
504	81
252	4
307	1