0	454
0	263
0	538
0	571
0	436
0	30
0	202
0	414
0	213
0	499
0	572
0	54
0	171
0	407
0	119
0	69
0	590
0	80
0	431
0	85
0	322
0	285
0	349
0	480
0	4
0	77
0	302
0	410
0	476
0	325
0	433
0	387
0	389
0	181
0	129
0	525
0	407
0	301
0	162
0	350
0	302
0	377
0	177
0	266
0	523
0	86
0	124
0	393
0	48
0	464
0	1
0	136
0	505
0	521
0	203
0	143
0	222
0	456
0	46
0	519
0	397
0	124
0	52
0	477
0	572
0	548
0	248
0	327
0	540
0	44
0	359
0	353
0	273
0	46
0	214
0	196
0	534
0	290
0	263
0	389
0	293
0	243
0	29
0	550
0	308
0	40
0	527
0	555
0	43
0	180
0	458
0	250
0	450
0	155
0	486
0	192
0	32
0	505
0	90
0	164
0	286
0	80
0	300
0	259
0	505
0	317
0	369
0	239
0	166
0	0
0	354
0	20
0	489
0	159
0	439
0	393
0	582
0	574
0	126
0	255
0	208
0	180
0	284
0	18
0	223
0	341
0	156
0	576
0	252
0	592
0	477
0	458
0	105
0	60
0	101
0	599
0	115
0	348
0	356
0	111
0	265
0	171
0	315
0	579
0	191
0	158
0	379
0	223
0	171
0	93
0	506
0	96
0	488
0	278
0	177
0	168
0	536
0	318
0	449
0	515
0	501
0	116
0	283
0	581
0	208
0	4
0	486
0	106
0	579
0	165
0	419
0	505
0	282
0	496
0	221
0	534
0	411
0	61
0	533
0	594
0	310
0	420
0	377
0	410
0	352
0	36
0	92
0	105
0	10
0	179
0	225
0	243
0	6
0	387
0	273
0	55
0	177
0	117
0	540
0	199
0	468
0	493
0	12
0	143
0	213
0	10
0	309
0	224
0	210
0	496
0	576
0	320
0	381
0	340
0	159
0	360
0	251
0	139
0	579
0	458
0	495
0	543
0	240
0	212
0	204
0	496
0	251
0	133
0	39
0	75
0	234
0	523
0	234
0	569
0	225
0	207
0	93
0	166
0	85
0	230
0	240
0	3
0	193
0	372
0	491
0	483
0	30
0	543
0	46
0	264
0	240
0	53
0	188
0	543
0	515
0	427
0	362
0	374
0	572
0	220
0	542
0	232
0	4
0	394
0	323
0	35
0	207
0	580
0	24
0	599
0	315
0	123
0	120
0	418
0	76
0	123
0	524
0	260
0	404
0	467
0	180
0	301
0	232
0	248
0	14
0	470
0	133
0	204
0	333
0	579
0	121
0	567
0	50
0	466
0	15
0	335
0	80
0	32
0	394
0	154
0	337
0	401
0	578
0	245
0	574
0	561
0	445
0	103
0	516
0	108
0	380
0	63
0	450
0	583
0	198
0	150
0	399
0	393
0	435
0	451
0	552
0	17
0	446
0	458
0	439
0	373
0	174
0	568
0	239
0	276
0	198
0	293
0	204
0	97
0	447
0	222
0	288
0	108
0	543
0	285
0	287
0	206
0	571
0	200
0	140
0	450
0	576
0	459
0	148
0	291
0	415
0	347
0	392
0	501
0	7
0	329
0	449
0	100
0	517
0	246
0	548
0	379
0	382
0	481
0	29
0	42
0	397
0	450
0	23
0	271
0	415
0	474
0	73
0	583
0	163
0	418
0	525
0	433
0	536
0	148
0	130
0	504
0	159
0	65
0	73
0	427
0	48
0	368
0	4
0	347
0	256
0	256
0	370
0	344
0	495
0	66
0	584
0	328
0	168
0	486
0	369
0	509
0	305
0	89
0	430
0	58
0	506
0	360
0	513
0	282
0	211
0	99
0	307
0	557
0	446
0	145
0	574
0	455
0	412
0	51
0	572
0	143
0	156
0	336
0	150
0	113
0	221
0	381
0	137
0	16
0	276
0	230
0	42
0	452
0	513
0	598
0	266
0	419
0	220
0	439
0	341
0	184
0	45
0	542
0	325
0	277
0	505
0	142
0	403
0	549
0	136
0	511
0	5
0	347
0	52
0	531
0	483
0	1
0	12
0	421
0	508
0	534
0	518
0	318
0	309
0	38
0	371
0	141
0	41
0	583
0	99
0	130
0	61
0	254
0	186
0	352
0	34
0	60
0	195
0	597
0	173
0	17
0	152
0	391
0	219
0	355
0	260
0	116
0	438
0	307
0	71
0	390
0	277
0	420
0	425
0	345
0	87
0	241
0	586
0	154
0	488
0	1
0	477
0	182
0	292
0	202
0	397
0	37
0	496
0	327
0	64
0	361
0	80
0	519
0	400
0	327
0	499
0	516
0	136
0	288
0	314
0	332
0	172
0	316
0	272
0	240
0	457
0	348
0	92
0	495
0	467
0	586
0	41
0	574
0	429
0	463
0	494
0	422
0	11
0	593
0	409
0	514
0	172
0	351
0	183
0	571
0	252
0	131
0	287
0	474
0	109
0	403
0	236
0	121
0	285
0	179
0	305
0	222
0	162
0	490
0	478
0	245
0	274
0	471
0	313
0	145
0	200
0	153
0	128
0	375
0	160
0	496
0	11
0	112
0	548
0	427
0	47
0	320
0	503
0	479
0	556
0	223
0	222
0	0
0	472
0	244
0	327
0	95
0	36
0	145
0	9
0	16
0	316
0	39
0	435
0	383
0	12
0	327
0	360
0	319
0	414
0	313
0	584
0	111
0	504
0	197
0	539
0	65
0	187
0	508
0	278
0	159
0	574
0	513
0	495
0	52
0	464
0	282
0	429
0	133
0	189
0	125
0	81
0	138
0	376
0	297
0	553
0	349
0	150
0	114
0	443
0	270
0	43
0	168
0	479
0	488
0	574
0	301
0	45
0	476
0	559
0	465
0	589
0	144
0	34
0	492
0	157
0	83
0	459
0	223
0	533
0	223
0	96
0	463
0	174
0	108
0	78
0	543
0	329
0	597
0	516
0	193
0	309
0	369
0	244
0	488
0	168
0	337
0	368
0	469
0	326
0	425
0	177
0	85
0	263
0	588
0	282
0	99
0	35
0	408
0	163
0	127
0	129
0	411
0	537
0	338
0	165
0	409
0	323
0	77
0	455
0	419
0	312
0	61
0	32
0	54
0	380
0	469
0	360
0	61
0	346
0	25
0	155
0	523
0	50
0	82
0	290
0	377
0	323
0	410
0	261
0	520
0	396
0	454
0	598
0	492
0	117
0	123
0	313
0	150
0	371
0	286
0	47
0	252
0	120
0	556
0	522
0	222
0	464
0	395
0	139
0	248
0	239
0	195
0	503
0	543
0	169
0	437
0	320
0	146
0	362
0	182
0	352
0	207
0	475
0	199
0	104
0	94
0	78
0	573
0	470
0	454
0	49
0	456
0	237
0	386
0	286
0	314
0	382
0	480
0	451
0	366
0	277
0	110
0	445
0	370
0	310
0	241
0	256
0	66
0	422
0	587
0	113
0	482
0	494
0	152
0	380
0	208
0	242
0	94
0	217
0	52
0	424
0	422
0	233
0	77
0	204
0	539
0	471
0	250
0	17
0	502
0	410
0	1
0	545
0	323
0	527
0	567
0	581
0	108
0	499
0	277
0	128
0	240
0	421
0	539
0	165
0	448
0	210
0	172
0	42
0	230
0	419
0	37
0	164
0	538
0	129
0	491
0	73
0	562
0	280
0	144
0	453
0	141
0	409
0	18
0	236
0	28
0	385
0	456
0	431
0	485
0	271
0	250
0	409
0	422
0	491
0	60
0	329
0	387
0	330
0	86
0	202
0	148
0	342
0	43
0	301
0	381
0	186
0	284
0	136
0	499
0	51
0	97
0	472
0	432
0	426
0	123
0	234
0	68
0	143
0	17
0	304
0	144
0	167
0	68
0	591
0	223
0	509
0	529
0	52
0	284
0	391
0	67
0	23
0	194
0	103
0	547
0	391
0	252
0	66
0	429
0	509
0	586
0	174
0	480
0	261
0	564
0	444
0	257
0	455
0	102
0	573
0	452
0	180
0	393
0	592
0	265
0	52
0	265
0	97
0	375
0	140
0	256
0	558
0	384
0	580
0	246
0	75
0	312
0	495
0	491
0	501
0	570
0	300
0	59
0	331
0	265
0	113
0	53
0	553
0	137
0	327
0	96
0	46
0	520
0	72
0	291
0	102
0	556
0	229
0	15
0	98
0	57
0	164
0	58
0	242
0	55
0	199
0	275
0	500
0	14
0	592
0	573
0	382
0	143
0	416
0	291
0	40
0	345
0	391
0	254
0	437
0	93
0	597
0	86
0	152
0	430
0	143
0	138
0	348
0	200
0	85
0	549
0	547
0	36
0	593
0	448
0	56
0	405
0	370
0	414
0	24
0	90
0	486
0	327
0	258
0	456
0	342
0	589
0	96
0	532
0	571
0	341
0	37
0	322
0	422
0	578
0	206
0	116
0	573
0	588
0	582
0	514
0	74
0	199
0	578
0	155
0	549
0	124
0	571
0	398
0	202
0	401
0	529
0	15
0	421
0	349
0	412
0	57
0	82
0	228
0	510
0	100
0	177
0	395
0	325
0	228
0	334
0	321
0	325
0	310
0	303
0	155
0	313
0	87
0	358
0	378
0	249
0	450
0	70
0	194
0	240
0	254
0	427
0	474
0	261
0	458
0	74
0	235
0	345
0	286
0	191
0	454
0	80
0	559
0	278
0	423
0	464
0	414
0	201
0	104
0	31
0	199
0	464
0	27
0	521
0	49
0	486
0	336
0	430
0	478
0	352
0	455
0	426
0	224
0	448
0	43
0	222
0	14
0	160
0	540
0	429
0	146
0	483
0	582
0	577
0	105
0	317
0	555
0	483
0	390
0	2
0	34
0	585
0	379
0	444
0	114
0	569
0	317
0	486
0	263
0	28
0	234
0	29
0	71
0	102
0	178
0	479
0	74
0	538
0	320
0	579
0	244
0	434
0	347
0	496
0	57
0	260
0	381
0	122
0	339
0	81
0	263
0	503
0	347
0	447
0	255
0	231
0	522
0	526
0	175
0	266
0	266
0	399
0	459
0	315
0	142
0	303
0	303
0	522
0	434
0	284
0	202
0	160
0	464
0	567
0	403
0	51
0	153
0	495
0	39
0	105
0	117
0	159
0	132
0	138
0	535
0	5
0	422
0	110
0	119
0	547
0	27
0	189
0	77
0	442
0	460
0	309
0	575
0	586
0	74
0	206
0	447
0	207
0	547
0	554
0	524
0	318
0	176
0	80
0	316
0	117
0	68
0	511
0	587
0	104
0	3
0	551
0	306
0	599
0	388
0	260
0	127
0	101
0	541
0	100
0	252
0	323
0	369
0	256
0	423
0	571
0	81
0	303
0	134
0	9
0	596
0	269
0	380
0	307
0	260
0	226
0	452
0	442
0	431
0	575
0	409
0	432
0	326
0	508
0	584
0	145
0	558
0	29
0	571
0	503
0	376
0	371
0	451
0	37
0	399
0	502
0	337
0	413
0	270
0	192
0	345
0	141
0	587
0	509
0	59
0	99
0	356
0	119
0	223
0	10
0	573
0	541
0	541
0	421
0	355
0	515
0	254
0	416
0	127
0	253
0	474
0	118
0	138
0	54
0	311
0	44
0	210
0	581
0	506
0	116
0	142
0	574
0	526
0	295
0	60
0	407
0	446
0	186
0	364
0	537
0	520
0	97
0	561
0	318
0	313
0	385
0	44
0	74
0	375
0	118
0	300
0	241
0	430
0	45
0	358
0	96
0	370
0	100
0	92
0	344
0	318
0	382
0	293
0	221
0	479
0	242
0	138
0	254
0	25
0	51
0	32
0	221
0	204
0	3
0	223
0	101
0	289
0	320
0	158
0	3
0	439
0	376
0	520
0	228
0	484
0	569
0	183
0	86
0	426
0	361
0	595
0	188
0	185
0	140
0	519
0	377
0	114
0	116
0	561
0	518
0	479
0	563
0	340
0	438
0	573
0	292
0	412
0	38
0	219
0	271
0	277
0	498
0	522
0	419
0	416
0	107
0	48
0	173
0	106
0	428
0	586
0	479
0	259
0	164
0	214
0	572
0	536
0	550
0	586
0	200
0	518
0	587
0	453
0	341
0	396
0	562
0	544
0	176
0	355
0	310
0	369
0	369
0	197
0	237
0	260
0	553
0	575
0	320
0	269
0	398
0	20
0	14
0	118
0	514
0	167
0	476
0	521
0	370
0	220
0	543
0	132
0	106
0	436
0	370
0	503
0	486
0	596
0	115
0	266
0	99
0	97
0	351
0	151
0	411
0	289
0	78
0	57
0	215
0	113
0	105
0	520
0	496
0	423
0	136
0	434
0	110
0	347
0	288
0	216
0	169
0	351
0	89
0	130
0	398
0	272
0	526
0	120
0	465
0	471
0	110
0	486
0	265
0	265
0	191
0	26
0	73
0	167
0	394
0	358
0	202
0	379
0	49
0	212
0	22
0	72
0	165
0	363
0	63
0	4
0	501
0	397
0	238
0	125
0	24
0	274
0	432
0	60
0	428
0	405
0	338
0	587
0	95
0	264
0	558
0	39
0	370
0	406
0	550
0	274
0	533
0	213
0	260
0	72
0	13
0	31
0	36
0	219
0	58
0	435
0	417
0	525
0	326
0	493
0	588
0	177
0	152
0	158
0	364
0	319
0	518
0	193
0	287
0	426
0	33
0	572
0	6
0	328
0	394
0	135
0	70
0	565
0	451
0	556
0	331
0	364
0	496
0	563
0	303
0	468
0	3
0	440
0	496
0	506
0	111
0	515
0	320
0	577
0	101
0	428
0	574
0	195
0	130
0	337
0	450
0	370
0	466
0	366
0	349
0	367
0	269
0	56
0	222
0	110
0	55
0	230
0	497
0	156
0	238
0	84
0	67
0	518
0	292
0	173
0	16
0	48
0	444
0	580
0	573
0	23
0	346
0	63
0	250
0	332
0	235
0	345
0	455
0	533
0	484
0	115
0	47
0	417
0	390
0	574
0	570
0	247
0	486
0	367
0	572
0	340
0	595
0	127
0	139
0	463
0	409
0	446
0	86
0	587
0	98
0	476
0	584
0	464
0	284
0	436
0	588
0	526
0	494
0	485
0	395
0	384
0	484
0	13
0	584
0	177
0	546
0	348
0	525
0	5
0	28
0	363
0	503
0	326
0	316
0	536
0	3
0	218
0	469
0	223
0	380
0	277
0	124
0	278
0	557
0	569
0	55
0	277
0	304
0	6
0	517
0	320
0	121
0	207
0	397
0	218
0	565
0	155
0	115
0	424
0	124
0	20
0	109
0	423
0	413
0	48
0	588
0	387
0	305
0	346
0	285
0	93
0	15
0	229
0	335
0	63
0	103
0	532
0	199
0	335
0	314
0	240
0	559
0	335
0	78
0	470
0	53
0	437
0	264
0	452
0	271
0	348
0	170
0	137
0	509
0	581
0	516
0	470
0	423
0	227
0	62
0	13
0	77
0	314
0	427
0	572
0	421
0	523
0	226
0	518
0	263
0	55
0	478
0	270
0	101
0	525
0	222
0	433
0	598
0	570
0	510
0	303
0	241
0	324
0	132
0	589
0	87
0	155
0	551
0	571
0	185
0	476
0	472
0	397
0	465
0	260
0	469
0	352
0	60
0	133
0	235
0	587
0	212
0	160
0	153
0	439
0	60
0	487
0	580
0	596
0	357
0	85
0	436
0	441
0	62
0	157
0	77
0	407
0	104
0	476
0	153
0	539
0	191
0	404
0	123
0	135
0	12
0	230
0	7
0	532
0	431
0	10
0	205
0	422
0	554
0	182
0	469
0	76
0	73
0	425
0	172
0	290
0	214
0	347
0	188
0	189
0	1
0	131
0	506
0	386
0	252
0	292
0	200
0	547
0	4
0	69
0	275
0	543
0	283
0	316
0	231
0	541
0	147
0	230
0	110
0	237
0	245
0	109
0	407
0	483
0	71
0	238
0	547
0	233
0	220
0	198
0	179
0	359
0	14
0	377
0	598
0	58
0	591
0	351
0	175
0	62
0	252
0	380
0	266
0	113
0	466
0	482
0	415
0	166
0	291
0	236
0	399
0	419
0	57
0	497
0	411
0	80
0	179
0	52
0	85
0	299
0	21
0	124
0	38
0	220
0	177
0	565
0	582
0	410
0	500
0	218
0	218
0	465
0	300
0	76
0	159
0	409
0	461
0	92
0	396
0	492
0	499
0	353
0	270
0	267
0	121
0	455
0	334
0	93
0	32
0	164
0	469
0	214
0	411
0	368
0	343
0	552
0	199
0	312
0	37
0	208
0	368
0	7
0	252
0	399
0	279
0	322
0	60
0	427
0	320
0	206
0	355
0	258
0	567
0	1
0	255
0	523
0	578
0	377
0	434
0	169
0	410
0	333
0	79
0	116
0	523
0	350
0	180
0	237
0	507
0	89
0	360
0	358
0	463
0	500
0	235
0	508
0	177
0	18
0	517
0	203
0	310
0	485
0	198
0	68
0	259
0	95
0	157
0	365
0	104
0	509
0	205
0	413
0	261
0	337
0	297
0	90
0	529
0	130
0	303
0	249
0	121
0	250
0	306
0	394
0	37
0	292
0	130
0	229
0	494
0	543
0	263
0	436
0	188
0	348
0	419
0	311
0	116
0	272
0	77
0	134
0	567
0	118
0	537
0	359
0	69
0	20
0	172
0	68
0	72
0	496
0	182
0	8
0	94
0	520
0	456
0	286
0	502
0	363
0	117
0	509
0	99
0	142
0	109
0	172
0	86
0	495
0	541
0	14
0	125
0	584
0	562
0	154
0	226
0	336
0	35
0	579
0	79
0	476
0	583
0	454
0	29
0	493
0	467
0	221
0	340
0	342
0	366
0	375
0	501
0	573
0	216
0	137
0	99
0	411
0	204
0	526
0	400
0	34
0	239
0	46
0	267
0	418
0	57
0	270
0	222
0	455
0	360
0	547
0	102
0	291
0	323
0	60
0	533
0	396
0	20
0	588
0	385
0	49
0	311
0	97
0	495
0	246
0	455
0	84
0	570
0	65
0	440
0	429
0	213
0	465
0	207
0	34
0	225
0	195
0	477
0	307
0	87
0	104
0	522
0	366
0	39
0	494
0	95
0	474
0	441
0	472
0	516
0	402
0	201
0	165
0	296
0	56
0	504
0	115
0	350
0	571
0	53
0	565
0	508
0	390
0	514
0	536
0	39
0	206
0	99
0	286
0	27
0	136
0	145
0	173
0	47
0	485
0	429
0	360
0	293
0	188
0	464
0	167
0	270
0	362
0	510
0	269
0	52
0	352
0	348
0	158
0	561
0	0
0	583
0	75
0	381
0	333
0	27
0	188
0	565
0	95
0	413
0	416
0	598
0	256
0	224
0	276
0	250
0	534
0	363
0	574
0	417
0	597
0	68
0	284
0	384
0	464
0	582
0	566
0	375
0	412
0	454
0	213
0	140
0	354
0	20
0	206
0	126
0	574
0	20
0	271
0	300
0	136
0	595
0	69
0	259
0	183
0	247
0	496
0	334
0	309
0	544
0	148
0	256
0	523
0	115
0	284
0	557
0	73
0	37
0	220
0	142
0	418
0	467
0	403
0	340
0	546
0	152
0	587
0	187
0	333
0	361
0	271
0	544
0	70
0	378
0	393
0	430
0	368
0	427
0	229
0	545
0	149
0	565
0	133
0	181
0	304
0	23
0	1
0	521
0	233
0	253
0	402
0	429
0	589
0	55
0	308
0	451
0	366
0	584
0	582
0	114
0	22
0	141
0	487
0	548
0	172
0	205
0	159
0	338
0	361
0	48
0	119
0	590
0	234
0	136
0	518
0	405
0	354
0	284
0	225
0	455
0	322
0	132
0	93
0	175
0	304
0	294
0	356
0	438
0	570
0	207
0	234
0	148
0	573
0	165
0	171
0	126
0	263
0	9
0	212
0	19
0	396
0	338
0	274
0	216
0	489
0	252
0	434
0	364
0	387
0	552
0	374
0	149
0	571
0	349
0	465
0	569
0	200
0	236
0	544
0	209
0	537
0	17
0	196
0	528
0	334
0	549
0	128
0	193
0	33
0	512
0	131
0	342
0	391
0	204
0	27
0	29
0	165
0	6
0	79
0	21
0	584
0	189
0	62
0	518
0	93
0	436
0	49
0	182
0	42
0	300
0	322
0	512
0	263
0	146
0	544
0	367
0	468
0	329
0	376
0	241
0	441
0	272
0	73
0	487
0	316
0	588
0	244
0	232
0	354
0	512
0	271
0	428
0	485
0	360
0	116
0	350
0	374
0	94
0	42
0	219
0	560
0	211
0	144
0	368
0	345
0	311
0	337
0	320
0	61
0	292
0	561
0	138
0	88
0	277
0	434
0	289
0	104
0	228
0	107
0	173
0	453
0	456
0	438
0	206
0	358
0	245
0	37
0	313
0	74
0	214
0	352
0	100
0	39
0	197
0	589
0	299
0	546
0	347
0	188
0	541
0	35
0	412
0	326
0	328
0	516
0	57
0	298
0	536
0	255
0	113
0	451
0	223
0	9
0	17
0	97
0	447
0	279
0	104
0	251
0	347
0	179
0	8
0	70
0	547
0	99
0	46
0	213
0	38
0	334
0	235
0	397
0	578
0	420
0	43
0	307
0	295
0	377
0	578
0	388
0	41
0	29
0	438
0	232
0	548
0	299
0	200
0	284
0	34
0	236
0	212
0	475
0	408
0	592
0	240
0	153
0	119
0	288
0	410
0	396
0	598
0	314
0	457
0	255
0	268
0	386
0	93
0	316
0	371
0	418
0	331
0	421
0	408
0	166
0	185
0	590
0	159
0	342
0	16
0	499
0	276
0	305
0	127
0	514
0	412
0	138
0	59
0	365
0	498
0	466
0	228
0	30
0	485
0	250
0	235
0	575
0	126
0	570
0	96
0	45
0	320
0	251
0	88
0	504
0	128
0	462
0	212
0	154
0	164
0	527
0	509
0	257
0	200
0	337
0	459
0	243
0	299
0	375
0	180
0	413
0	368
0	44
0	353
0	480
0	177
0	240
0	564
0	224
0	205
0	184
0	142
0	482
0	522
0	241
0	102
0	434
0	14
0	216
0	140
0	70
0	207
0	241
0	115
0	291
0	91
0	178
0	492
0	426
0	233
0	243
0	583
0	198
0	102
0	532
0	269
0	420
0	28
0	18
0	161
0	88
0	597
0	152
0	189
0	520
405	0
15	0
80	0
207	0
525	0
530	0
565	0
408	0
340	0
152	0
551	0
61	0
8	0
342	0
320	0
331	0
10	0
64	0
153	0
3	0
384	0
316	0
188	0
208	0
220	0
12	0
477	0
496	0
545	0
374	0
23	0
546	0
309	0
441	0
258	0
98	0
418	0
390	0
34	0
51	0
535	0
441	0
204	0
66	0
52	0
474	0
449	0
482	0
90	0
133	0
325	0
114	0
393	0
514	0
441	0
575	0
259	0
465	0
204	0
375	0
261	0
390	0
528	0
68	0
534	0
596	0
225	0
432	0
448	0
482	0
256	0
587	0
148	0
599	0
22	0
367	0
330	0
563	0
388	0
580	0
598	0
483	0
583	0
397	0
229	0
408	0
577	0
301	0
271	0
301	0
362	0
303	0
47	0
500	0
94	0
66	0
53	0
428	0
56	0
461	0
492	0
456	0
4	0
388	0
503	0
415	0
49	0
367	0
351	0
387	0
269	0
587	0
248	0
96	0
219	0
176	0
186	0
395	0
512	0
359	0
170	0
165	0
284	0
197	0
272	0
99	0
339	0
0	0
148	0
67	0
35	0
324	0
66	0
77	0
167	0
419	0
580	0
331	0
450	0
287	0
230	0
71	0
160	0
301	0
237	0
40	0
590	0
104	0
329	0
584	0
2	0
495	0
250	0
572	0
453	0
516	0
94	0
9	0
204	0
58	0
80	0
104	0
470	0
138	0
477	0
549	0
592	0
154	0
335	0
490	0
52	0
11	0
556	0
379	0
104	0
221	0
505	0
246	0
267	0
201	0
264	0
129	0
354	0
491	0
2	0
535	0
569	0
74	0
365	0
424	0
557	0
549	0
285	0
276	0
382	0
51	0
113	0
204	0
321	0
511	0
165	0
446	0
555	0
14	0
597	0
491	0
435	0
471	0
529	0
518	0
166	0
391	0
115	0
547	0
54	0
533	0
565	0
441	0
60	0
576	0
96	0
109	0
450	0
219	0
520	0
501	0
117	0
570	0
363	0
550	0
528	0
157	0
96	0
323	0
172	0
86	0
540	0
306	0
451	0
7	0
263	0
140	0
244	0
85	0
589	0
241	0
448	0
83	0
593	0
566	0
499	0
37	0
84	0
317	0
6	0
242	0
219	0
6	0
562	0
532	0
327	0
143	0
135	0
112	0
93	0
533	0
378	0
60	0
237	0
102	0
293	0
330	0
280	0
597	0
192	0
32	0
395	0
273	0
277	0
56	0
65	0
139	0
353	0
131	0
476	0
242	0
398	0
77	0
155	0
452	0
86	0
469	0
568	0
451	0
186	0
284	0
520	0
241	0
401	0
47	0
285	0
266	0
516	0
442	0
505	0
149	0
286	0
67	0
64	0
246	0
224	0
0	0
248	0
331	0
410	0
7	0
309	0
249	0
70	0
112	0
165	0
274	0
239	0
80	0
538	0
557	0
167	0
117	0
574	0
43	0
413	0
329	0
392	0
105	0
269	0
597	0
436	0
231	0
482	0
251	0
65	0
364	0
223	0
120	0
316	0
107	0
51	0
380	0
443	0
502	0
378	0
591	0
323	0
333	0
528	0
298	0
98	0
259	0
248	0
295	0
577	0
38	0
363	0
447	0
353	0
25	0
517	0
350	0
231	0
295	0
185	0
532	0
66	0
230	0
444	0
114	0
16	0
302	0
343	0
223	0
144	0
309	0
94	0
287	0
595	0
416	0
141	0
303	0
380	0
335	0
146	0
367	0
486	0
566	0
414	0
172	0
549	0
60	0
214	0
249	0
20	0
482	0
438	0
361	0
350	0
153	0
532	0
12	0
240	0
392	0
426	0
100	0
347	0
401	0
421	0
226	0
159	0
175	0
163	0
250	0
11	0
583	0
17	0
592	0
26	0
239	0
418	0
445	0
455	0
47	0
428	0
130	0
521	0
283	0
253	0
336	0
329	0
498	0
59	0
401	0
192	0
374	0
40	0
38	0
382	0
200	0
324	0
590	0
533	0
271	0
373	0
168	0
60	0
5	0
545	0
182	0
303	0
382	0
4	0
598	0
28	0
62	0
381	0
53	0
352	0
30	0
58	0
122	0
552	0
291	0
260	0
333	0
460	0
355	0
470	0
58	0
149	0
60	0
175	0
366	0
215	0
419	0
143	0
349	0
282	0
374	0
518	0
285	0
443	0
231	0
135	0
322	0
95	0
213	0
347	0
183	0
191	0
280	0
482	0
342	0
110	0
273	0
213	0
252	0
104	0
564	0
335	0
76	0
213	0
307	0
594	0
454	0
579	0
24	0
333	0
532	0
34	0
198	0
219	0
465	0
368	0
69	0
551	0
446	0
181	0
416	0
459	0
226	0
569	0
133	0
416	0
6	0
257	0
568	0
328	0
402	0
512	0
188	0
519	0
63	0
482	0
487	0
528	0
530	0
324	0
513	0
444	0
154	0
151	0
169	0
485	0
294	0
116	0
92	0
416	0
262	0
177	0
147	0
513	0
196	0
425	0
167	0
241	0
126	0
498	0
372	0
394	0
164	0
48	0
455	0
571	0
248	0
311	0
318	0
230	0
87	0
533	0
474	0
311	0
426	0
366	0
91	0
128	0
281	0
497	0
257	0
207	0
13	0
400	0
138	0
305	0
296	0
149	0
100	0
151	0
28	0
511	0
481	0
31	0
564	0
268	0
10	0
102	0
555	0
544	0
210	0
344	0
55	0
204	0
440	0
594	0
34	0
322	0
568	0
135	0
437	0
541	0
447	0
351	0
288	0
509	0
224	0
254	0
82	0
216	0
288	0
504	0
282	0
140	0
531	0
394	0
272	0
8	0
72	0
308	0
539	0
27	0
424	0
18	0
312	0
404	0
158	0
482	0
563	0
368	0
452	0
136	0
230	0
234	0
282	0
156	0
219	0
285	0
339	0
133	0
79	0
573	0
494	0
175	0
293	0
452	0
29	0
104	0
307	0
320	0
406	0
537	0
221	0
49	0
116	0
64	0
477	0
585	0
33	0
586	0
548	0
276	0
354	0
333	0
544	0
438	0
135	0
11	0
177	0
140	0
381	0
90	0
393	0
570	0
26	0
377	0
0	0
340	0
101	0
445	0
1	0
152	0
455	0
130	0
253	0
336	0
450	0
589	0
26	0
542	0
284	0
214	0
151	0
577	0
288	0
507	0
47	0
220	0
113	0
535	0
95	0
29	0
220	0
377	0
318	0
578	0
369	0
177	0
248	0
463	0
205	0
365	0
454	0
437	0
144	0
354	0
334	0
188	0
366	0
102	0
107	0
449	0
388	0
146	0
49	0
395	0
136	0
37	0
191	0
231	0
125	0
84	0
65	0
396	0
138	0
334	0
288	0
169	0
38	0
307	0
153	0
258	0
3	0
148	0
543	0
185	0
52	0
565	0
69	0
472	0
547	0
47	0
388	0
285	0
331	0
347	0
573	0
543	0
135	0
41	0
4	0
77	0
518	0
46	0
226	0
318	0
276	0
356	0
381	0
323	0
294	0
3	0
502	0
176	0
17	0
509	0
550	0
265	0
239	0
463	0
222	0
145	0
359	0
140	0
274	0
30	0
496	0
12	0
385	0
201	0
458	0
241	0
75	0
129	0
409	0
90	0
79	0
183	0
126	0
80	0
216	0
100	0
404	0
166	0
244	0
30	0
348	0
437	0
169	0
161	0
518	0
173	0
556	0
443	0
436	0
88	0
119	0
64	0
164	0
273	0
270	0
116	0
579	0
82	0
279	0
207	0
328	0
355	0
372	0
330	0
308	0
110	0
237	0
383	0
580	0
502	0
454	0
295	0
48	0
408	0
483	0
406	0
196	0
562	0
228	0
0	0
24	0
97	0
177	0
423	0
37	0
174	0
19	0
156	0
399	0
40	0
428	0
83	0
58	0
589	0
236	0
251	0
450	0
41	0
265	0
498	0
571	0
202	0
466	0
344	0
25	0
538	0
384	0
330	0
389	0
395	0
514	0
175	0
133	0
57	0
219	0
119	0
151	0
496	0
354	0
198	0
210	0
183	0
542	0
240	0
528	0
436	0
580	0
519	0
260	0
95	0
518	0
344	0
212	0
75	0
394	0
92	0
219	0
199	0
548	0
354	0
302	0
570	0
33	0
314	0
352	0
485	0
305	0
12	0
533	0
482	0
472	0
534	0
416	0
458	0
169	0
300	0
25	0
125	0
287	0
226	0
590	0
490	0
162	0
597	0
292	0
143	0
338	0
232	0
226	0
498	0
172	0
155	0
210	0
501	0
214	0
229	0
462	0
136	0
471	0
138	0
59	0
385	0
16	0
383	0
324	0
342	0
42	0
18	0
38	0
91	0
474	0
439	0
203	0
335	0
120	0
302	0
14	0
385	0
296	0
336	0
458	0
152	0
538	0
495	0
590	0
559	0
212	0
93	0
313	0
64	0
218	0
405	0
14	0
15	0
111	0
230	0
332	0
527	0
483	0
574	0
477	0
259	0
393	0
587	0
377	0
90	0
308	0
549	0
446	0
573	0
277	0
175	0
70	0
77	0
316	0
340	0
21	0
181	0
352	0
310	0
6	0
71	0
308	0
441	0
345	0
490	0
1	0
462	0
203	0
345	0
474	0
412	0
81	0
367	0
256	0
441	0
50	0
254	0
498	0
503	0
449	0
336	0
296	0
321	0
436	0
276	0
332	0
260	0
556	0
178	0
590	0
571	0
377	0
74	0
587	0
490	0
456	0
406	0
65	0
316	0
428	0
543	0
258	0
160	0
135	0
389	0
546	0
38	0
427	0
201	0
294	0
240	0
242	0
452	0
59	0
419	0
414	0
547	0
224	0
85	0
462	0
66	0
130	0
296	0
349	0
196	0
82	0
492	0
520	0
253	0
260	0
491	0
388	0
63	0
135	0
134	0
146	0
400	0
60	0
190	0
561	0
445	0
485	0
108	0
558	0
16	0
123	0
129	0
129	0
76	0
468	0
361	0
303	0
241	0
383	0
138	0
536	0
59	0
349	0
540	0
165	0
589	0
238	0
176	0
376	0
83	0
189	0
346	0
215	0
397	0
217	0
3	0
294	0
535	0
257	0
199	0
576	0
533	0
172	0
102	0
538	0
260	0
274	0
566	0
540	0
228	0
122	0
237	0
349	0
585	0
448	0
468	0
225	0
81	0
538	0
183	0
442	0
336	0
216	0
232	0
273	0
310	0
327	0
124	0
231	0
275	0
160	0
358	0
444	0
497	0
137	0
415	0
515	0
23	0
47	0
215	0
480	0
182	0
366	0
140	0
263	0
475	0
432	0
537	0
387	0
405	0
349	0
387	0
151	0
561	0
237	0
349	0
404	0
362	0
503	0
123	0
24	0
452	0
589	0
443	0
495	0
247	0
247	0
47	0
577	0
80	0
112	0
31	0
112	0
243	0
432	0
460	0
451	0
389	0
463	0
87	0
420	0
222	0
251	0
136	0
243	0
492	0
543	0
19	0
397	0
122	0
592	0
44	0
429	0
431	0
500	0
571	0
76	0
547	0
233	0
211	0
312	0
437	0
488	0
452	0
495	0
271	0
300	0
400	0
510	0
595	0
67	0
75	0
26	0
263	0
327	0
123	0
178	0
139	0
201	0
55	0
127	0
419	0
452	0
524	0
81	0
168	0
297	0
82	0
592	0
593	0
92	0
222	0
148	0
512	0
370	0
105	0
369	0
263	0
350	0
229	0
498	0
120	0
455	0
255	0
472	0
84	0
54	0
560	0
568	0
539	0
577	0
45	0
207	0
186	0
136	0
463	0
202	0
107	0
473	0
517	0
254	0
310	0
420	0
181	0
352	0
590	0
357	0
417	0
387	0
550	0
465	0
574	0
284	0
585	0
550	0
288	0
75	0
177	0
468	0
466	0
40	0
160	0
314	0
50	0
384	0
554	0
439	0
40	0
43	0
492	0
350	0
118	0
490	0
461	0
245	0
43	0
498	0
66	0
194	0
250	0
248	0
96	0
561	0
288	0
56	0
570	0
335	0
123	0
230	0
571	0
140	0
173	0
16	0
333	0
345	0
8	0
254	0
112	0
486	0
411	0
143	0
318	0
358	0
107	0
529	0
347	0
290	0
493	0
149	0
410	0
142	0
255	0
565	0
58	0
316	0
510	0
274	0
335	0
387	0
330	0
550	0
109	0
307	0
38	0
435	0
64	0
440	0
372	0
558	0
383	0
201	0
413	0
76	0
502	0
516	0
118	0
263	0
578	0
280	0
414	0
244	0
368	0
38	0
508	0
589	0
207	0
340	0
493	0
598	0
156	0
495	0
251	0
38	0
187	0
37	0
361	0
564	0
187	0
61	0
595	0
3	0
27	0
347	0
354	0
124	0
312	0
260	0
429	0
558	0
480	0
18	0
259	0
389	0
297	0
164	0
133	0
500	0
203	0
94	0
577	0
552	0
364	0
464	0
392	0
362	0
418	0
157	0
329	0
256	0
467	0
283	0
431	0
474	0
568	0
153	0
533	0
124	0
256	0
418	0
26	0
596	0
73	0
533	0
568	0
122	0
433	0
262	0
478	0
119	0
330	0
141	0
525	0
219	0
324	0
297	0
95	0
231	0
93	0
472	0
547	0
324	0
499	0
525	0
365	0
358	0
34	0
79	0
131	0
480	0
113	0
418	0
123	0
245	0
319	0
117	0
280	0
72	0
171	0
263	0
499	0
585	0
9	0
6	0
293	0
525	0
328	0
222	0
90	0
368	0
80	0
194	0
410	0
386	0
545	0
314	0
234	0
171	0
486	0
97	0
463	0
156	0
257	0
465	0
578	0
372	0
536	0
445	0
111	0
531	0
213	0
403	0
184	0
495	0
587	0
557	0
550	0
584	0
364	0
587	0
143	0
378	0
423	0
454	0
515	0
263	0
559	0
531	0
280	0
582	0
391	0
10	0
350	0
172	0
498	0
41	0
541	0
501	0
79	0
2	0
154	0
447	0
457	0
455	0
241	0
364	0
364	0
5	0
140	0
458	0
187	0
108	0
217	0
64	0
71	0
329	0
385	0
247	0
130	0
461	0
165	0
298	0
458	0
150	0
507	0
476	0
465	0
224	0
175	0
173	0
464	0
208	0
101	0
360	0
348	0
301	0
82	0
204	0
169	0
579	0
210	0
269	0
299	0
173	0
531	0
294	0
43	0
510	0
265	0
534	0
438	0
77	0
443	0
156	0
146	0
123	0
547	0
296	0
233	0
481	0
83	0
135	0
120	0
426	0
3	0
2	0
145	0
275	0
407	0
212	0
397	0
203	0
548	0
110	0
150	0
571	0
451	0
417	0
207	0
571	0
174	0
215	0
479	0
509	0
200	0
159	0
42	0
195	0
514	0
347	0
256	0
272	0
479	0
80	0
202	0
317	0
320	0
521	0
30	0
435	0
548	0
31	0
596	0
0	0
159	0
433	0
256	0
8	0
356	0
516	0
176	0
337	0
565	0
584	0
320	0
211	0
463	0
71	0
281	0
202	0
154	0
371	0
408	0
250	0
550	0
138	0
106	0
69	0
402	0
88	0
173	0
563	0
245	0
530	0
386	0
471	0
559	0
474	0
567	0
490	0
442	0
428	0
553	0
159	0
450	0
404	0
398	0
410	0
459	0
225	0
96	0
318	0
106	0
74	0
6	0
249	0
116	0
500	0
445	0
566	0
218	0
133	0
75	0
190	0
510	0
136	0
212	0
436	0
567	0
245	0
149	0
332	0
560	0
140	0
174	0
271	0
376	0
398	0
525	0
110	0
218	0
169	0
93	0
504	0
188	0
22	0
502	0
275	0
244	0
128	0
61	0
547	0
286	0
338	0
292	0
297	0
499	0
309	0
77	0
330	0
68	0
86	0
543	0
194	0
484	0
553	0
131	0
566	0
187	0
244	0
521	0
364	0
247	0
569	0
291	0
495	0
524	0
361	0
211	0
386	0
588	0
346	0
16	0
408	0
314	0
237	0
76	0
206	0
568	0
150	0
17	0
598	0
497	0
265	0
169	0
401	0
217	0
469	0
293	0
312	0
120	0
184	0
205	0
302	0
253	0
191	0
199	0
213	0
87	0
592	0
202	0
84	0
151	0
574	0
306	0
178	0
105	0
304	0
78	0
531	0
18	0
207	0
356	0
276	0
67	0
145	0
407	0
107	0
275	0
367	0
311	0
8	0
75	0
199	0
519	0
146	0
122	0
343	0
43	0
407	0
481	0
303	0
272	0
132	0
9	0
89	0
301	0
285	0
312	0
8	0
95	0
218	0
395	0
322	0
347	0
559	0
573	0
52	0
581	0
86	0
502	0
72	0
77	0
362	0
95	0
197	0
153	0
67	0
505	0
260	0
389	0
193	0
533	0
10	0
286	0
382	0
566	0
23	0
287	0
165	0
43	0
57	0
387	0
313	0
488	0
21	0
297	0
436	0
268	0
300	0
454	0
405	0
326	0
326	0
52	0
300	0
552	0
470	0
407	0
69	0
22	0
378	0
512	0
390	0
16	0
589	0
515	0
599	0
330	0
154	0
339	0
261	0
541	0
543	0
334	0
347	0
230	0
340	0
427	0
134	0
284	0
527	0
303	0
484	0
95	0
13	0
359	0
32	0
212	0
398	0
15	0
484	0
229	0
406	0
417	0
171	0
213	0
60	0
514	0
321	0
145	0
329	0
534	0
538	0
306	0
102	0
171	0
308	0
55	0
498	0
211	0
587	0
160	0
135	0
284	0
87	0
189	0
312	0
498	0
163	0
428	0
585	0
275	0
588	0
306	0
363	0
203	0
476	0
480	0
402	0
310	0
426	0
111	0
157	0
379	0
216	0
527	0
402	0
208	0
393	0
256	0
259	0
519	0
325	0
532	0
345	0
24	0
498	0
324	0
283	0
265	0
208	0
30	0
99	0
225	0
417	0
504	0
61	0
570	0
364	0
303	0
533	0
188	0
541	0
264	0
20	0
526	0
306	0
127	0
455	0
471	0
124	0
486	0
588	0
314	0
224	0
117	0
241	0
473	0
241	0
88	0
155	0
505	0
452	0
102	0
576	0
563	0
376	0
549	0
249	0
138	0
280	0
379	0
304	0
224	0
494	0
24	0
578	0
107	0
173	0
263	0
208	0
341	0
59	0
371	0
392	0
313	0
281	0
206	0
443	0
361	0
209	0
453	0
555	0
101	0
219	0
231	0
91	0
197	0
276	0
76	0
563	0
440	0
531	0
419	0
78	0
573	0
121	0
435	0
249	0
262	0
285	0
563	0
67	0
557	0
417	0
573	0
564	0
359	0
452	0
421	0
571	0
285	0
357	0
479	0
303	0
417	0
224	0
110	0
42	0
21	0
369	0
65	0
109	0
239	0
410	0
17	0
12	0
0	0
210	0
37	0
104	0
228	0
501	0
470	0
26	0
165	0
434	0
46	0
11	0
544	0
413	0
459	0
381	0
489	0
96	0
42	0
36	0
225	0
40	0
463	0
135	0
437	0
179	0
0	0
534	0
563	0
81	0
25	0
23	0
478	0
46	0
51	0
336	0
464	0
562	0
381	0
243	0
487	0
250	0
308	0
17	0
312	0
135	0
206	0
236	0
120	0
312	0
155	0
86	0
314	0
303	0
468	0
559	0
370	0
6	0
326	0
167	0
368	0
420	0
16	0
305	0
401	0
455	0
151	0
399	0
559	0
79	0
227	0
536	0
336	0
21	0
402	0
19	0
396	0
583	0
250	0
414	0
39	0
321	0
60	0
303	0
407	0
33	0
452	0
247	0
496	0
190	0
445	0
550	0
19	0
302	0
497	0
495	0
149	0
435	0
326	0
545	0
507	0
9	0
28	0
142	0
236	0
159	0
67	0
444	0
479	0
216	0
50	0
341	0
2	0
53	0
218	0
246	0
508	0
225	0
489	0
265	0
275	0
48	0
506	0
478	0
591	0
412	0
145	0
125	0
152	0
541	0
404	0
417	0
434	0
68	0
310	0
129	0
510	0
101	0
109	0
72	0
565	0
391	0
555	0
415	0
597	0
330	0
369	0
180	0
286	0
571	0
367	0
514	0
470	0
462	0
569	0
396	0
296	0
337	0
316	0
471	0
284	0
521	0
54	0
35	0
208	0
276	0
98	0
453	0
67	0
146	0
267	0
460	0
554	0
336	0
536	0
46	0
444	0
514	0
382	0
223	0
216	0
117	0
59	0
142	0
278	0
502	0
126	0
147	0
387	0
346	0
557	0
456	0
406	0
131	0
342	0
36	0
335	0
596	0
46	0
566	0
240	0
442	0
288	0
580	0
27	0
238	0
374	0
359	0
218	0
11	0
27	0
90	0
142	0
513	0
409	0
264	0
479	0
443	0
549	0
120	0
315	0
339	0
56	0
30	0
346	0
464	0
433	0
439	0
333	0
257	0
422	0
584	0
590	0
121	0
410	0
427	0
3	0
471	0
136	0
239	0
221	0
120	0
53	0
330	0
93	0
323	0
276	0
270	0
205	0
161	0
483	0
14	0
388	0
231	0
42	0
164	0
131	0
370	0
540	0
56	0
317	0
110	0
334	0
190	0
68	0
35	0
28	0
245	0
126	0
396	0
475	0
88	0
567	0
221	0
425	0
570	0
583	0
536	0
144	0
3	0
580	0
540	0
226	0
545	0
218	0
228	0
55	0
21	0
295	0
511	0
153	0
428	0
196	0
328	0
408	0
214	0
469	0
308	0
578	0
174	0
457	0
292	0
34	0
206	0
348	0
334	0
457	0
343	0
66	0
316	0
594	0
250	0
175	0
249	0
303	0
62	0
322	0
307	0
242	0
286	0
536	0
434	0
94	0
158	0
404	0
539	0
419	0
570	0
204	0
225	0
568	0
395	0
71	0
137	0
282	0
7	0
346	0
224	0
323	0
588	0
202	0
507	0
574	0
257	0
483	0
515	0
167	0
512	0
567	0
515	0
215	0
436	0
35	0
319	0
581	0
459	0
163	0
491	0
113	0
552	0
582	0
381	0
401	0
416	0
164	0
72	0
486	0
102	0
299	0
77	0
105	0
261	0
249	0
584	0
199	0
178	0
372	0
37	0
108	0
524	0
365	0
502	0
580	0
449	0
572	0
138	0
476	0
518	0
356	0
467	0
534	0
74	0
487	0
75	0
579	0
552	0
36	0
476	0
571	0
431	0
460	0
131	0
473	0
39	0
173	0
72	0
600	394
600	482
600	286
600	53
600	180
600	69
600	161
600	536
600	562
600	314
600	574
600	399
600	237
600	267
600	460
600	119
600	399
600	61
600	570
600	177
600	65
600	295
600	204
600	10
600	381
600	477
600	41
600	461
600	341
600	421
600	105
600	127
600	170
600	229
600	436
600	70
600	337
600	311
600	566
600	151
600	496
600	187
600	254
600	203
600	54
600	503
600	526
600	365
600	160
600	397
600	293
600	522
600	239
600	73
600	151
600	334
600	455
600	302
600	230
600	423
600	67
600	332
600	290
600	8
600	532
600	344
600	508
600	300
600	97
600	575
600	352
600	509
600	271
600	184
600	544
600	520
600	201
600	542
600	254
600	239
600	340
600	406
600	378
600	571
600	121
600	211
600	169
600	179
600	557
600	20
600	422
600	21
600	430
600	175
600	426
600	464
600	579
600	220
600	216
600	148
600	94
600	553
600	571
600	423
600	454
600	229
600	336
600	444
600	108
600	506
600	352
600	354
600	335
600	564
600	22
600	414
600	179
600	113
600	423
600	406
600	501
600	556
600	367
600	12
600	337
600	66
600	343
600	347
600	340
600	136
600	556
600	160
600	78
600	375
600	44
600	576
600	31
600	238
600	226
600	66
600	458
600	98
600	545
600	97
600	94
600	35
600	508
600	553
600	305
600	110
600	356
600	67
600	296
600	483
600	363
600	86
600	378
600	42
600	277
600	204
600	290
600	71
600	366
600	38
600	43
600	239
600	78
600	509
600	502
600	150
600	193
600	462
600	86
600	359
600	204
600	353
600	133
600	319
600	226
600	95
600	375
600	78
600	84
600	493
600	180
600	235
600	526
600	241
600	84
600	490
600	574
600	384
600	506
600	197
600	40
600	481
600	555
600	229
600	493
600	394
600	320
600	259
600	3
600	69
600	286
600	63
600	509
600	318
600	143
600	156
600	250
600	532
600	482
600	470
600	163
600	145
600	421
600	473
600	534
600	184
600	506
600	503
600	200
600	34
600	64
600	429
600	591
600	573
600	168
600	148
600	38
600	434
600	256
600	79
600	529
600	553
600	93
600	101
600	584
600	107
600	513
600	365
600	377
600	308
600	540
600	465
600	406
600	91
600	318
600	305
600	349
600	519
600	298
600	52
600	582
600	295
600	415
600	549
600	303
600	102
600	416
600	256
600	460
600	506
600	387
600	416
600	114
600	40
600	575
600	486
600	522
600	45
600	182
600	256
600	11
600	195
600	234
600	275
600	216
600	142
600	356
600	166
600	89
600	522
600	391
600	230
600	437
600	11
600	195
600	519
600	524
600	336
600	14
600	6
600	115
600	69
600	37
600	472
600	137
600	276
600	168
600	269
600	510
600	32
600	163
600	223
600	364
600	517
600	320
600	593
600	21
600	159
600	466
600	54
600	83
600	341
600	157
600	136
600	551
600	162
600	137
600	385
600	514
600	112
600	230
600	41
600	439
600	57
600	97
600	60
600	73
600	387
600	44
600	351
600	480
600	271
600	539
600	95
600	111
600	223
600	378
600	126
600	337
600	433
600	101
600	324
600	370
600	141
600	304
600	454
600	498
600	423
600	93
600	533
600	20
600	497
600	11
600	437
600	589
600	360
600	363
600	248
600	223
600	144
600	550
600	583
600	285
600	255
600	27
600	196
600	345
600	428
600	573
600	23
600	209
600	82
600	536
600	387
600	169
600	212
600	188
600	180
600	337
600	559
600	474
600	248
600	119
600	462
600	539
600	159
600	560
600	182
600	136
600	104
600	207
600	311
600	68
600	545
600	248
600	60
600	438
600	594
600	46
600	287
600	43
600	239
600	544
600	348
600	320
600	225
600	307
600	352
600	437
600	64
600	169
600	61
600	188
600	358
600	279
600	261
600	33
600	58
600	380
600	321
600	436
600	592
600	5
600	509
600	185
600	514
600	53
600	25
600	25
600	109
600	354
600	134
600	385
600	355
600	435
600	499
600	584
600	496
600	173
600	76
600	527
600	59
600	165
600	558
600	9
600	323
600	575
600	449
600	529
600	347
600	517
600	346
600	442
600	444
600	444
600	44
600	545
600	61
600	449
600	299
600	544
600	209
600	352
600	277
600	444
600	174
600	148
600	268
600	293
600	565
600	507
600	420
600	118
600	67
600	353
600	550
600	386
600	99
600	261
600	231
600	463
600	245
600	264
600	136
600	247
600	55
600	49
600	426
600	264
600	199
600	598
600	302
600	549
600	538
600	494
600	22
600	182
600	116
600	521
600	115
600	323
600	132
600	392
600	372
600	454
600	499
600	137
600	152
600	581
600	106
600	115
600	265
600	135
600	461
600	296
600	421
600	126
600	47
600	376
600	186
600	130
600	443
600	586
600	245
600	303
600	548
600	102
600	86
600	341
600	10
600	373
600	468
600	517
600	513
600	66
600	537
600	355
600	248
600	50
600	345
600	206
600	467
600	486
600	37
600	365
600	254
600	394
600	382
600	580
600	190
600	301
600	528
600	548
600	477
600	25
600	173
600	416
600	482
600	261
600	530
600	411
600	507
600	565
600	234
600	383
600	344
600	179
600	293
600	489
600	301
600	263
600	517
600	72
600	364
600	346
600	245
600	85
600	20
600	96
600	343
600	132
600	266
600	372
600	104
600	328
600	546
600	221
600	497
600	356
600	314
600	534
600	109
600	94
600	315
600	532
600	450
600	294
600	573
600	96
600	262
600	332
600	455
600	524
600	48
600	160
600	87
600	266
600	463
600	179
600	364
600	272
600	395
600	459
600	229
600	392
600	446
600	187
600	485
600	588
600	366
600	585
600	574
600	159
600	179
600	24
600	295
600	118
600	47
600	206
600	132
600	565
600	503
600	448
600	80
600	494
600	13
600	138
600	378
600	308
600	342
600	443
600	585
600	565
600	255
600	132
600	52
600	118
600	447
600	465
600	379
600	513
600	528
600	160
600	500
600	330
600	496
600	191
600	227
600	71
600	191
600	410
600	233
600	5
600	332
600	273
600	535
600	511
600	216
600	104
600	407
600	586
600	62
600	313
600	423
600	508
600	278
600	116
600	36
600	346
600	21
600	222
600	415
600	585
600	363
600	31
600	158
600	60
600	168
600	557
600	537
600	244
600	211
600	471
600	111
600	550
600	537
600	308
600	262
600	469
600	335
600	329
600	387
600	393
600	460
600	409
600	387
600	256
600	549
600	54
600	335
600	160
600	478
600	446
600	173
600	214
600	530
600	426
600	201
600	473
600	128
600	432
600	552
600	16
600	506
600	584
600	92
600	2
600	74
600	267
600	353
600	460
600	156
600	111
600	34
600	60
600	410
600	23
600	169
600	461
600	296
600	311
600	362
600	571
600	45
600	486
600	338
600	14
600	114
600	348
600	241
600	332
600	74
600	459
600	209
600	415
600	190
600	314
600	586
600	461
600	188
600	339
600	548
600	230
600	123
600	150
600	0
600	217
600	390
600	103
600	524
600	583
600	491
600	323
600	256
600	409
600	558
600	104
600	57
600	388
600	358
600	114
600	498
600	338
600	4
600	577
600	330
600	349
600	332
600	480
600	431
600	301
600	138
600	305
600	292
600	209
600	418
600	379
600	569
600	434
600	83
600	421
600	96
600	418
600	137
600	533
600	575
600	172
600	293
600	305
600	431
600	405
600	580
600	591
600	192
600	127
600	265
600	464
600	439
600	351
600	207
600	391
600	93
600	221
600	223
600	455
600	429
600	592
600	51
600	98
600	113
600	524
600	325
600	86
600	9
600	251
600	270
600	537
600	594
600	512
600	399
600	326
600	399
600	396
600	317
600	392
600	135
600	335
600	485
600	307
600	298
600	432
600	556
600	338
600	329
600	496
600	185
600	130
600	1
600	160
600	250
600	238
600	412
600	27
600	192
600	180
600	196
600	125
600	408
600	44
600	44
600	283
600	158
600	449
600	534
600	141
600	432
600	400
600	18
600	94
600	484
600	294
600	170
600	340
600	279
600	102
600	599
600	267
600	556
600	559
600	542
600	84
600	349
600	107
600	541
600	490
600	472
600	108
600	205
600	245
600	161
600	450
600	459
600	135
600	128
600	392
600	102
600	468
600	527
600	212
600	71
600	71
600	307
600	44
600	432
600	592
600	28
600	150
600	195
600	202
600	354
600	552
600	24
600	328
600	174
600	239
600	522
600	47
600	586
600	123
600	118
600	182
600	358
600	46
600	385
600	202
600	536
600	405
600	342
600	254
600	15
600	71
600	489
600	280
600	188
600	499
600	74
600	191
600	438
600	47
600	265
600	560
600	328
600	419
600	194
600	192
600	425
600	3
600	525
600	236
600	440
600	427
600	190
600	124
600	346
600	21
600	84
600	558
600	314
600	62
600	583
600	22
600	371
600	446
600	147
600	571
600	245
600	350
600	444
600	133
600	409
600	468
600	460
600	90
600	363
600	570
600	264
600	489
600	19
600	421
600	308
600	14
600	120
600	345
600	414
600	435
600	394
600	58
600	174
600	543
600	290
600	189
600	96
600	96
600	520
600	109
600	82
600	165
600	97
600	393
600	128
600	494
600	475
600	418
600	474
600	421
600	174
600	299
600	447
600	325
600	168
600	169
600	385
600	560
600	581
600	458
600	516
600	191
600	250
600	466
600	268
600	331
600	60
600	48
600	330
600	17
600	258
600	527
600	106
600	257
600	508
600	208
600	189
600	551
600	214
600	61
600	46
600	418
600	301
600	208
600	594
600	155
600	68
600	290
600	353
600	192
600	67
600	40
600	580
600	173
600	397
600	360
600	514
600	252
600	573
600	57
600	347
600	243
600	220
600	272
600	192
600	404
600	266
600	111
600	60
600	243
600	407
600	32
600	571
600	312
600	12
600	303
600	222
600	340
600	378
600	437
600	336
600	88
600	390
600	329
600	353
600	264
600	488
600	289
600	372
600	199
600	599
600	222
600	566
600	285
600	228
600	565
600	534
600	203
600	479
600	194
600	587
600	158
600	537
600	391
600	319
600	82
600	263
600	75
600	446
600	446
600	111
600	501
600	282
600	149
600	571
600	87
600	583
600	333
600	447
600	40
600	486
600	224
600	56
600	338
600	568
600	144
600	523
600	90
600	592
600	432
600	511
600	125
600	246
600	317
600	185
600	295
600	308
600	555
600	426
600	375
600	206
600	372
600	7
600	375
600	235
600	19
600	92
600	456
600	170
600	319
600	325
600	2
600	547
600	379
600	67
600	512
600	524
600	18
600	192
600	322
600	452
600	39
600	31
600	548
600	216
600	227
600	11
600	100
600	487
600	16
600	10
600	561
600	443
600	538
600	373
600	263
600	215
600	165
600	383
600	446
600	72
600	410
600	15
600	210
600	177
600	307
600	28
600	118
600	503
600	101
600	229
600	50
600	125
600	414
600	2
600	27
600	181
600	284
600	234
600	505
600	220
600	181
600	209
600	28
600	225
600	540
600	262
600	151
600	18
600	1
600	351
600	415
600	410
600	282
600	505
600	589
600	507
600	253
600	168
600	95
600	36
600	528
600	22
600	93
600	95
600	423
600	540
600	358
600	146
600	244
600	363
600	259
600	287
600	485
600	437
600	27
600	514
600	167
600	149
600	150
600	7
600	401
600	136
600	238
600	534
600	307
600	318
600	287
600	508
600	389
600	49
600	502
600	439
600	444
600	457
600	175
600	37
600	295
600	257
600	17
600	258
600	200
600	97
600	109
600	588
600	230
600	1
600	564
600	388
600	502
600	119
600	190
600	260
600	410
600	78
600	310
600	535
600	298
600	323
600	146
600	169
600	383
600	173
600	553
600	93
600	199
600	112
600	598
600	517
600	74
600	125
600	217
600	361
600	571
600	450
600	228
600	247
600	146
600	449
600	386
600	459
600	102
600	40
600	179
600	427
600	496
600	309
600	5
600	170
600	506
600	436
600	429
600	151
600	470
600	574
600	19
600	193
600	84
600	135
600	443
600	145
600	171
600	573
600	112
600	556
600	545
600	288
600	115
600	188
600	70
600	258
600	433
600	130
600	386
600	252
600	370
600	353
600	94
600	338
600	398
600	586
600	160
600	140
600	570
600	512
600	576
600	370
600	200
600	47
600	71
600	332
600	405
600	190
600	72
600	99
600	67
600	78
600	86
600	439
600	583
600	350
600	173
600	302
600	453
600	221
600	309
600	478
600	399
600	67
600	505
600	127
600	357
600	139
600	54
600	296
600	438
600	57
600	87
600	340
600	164
600	52
600	413
600	297
600	341
600	489
600	355
600	389
600	6
600	148
600	247
600	469
600	523
600	435
600	125
600	515
600	522
600	520
600	270
600	123
600	461
600	483
600	525
600	362
600	293
600	594
600	34
600	180
600	172
600	294
600	168
600	376
600	515
600	4
600	585
600	378
600	194
600	404
600	513
600	422
600	238
600	129
600	407
600	116
600	100
600	125
600	192
600	516
600	260
600	345
600	462
600	430
600	337
600	110
600	574
600	502
600	124
600	499
600	343
600	403
600	176
600	371
600	398
600	403
600	321
600	42
600	439
600	93
600	350
600	132
600	334
600	290
600	261
600	514
600	187
600	320
600	525
600	401
600	171
600	37
600	431
600	297
600	179
600	580
600	30
600	80
600	224
600	183
600	469
600	576
600	530
600	258
600	47
600	580
600	471
600	215
600	82
600	346
600	467
600	252
600	397
600	124
600	533
600	573
600	480
600	209
600	461
600	486
600	411
600	484
600	426
600	282
600	375
600	518
600	288
600	593
600	16
600	549
600	454
600	497
600	372
600	375
600	590
600	300
600	93
600	476
600	189
600	250
600	234
600	336
600	546
600	211
600	436
600	90
600	251
600	203
600	436
600	117
600	299
600	298
600	354
600	248
600	585
600	7
600	264
600	443
600	362
600	528
600	213
600	80
600	533
600	177
600	333
600	268
600	39
600	415
600	509
600	129
600	221
600	255
600	213
600	145
600	215
600	319
600	238
600	169
600	45
600	193
600	59
600	344
600	488
600	320
600	453
600	138
600	307
600	152
600	102
600	349
600	539
600	390
600	182
600	287
600	97
600	305
600	268
600	146
600	481
600	340
600	516
600	77
600	387
600	570
600	359
600	497
600	22
600	228
600	552
600	341
600	396
600	513
600	555
600	358
600	153
600	339
600	0
600	550
600	461
600	90
600	405
600	247
600	193
600	359
600	594
600	293
600	470
600	23
600	357
600	285
600	129
600	466
600	533
600	14
600	562
600	167
600	260
600	531
600	60
600	382
600	454
600	145
600	575
600	273
600	318
600	147
600	433
600	120
600	56
600	408
600	555
600	376
600	513
600	238
600	167
600	471
600	386
600	237
600	96
600	182
600	236
600	458
600	322
600	507
600	549
600	334
600	280
600	386
600	352
600	267
600	228
600	544
600	507
600	547
600	104
600	396
600	266
600	508
600	284
600	522
600	1
600	508
600	345
600	157
600	486
600	196
600	226
600	81
600	157
600	132
600	26
600	370
600	373
600	92
600	128
600	212
600	471
600	218
600	319
600	528
600	351
600	453
600	562
600	55
600	460
600	253
600	333
600	414
600	353
600	324
600	22
600	390
600	470
600	13
600	450
600	303
600	280
600	424
600	573
600	193
600	93
600	535
600	153
600	351
600	444
600	96
600	71
600	456
600	544
600	359
600	164
600	107
600	302
600	534
600	458
600	94
600	244
600	284
600	424
600	451
600	417
600	344
600	340
600	160
600	371
600	161
600	276
600	274
600	108
600	324
600	484
600	381
600	134
600	224
600	33
600	170
600	181
600	433
600	268
600	509
600	268
600	583
600	346
600	257
600	439
600	586
600	361
600	59
600	231
600	492
600	229
600	8
600	45
600	203
600	25
600	36
600	470
600	18
600	49
600	360
600	188
600	548
600	555
600	551
600	85
600	316
600	406
600	365
600	428
600	291
600	202
600	380
600	118
600	327
600	591
600	573
600	487
600	396
600	90
600	40
600	427
600	585
600	546
600	263
600	264
600	370
600	241
600	437
600	472
600	510
600	582
600	590
600	461
600	524
600	223
600	579
600	333
600	207
600	203
600	566
600	69
600	27
600	5
600	156
600	442
600	538
600	181
600	51
600	458
600	72
600	89
600	129
600	465
600	591
600	257
600	14
600	416
600	504
600	520
600	552
600	16
600	535
600	278
600	321
600	68
600	153
600	34
600	71
600	395
600	13
600	461
600	280
600	365
600	92
600	522
600	311
600	157
600	198
600	81
600	135
600	245
600	195
600	307
600	283
600	456
600	242
600	543
600	568
600	256
600	49
600	507
600	72
600	167
600	10
600	311
600	516
600	427
600	71
600	355
600	77
600	11
600	554
600	264
600	111
600	398
600	579
600	492
600	394
600	91
600	310
600	167
600	390
600	402
600	392
600	403
600	234
600	577
600	590
600	144
600	305
600	179
600	410
600	573
600	546
600	324
600	547
600	219
600	155
600	15
600	536
600	227
600	273
600	48
600	105
600	544
600	439
600	205
600	107
600	151
600	560
600	207
600	357
600	51
600	90
600	591
600	315
600	485
600	585
600	219
600	135
600	272
600	221
600	367
600	278
600	282
600	186
600	360
600	518
600	247
600	482
600	381
600	258
600	240
600	121
600	126
600	512
600	17
600	172
600	494
600	88
600	463
600	414
600	237
600	41
600	392
600	593
600	550
600	385
600	69
600	254
600	176
600	96
600	250
600	585
600	223
600	202
600	423
600	355
600	458
600	191
600	583
600	29
600	583
600	169
600	341
600	591
600	251
600	530
600	214
600	34
600	342
600	407
600	17
600	104
600	442
600	364
600	299
600	318
600	220
600	341
600	280
600	570
600	84
600	599
600	236
600	199
600	271
600	385
600	343
600	531
600	340
600	362
600	110
600	481
600	515
600	144
600	78
600	175
600	544
600	346
600	108
600	222
600	7
600	43
600	544
600	129
600	66
600	116
600	72
600	5
600	518
600	148
600	465
600	68
600	508
600	142
600	208
600	205
600	43
600	199
600	198
600	403
600	226
600	403
600	74
600	272
600	219
600	323
600	184
600	7
600	363
600	413
600	183
600	459
600	503
600	329
600	464
600	342
600	144
600	451
600	411
600	546
600	151
600	177
600	244
600	246
600	531
600	282
600	418
600	598
600	431
600	465
600	304
600	538
600	577
600	110
600	509
600	416
600	517
600	527
600	70
600	176
600	0
600	96
600	155
600	381
600	584
600	108
600	302
600	515
600	241
600	6
600	511
600	329
600	122
600	81
600	93
600	325
600	294
600	112
600	488
600	398
600	583
600	386
600	314
600	570
600	445
600	118
600	532
600	68
600	499
600	175
600	324
600	345
600	170
600	517
600	363
600	584
600	95
600	112
600	221
600	60
600	240
600	265
600	570
600	367
600	493
600	334
600	345
600	396
600	65
600	290
600	268
600	153
600	7
600	175
600	335
600	31
600	497
600	265
600	2
600	16
600	363
600	544
600	46
600	364
600	390
600	49
600	292
600	24
600	97
600	130
600	433
600	452
600	266
600	320
600	382
600	430
600	90
600	447
600	419
600	448
600	143
600	477
600	555
600	27
600	411
600	315
600	219
600	343
600	9
600	9
600	221
600	528
600	575
600	389
600	177
600	534
600	79
600	80
600	202
600	249
600	136
600	133
600	430
600	311
600	506
600	335
600	240
600	572
600	183
600	269
600	96
600	133
600	172
600	461
600	457
600	409
600	423
600	227
600	155
600	532
600	562
600	363
600	335
600	1
600	525
600	339
600	504
600	75
600	314
600	30
600	529
600	192
600	146
600	262
600	241
600	139
600	181
600	377
600	595
600	4
600	207
600	167
600	394
600	470
600	381
600	149
600	426
600	397
600	431
600	105
600	26
600	554
600	536
600	43
600	205
600	317
600	144
600	12
600	39
600	30
600	507
600	142
600	509
600	416
600	354
600	504
600	549
600	58
600	383
600	284
600	45
600	202
600	117
600	254
600	103
600	48
600	206
600	195
600	290
600	469
600	199
600	220
600	572
600	103
600	366
600	94
600	283
600	122
600	188
600	375
600	547
600	188
600	324
600	86
600	465
600	36
600	355
600	391
600	494
600	264
600	290
600	83
600	48
600	243
600	55
600	88
600	418
600	583
600	474
600	242
600	340
600	124
600	419
600	485
600	565
600	461
600	505
600	6
600	252
600	451
600	564
600	381
600	55
600	40
600	100
600	321
600	322
600	18
600	403
600	88
600	297
600	275
600	549
600	537
600	521
600	145
600	552
600	32
600	576
600	150
600	326
600	349
600	133
600	598
600	535
600	2
600	546
600	192
600	580
600	15
600	542
600	364
600	134
600	84
600	111
600	543
600	309
600	162
600	124
600	254
600	404
600	438
600	337
600	93
600	450
600	467
600	340
600	338
600	524
600	403
600	500
600	578
600	589
600	394
600	593
600	119
600	583
600	303
600	110
600	150
600	323
600	583
600	339
600	593
600	453
600	184
600	127
600	29
600	163
600	295
600	195
600	2
600	44
600	270
600	530
600	466
600	213
600	86
600	140
600	112
600	279
600	516
600	442
600	191
600	404
600	243
600	163
600	332
600	528
600	223
600	165
600	137
600	84
600	353
600	216
600	150
600	437
600	316
600	172
600	270
600	11
600	506
600	490
600	595
600	110
600	3
600	8
600	511
600	299
600	300
600	430
600	473
600	588
600	104
600	86
600	280
600	94
600	206
600	185
600	191
600	260
600	94
600	291
600	197
600	209
600	49
600	80
600	536
600	226
600	348
600	345
600	29
600	345
600	320
600	47
600	454
600	534
600	154
600	176
600	592
600	520
600	586
600	526
600	328
600	97
600	426
600	541
600	322
600	536
600	21
600	509
600	310
600	528
600	537
600	469
600	79
600	534
600	546
600	577
600	569
600	312
600	581
600	98
600	527
600	480
600	565
600	524
600	334
600	512
600	102
600	293
600	145
600	487
600	444
600	128
600	241
600	585
600	14
600	1
600	321
600	85
600	293
600	180
600	148
600	496
600	331
600	350
600	403
600	312
600	138
600	309
600	311
600	267
600	26
600	36
600	399
600	485
600	181
600	534
600	407
600	215
600	507
600	571
600	469
600	461
600	350
600	248
600	561
600	56
600	497
600	457
600	504
600	330
600	442
600	418
600	317
600	577
600	560
600	211
600	61
600	314
600	515
600	569
600	13
600	391
600	47
600	433
600	354
600	131
600	524
600	24
600	397
489	600
382	600
406	600
273	600
533	600
147	600
137	600
218	600
410	600
374	600
198	600
532	600
323	600
544	600
418	600
525	600
485	600
53	600
438	600
368	600
225	600
546	600
281	600
7	600
104	600
353	600
207	600
324	600
286	600
582	600
456	600
196	600
145	600
522	600
171	600
465	600
3	600
105	600
169	600
394	600
59	600
506	600
86	600
529	600
483	600
474	600
441	600
336	600
338	600
510	600
405	600
257	600
192	600
179	600
457	600
321	600
354	600
467	600
570	600
585	600
156	600
271	600
360	600
265	600
283	600
475	600
125	600
416	600
309	600
131	600
10	600
60	600
487	600
56	600
420	600
154	600
174	600
502	600
219	600
19	600
10	600
237	600
180	600
60	600
340	600
186	600
524	600
96	600
289	600
570	600
380	600
148	600
430	600
227	600
309	600
590	600
315	600
94	600
121	600
515	600
276	600
124	600
560	600
588	600
570	600
300	600
556	600
60	600
401	600
239	600
268	600
361	600
418	600
592	600
357	600
388	600
281	600
363	600
47	600
198	600
569	600
121	600
571	600
529	600
411	600
469	600
267	600
569	600
21	600
207	600
145	600
37	600
543	600
186	600
169	600
294	600
577	600
155	600
387	600
146	600
32	600
240	600
360	600
29	600
359	600
267	600
454	600
6	600
578	600
258	600
78	600
225	600
54	600
445	600
3	600
542	600
124	600
427	600
181	600
381	600
341	600
464	600
379	600
459	600
583	600
303	600
279	600
422	600
462	600
144	600
260	600
530	600
102	600
495	600
482	600
29	600
124	600
105	600
546	600
237	600
76	600
379	600
261	600
228	600
148	600
193	600
302	600
61	600
16	600
479	600
144	600
166	600
167	600
351	600
82	600
97	600
523	600
352	600
392	600
593	600
422	600
344	600
571	600
182	600
279	600
30	600
392	600
428	600
596	600
318	600
85	600
590	600
18	600
282	600
511	600
179	600
527	600
273	600
154	600
570	600
297	600
414	600
312	600
424	600
63	600
464	600
379	600
331	600
253	600
217	600
261	600
81	600
333	600
230	600
292	600
58	600
408	600
506	600
324	600
63	600
437	600
599	600
316	600
85	600
288	600
450	600
186	600
170	600
420	600
26	600
330	600
219	600
451	600
477	600
41	600
567	600
81	600
334	600
313	600
588	600
17	600
390	600
205	600
396	600
535	600
590	600
260	600
75	600
277	600
231	600
10	600
472	600
305	600
407	600
450	600
374	600
499	600
41	600
336	600
189	600
349	600
231	600
298	600
426	600
411	600
574	600
15	600
560	600
513	600
477	600
64	600
201	600
276	600
475	600
59	600
365	600
577	600
245	600
22	600
13	600
121	600
145	600
16	600
213	600
318	600
419	600
299	600
556	600
519	600
137	600
518	600
449	600
511	600
428	600
343	600
28	600
580	600
542	600
565	600
189	600
236	600
362	600
396	600
149	600
113	600
76	600
586	600
48	600
373	600
22	600
270	600
204	600
217	600
436	600
296	600
392	600
175	600
550	600
83	600
220	600
287	600
95	600
359	600
169	600
510	600
486	600
100	600
228	600
243	600
329	600
25	600
188	600
388	600
272	600
121	600
213	600
245	600
445	600
271	600
17	600
344	600
158	600
553	600
563	600
592	600
540	600
111	600
191	600
7	600
484	600
175	600
17	600
104	600
376	600
441	600
224	600
87	600
57	600
61	600
463	600
444	600
242	600
93	600
96	600
598	600
84	600
492	600
237	600
308	600
258	600
190	600
109	600
535	600
336	600
65	600
359	600
323	600
197	600
497	600
45	600
468	600
482	600
170	600
424	600
493	600
198	600
302	600
52	600
564	600
191	600
550	600
80	600
122	600
599	600
333	600
349	600
542	600
385	600
160	600
297	600
353	600
94	600
106	600
598	600
420	600
65	600
12	600
563	600
29	600
355	600
290	600
383	600
185	600
595	600
360	600
357	600
411	600
278	600
395	600
361	600
507	600
239	600
188	600
557	600
282	600
363	600
119	600
432	600
585	600
259	600
458	600
220	600
121	600
15	600
433	600
202	600
20	600
180	600
358	600
92	600
379	600
577	600
253	600
159	600
298	600
452	600
174	600
323	600
14	600
20	600
500	600
553	600
326	600
66	600
66	600
40	600
375	600
561	600
565	600
587	600
185	600
167	600
5	600
266	600
263	600
127	600
133	600
36	600
460	600
445	600
193	600
30	600
25	600
357	600
575	600
547	600
363	600
56	600
111	600
215	600
529	600
548	600
124	600
409	600
499	600
542	600
44	600
93	600
509	600
55	600
220	600
300	600
555	600
40	600
485	600
209	600
559	600
395	600
179	600
408	600
262	600
432	600
51	600
396	600
161	600
465	600
156	600
21	600
56	600
59	600
503	600
357	600
328	600
561	600
537	600
326	600
500	600
406	600
343	600
554	600
545	600
279	600
240	600
45	600
100	600
11	600
550	600
275	600
375	600
256	600
366	600
530	600
552	600
387	600
568	600
452	600
306	600
371	600
312	600
315	600
516	600
442	600
274	600
128	600
64	600
1	600
485	600
515	600
535	600
359	600
390	600
169	600
31	600
294	600
501	600
348	600
246	600
371	600
228	600
389	600
408	600
160	600
356	600
246	600
341	600
71	600
258	600
271	600
446	600
597	600
487	600
456	600
13	600
568	600
365	600
446	600
156	600
151	600
461	600
3	600
526	600
556	600
125	600
102	600
218	600
496	600
70	600
156	600
567	600
460	600
332	600
426	600
481	600
424	600
447	600
233	600
224	600
314	600
95	600
588	600
577	600
132	600
260	600
264	600
294	600
298	600
163	600
528	600
225	600
566	600
548	600
517	600
375	600
258	600
344	600
478	600
319	600
402	600
369	600
386	600
441	600
283	600
265	600
567	600
475	600
124	600
20	600
77	600
55	600
71	600
530	600
237	600
200	600
148	600
420	600
215	600
491	600
179	600
400	600
221	600
395	600
307	600
360	600
34	600
516	600
276	600
180	600
117	600
1	600
333	600
208	600
224	600
2	600
307	600
264	600
512	600
357	600
80	600
407	600
168	600
180	600
139	600
375	600
414	600
599	600
305	600
339	600
434	600
184	600
543	600
297	600
279	600
341	600
523	600
499	600
87	600
83	600
351	600
572	600
199	600
261	600
328	600
352	600
548	600
28	600
81	600
300	600
240	600
448	600
487	600
92	600
13	600
157	600
193	600
443	600
109	600
377	600
127	600
517	600
4	600
465	600
571	600
425	600
538	600
44	600
40	600
490	600
441	600
231	600
301	600
492	600
87	600
191	600
110	600
596	600
368	600
213	600
144	600
521	600
196	600
331	600
343	600
566	600
432	600
285	600
366	600
225	600
180	600
403	600
57	600
205	600
376	600
195	600
130	600
236	600
292	600
3	600
175	600
9	600
202	600
332	600
205	600
233	600
394	600
170	600
107	600
513	600
226	600
247	600
109	600
299	600
56	600
112	600
410	600
298	600
6	600
552	600
165	600
597	600
456	600
432	600
141	600
265	600
36	600
520	600
33	600
582	600
183	600
302	600
580	600
35	600
80	600
445	600
184	600
222	600
355	600
66	600
66	600
164	600
453	600
208	600
570	600
406	600
23	600
107	600
598	600
76	600
9	600
65	600
314	600
100	600
140	600
197	600
470	600
315	600
107	600
493	600
387	600
508	600
479	600
131	600
523	600
6	600
350	600
240	600
388	600
343	600
336	600
444	600
201	600
335	600
13	600
371	600
550	600
263	600
358	600
289	600
253	600
480	600
70	600
246	600
594	600
592	600
341	600
533	600
23	600
496	600
330	600
286	600
245	600
257	600
97	600
347	600
144	600
204	600
32	600
384	600
21	600
224	600
10	600
83	600
362	600
142	600
143	600
427	600
170	600
113	600
433	600
462	600
381	600
386	600
282	600
434	600
104	600
55	600
39	600
260	600
525	600
27	600
19	600
15	600
394	600
369	600
361	600
429	600
502	600
130	600
387	600
321	600
118	600
198	600
520	600
460	600
283	600
407	600
61	600
78	600
540	600
153	600
75	600
285	600
480	600
69	600
552	600
385	600
272	600
493	600
445	600
512	600
269	600
442	600
548	600
557	600
430	600
457	600
371	600
90	600
3	600
164	600
593	600
383	600
475	600
372	600
44	600
251	600
222	600
332	600
53	600
327	600
456	600
161	600
337	600
90	600
203	600
70	600
268	600
415	600
543	600
436	600
404	600
11	600
137	600
503	600
311	600
530	600
590	600
235	600
186	600
129	600
242	600
117	600
216	600
182	600
217	600
62	600
363	600
267	600
72	600
234	600
50	600
154	600
481	600
471	600
94	600
242	600
330	600
457	600
82	600
280	600
57	600
570	600
55	600
97	600
278	600
495	600
362	600
259	600
53	600
5	600
339	600
372	600
414	600
170	600
515	600
242	600
275	600
553	600
424	600
137	600
301	600
53	600
495	600
283	600
459	600
190	600
472	600
377	600
513	600
522	600
367	600
424	600
449	600
74	600
220	600
391	600
328	600
165	600
584	600
268	600
151	600
347	600
58	600
319	600
316	600
495	600
517	600
199	600
445	600
312	600
504	600
328	600
273	600
561	600
515	600
93	600
267	600
219	600
568	600
314	600
43	600
452	600
53	600
99	600
163	600
361	600
93	600
336	600
131	600
471	600
325	600
442	600
513	600
87	600
50	600
559	600
17	600
120	600
445	600
553	600
468	600
527	600
431	600
380	600
168	600
273	600
447	600
510	600
156	600
313	600
37	600
370	600
294	600
540	600
418	600
189	600
59	600
586	600
342	600
49	600
371	600
135	600
86	600
567	600
254	600
207	600
32	600
63	600
279	600
129	600
204	600
388	600
379	600
202	600
577	600
211	600
238	600
290	600
448	600
33	600
539	600
52	600
265	600
300	600
309	600
86	600
417	600
386	600
558	600
425	600
381	600
158	600
99	600
2	600
501	600
17	600
155	600
575	600
87	600
12	600
91	600
453	600
87	600
588	600
87	600
86	600
497	600
518	600
494	600
248	600
563	600
578	600
282	600
288	600
473	600
213	600
195	600
462	600
70	600
54	600
520	600
154	600
539	600
202	600
153	600
116	600
336	600
26	600
427	600
73	600
581	600
458	600
553	600
545	600
75	600
413	600
267	600
438	600
67	600
308	600
342	600
439	600
499	600
269	600
240	600
514	600
505	600
88	600
110	600
176	600
29	600
581	600
340	600
25	600
159	600
17	600
343	600
329	600
418	600
584	600
339	600
299	600
212	600
452	600
325	600
241	600
554	600
547	600
84	600
494	600
421	600
71	600
400	600
466	600
27	600
510	600
223	600
453	600
84	600
418	600
168	600
423	600
10	600
107	600
126	600
155	600
291	600
592	600
283	600
196	600
295	600
269	600
502	600
72	600
504	600
118	600
578	600
161	600
346	600
330	600
37	600
562	600
529	600
179	600
114	600
239	600
393	600
361	600
27	600
469	600
175	600
566	600
94	600
160	600
10	600
100	600
98	600
163	600
164	600
83	600
311	600
106	600
171	600
591	600
128	600
444	600
206	600
397	600
102	600
253	600
174	600
574	600
18	600
23	600
292	600
245	600
486	600
416	600
345	600
330	600
568	600
262	600
37	600
257	600
60	600
503	600
71	600
277	600
437	600
110	600
102	600
477	600
80	600
223	600
362	600
176	600
470	600
68	600
362	600
221	600
428	600
416	600
179	600
564	600
368	600
504	600
17	600
472	600
81	600
250	600
269	600
589	600
563	600
557	600
155	600
246	600
414	600
200	600
87	600
32	600
315	600
439	600
172	600
211	600
491	600
335	600
448	600
374	600
139	600
547	600
247	600
321	600
343	600
367	600
99	600
430	600
266	600
409	600
261	600
297	600
287	600
256	600
459	600
431	600
24	600
349	600
509	600
354	600
224	600
78	600
325	600
586	600
199	600
33	600
323	600
368	600
218	600
166	600
578	600
332	600
132	600
509	600
27	600
62	600
285	600
342	600
139	600
33	600
532	600
87	600
212	600
571	600
284	600
400	600
317	600
74	600
353	600
498	600
351	600
137	600
150	600
326	600
165	600
7	600
261	600
459	600
406	600
249	600
250	600
383	600
523	600
509	600
92	600
222	600
375	600
55	600
64	600
481	600
40	600
233	600
331	600
373	600
257	600
11	600
388	600
356	600
369	600
443	600
437	600
497	600
404	600
326	600
404	600
333	600
563	600
308	600
114	600
366	600
138	600
273	600
574	600
119	600
287	600
119	600
367	600
3	600
282	600
513	600
125	600
267	600
149	600
299	600
347	600
7	600
41	600
53	600
395	600
25	600
138	600
454	600
253	600
325	600
88	600
501	600
478	600
68	600
340	600
155	600
169	600
312	600
251	600
293	600
12	600
194	600
82	600
573	600
146	600
183	600
438	600
167	600
192	600
329	600
62	600
249	600
238	600
98	600
224	600
332	600
157	600
139	600
132	600
280	600
279	600
362	600
337	600
571	600
351	600
434	600
578	600
505	600
502	600
300	600
269	600
232	600
407	600
100	600
320	600
195	600
104	600
398	600
96	600
422	600
429	600
55	600
463	600
369	600
523	600
320	600
577	600
109	600
349	600
469	600
11	600
547	600
447	600
572	600
481	600
364	600
237	600
33	600
411	600
155	600
246	600
415	600
539	600
111	600
515	600
336	600
501	600
460	600
574	600
229	600
587	600
145	600
408	600
73	600
484	600
69	600
363	600
471	600
257	600
19	600
425	600
157	600
548	600
340	600
559	600
376	600
173	600
299	600
90	600
574	600
458	600
115	600
4	600
75	600
82	600
429	600
331	600
411	600
478	600
318	600
23	600
543	600
508	600
285	600
589	600
586	600
210	600
419	600
100	600
187	600
35	600
170	600
251	600
565	600
177	600
384	600
414	600
273	600
344	600
173	600
347	600
197	600
155	600
415	600
477	600
462	600
389	600
383	600
108	600
433	600
317	600
28	600
311	600
112	600
591	600
54	600
488	600
192	600
251	600
21	600
394	600
438	600
381	600
512	600
553	600
202	600
432	600
265	600
173	600
451	600
279	600
53	600
421	600
370	600
90	600
153	600
300	600
291	600
161	600
496	600
163	600
126	600
192	600
138	600
547	600
28	600
215	600
167	600
84	600
373	600
181	600
417	600
535	600
382	600
337	600
214	600
21	600
503	600
132	600
100	600
138	600
467	600
38	600
96	600
218	600
569	600
67	600
247	600
126	600
487	600
66	600
437	600
298	600
590	600
2	600
484	600
326	600
40	600
465	600
484	600
151	600
54	600
11	600
217	600
146	600
430	600
299	600
402	600
228	600
250	600
337	600
478	600
337	600
44	600
544	600
241	600
191	600
277	600
339	600
428	600
294	600
573	600
403	600
506	600
374	600
172	600
343	600
406	600
77	600
327	600
233	600
10	600
523	600
318	600
201	600
27	600
388	600
531	600
192	600
456	600
74	600
533	600
27	600
57	600
4	600
138	600
314	600
5	600
40	600
107	600
364	600
379	600
336	600
193	600
393	600
226	600
571	600
245	600
116	600
460	600
379	600
413	600
210	600
293	600
46	600
531	600
555	600
297	600
147	600
79	600
548	600
372	600
19	600
509	600
39	600
555	600
322	600
593	600
8	600
55	600
288	600
63	600
428	600
74	600
161	600
359	600
360	600
98	600
317	600
437	600
579	600
586	600
540	600
415	600
569	600
176	600
498	600
447	600
46	600
57	600
147	600
176	600
83	600
336	600
259	600
62	600
455	600
294	600
420	600
294	600
21	600
596	600
453	600
500	600
246	600
148	600
28	600
540	600
491	600
533	600
448	600
376	600
218	600
124	600
309	600
64	600
58	600
471	600
220	600
343	600
428	600
142	600
126	600
170	600
272	600
51	600
286	600
36	600
241	600
592	600
512	600
364	600
398	600
23	600
386	600
400	600
430	600
236	600
405	600
147	600
551	600
351	600
248	600
529	600
212	600
286	600
321	600
28	600
552	600
272	600
240	600
103	600
483	600
283	600
299	600
495	600
176	600
231	600
544	600
482	600
360	600
332	600
506	600
367	600
383	600
549	600
34	600
317	600
176	600
536	600
121	600
296	600
512	600
117	600
96	600
270	600
340	600
324	600
245	600
55	600
488	600
364	600
122	600
91	600
46	600
454	600
19	600
445	600
311	600
216	600
460	600
597	600
384	600
517	600
405	600
100	600
291	600
441	600
43	600
64	600
129	600
579	600
332	600
447	600
442	600
379	600
574	600
17	600
121	600
355	600
524	600
14	600
270	600
569	600
254	600
398	600
417	600
226	600
556	600
599	600
576	600
75	600
232	600
145	600
245	600
41	600
125	600
30	600
231	600
472	600
535	600
261	600
163	600
489	600
248	600
509	600
504	600
260	600
404	600
566	600
364	600
133	600
98	600
52	600
461	600
515	600
208	600
285	600
264	600
587	600
290	600
370	600
32	600
387	600
534	600
378	600
171	600
307	600
599	600
193	600
127	600
110	600
99	600
103	600
588	600
93	600
27	600
205	600
174	600
285	600
560	600
355	600
266	600
431	600
476	600
509	600
290	600
21	600
500	600
76	600
399	600
253	600
424	600
64	600
162	600
486	600
131	600
507	600
575	600
430	600
302	600
321	600
254	600
590	600
180	600
436	600
23	600
581	600
465	600
323	600
569	600
425	600
68	600
42	600
424	600
261	600
446	600
598	600
441	600
548	600
357	600
159	600
139	600
4	600
402	600
463	600
307	600
349	600
516	600
209	600
411	600
136	600
22	600
123	600
81	600
93	600
292	600
406	600
440	600
388	600
109	600
588	600
173	600
21	600
149	600
193	600
424	600
11	600
74	600
577	600
173	600
436	600
49	600
1	600
158	600
420	600
397	600
314	600
575	600
214	600
395	600
185	600
397	600
140	600
588	600
426	600
308	600
206	600
344	600
338	600
339	600
6	600
475	600
323	600
54	600
476	600
143	600
26	600
568	600
326	600
358	600
260	600
411	600
207	600
314	600
47	600
366	600
480	600
372	600
342	600
521	600
53	600
149	600
596	600
208	600
174	600
43	600
290	600
418	600
125	600
508	600
91	600
525	600
567	600
32	600
228	600
407	600
475	600
438	600
497	600
419	600
584	600
406	600
451	600
103	600
76	600
502	600
294	600
278	600
158	600
283	600
270	600
367	600
549	600
358	600
425	600
120	600
498	600
192	600
239	600
136	600
119	600
123	600
391	600
584	600
523	600
527	600
492	600
341	600
222	600
254	600
220	600
326	600
143	600
509	600
72	600
532	600
101	600
575	600
255	600
306	600
89	600
471	600
270	600
314	600
595	600
530	600
386	600
586	600
452	600
174	600
430	600
137	600
48	600
155	600
72	600
250	600
590	600
557	600
181	600
308	600
208	600
27	600
117	600
331	600
517	600
23	600
537	600
279	600
558	600
106	600
233	600
150	600
190	600
107	600
410	600
73	600
90	600
300	600
581	600
560	600
143	600
74	600
570	600
563	600
467	600
439	600
563	600
566	600
412	600
357	600
213	600
199	600
501	600
424	600
337	600
295	600
23	600
369	600
418	600
363	600
60	600
395	600
446	600
463	600
583	600
140	600
535	600
470	600
71	600
154	600
52	600
304	600
585	600
103	600
280	600
543	600
589	600
274	600
348	600
8	600
489	600
291	600
296	600
259	600
458	600
115	600
132	600
511	600
266	600
190	600
301	600
534	600
27	600
246	600
580	600
391	600
233	600
237	600
48	600
430	600
173	600
327	600
363	600
244	600
405	600
9	600
562	600
228	600
313	600
122	600
30	600
28	600
193	600
12	600
360	600
204	600
507	600
359	600
338	600
486	600
280	600
291	600
288	600
9	600
374	600
471	600
132	600
324	600
392	600
123	600
321	600
180	600
233	600
22	600
0	600
402	600
567	600
477	600
358	600
220	600
524	600
329	600
551	600
70	600
489	600
27	600
251	600
101	600
11	600
535	600
6	600
560	600
335	600
378	600
94	600
147	600
185	600
402	600
549	600
553	600
0	600
313	600
15	600
525	600
174	600
436	600
189	600
533	600
203	600
446	600
599	600
60	600
257	600
404	600
209	600
211	600
275	600
173	600
76	600
371	600
598	600
144	600
149	600
489	600
561	600
538	600
139	600
118	600
465	600
106	600
498	600
522	600
493	600
355	600
508	600
13	600
329	600
150	600
431	600
193	600
518	600
209	600
514	600
79	600
285	600
351	600
273	600
469	600
108	600
205	600
96	600
337	600
522	600
223	600
395	600
469	600
516	600
445	600
4	600
223	600
330	600
157	600
62	600
19	600
123	600
110	600
358	600
247	600
253	600
182	600
506	600
451	600
50	600
97	600
586	600
43	600
260	600
126	600
2	600
482	600
536	600
295	600
33	600
100	600
88	600
310	600
332	600
185	600
523	600
583	600
540	600
593	600
551	600
70	600
54	600
392	600
479	600
477	600
217	600
552	600
519	600
401	600
506	600
285	600
348	600
434	600
283	600
313	600
393	600
557	600
218	600
213	600
403	600
232	600
13	600
360	600
214	600
562	600
532	600
127	600
425	600
396	600
455	600
393	600
317	600
128	600
286	600
550	600
427	600
132	600
559	600
244	600
43	600
219	600
266	600
429	600
272	600
329	600
521	600
552	600
24	600
544	600
563	600
322	600
490	600
556	600
240	600
473	600
48	600
263	600
214	600
93	600
188	600
73	600
585	600
419	600
39	600
496	600
450	600
560	600
396	600
544	600
238	600
534	600
156	600
72	600
343	600
198	600
538	600
441	600
296	600
154	600
542	600
67	600
474	600
509	600
143	600
365	600
436	600
538	600
129	600
345	600
567	600
574	600
407	600
594	600
199	600
171	600
522	600
50	600
165	600
297	600
183	600
109	600
297	600
307	600
510	600
340	600
29	600
212	600
350	600
222	600
325	600
252	600
39	600
178	600
403	600
83	600
264	600
129	600
327	600
232	600
6	600
259	600
139	600
454	600
406	600
393	600
532	600
252	600
169	600
259	600
540	600
279	600
102	600
61	600
5	600
215	600
566	600
202	600
16	600
155	600
177	600
5	600
380	600
113	600
510	600
192	600
578	600
142	600
479	600
212	600
436	600
366	600
42	600
387	600
414	600
145	600
404	600
597	600
380	600
419	600
473	600
381	600
491	600
373	600
159	600
255	600
197	600
461	600
216	600
496	600
156	600
479	600
5	600
42	600
71	600
358	600