279	37
271	51
308	14
541	418
16	492
447	254
324	41
541	418
361	106
477	307
144	271
239	106
119	313
230	121
466	287
566	461
97	351
379	137
41	448
455	268
70	399
409	189
297	5
573	473
581	487
91	363
522	384
536	409
160	242
471	296
493	334
507	358
509	363
23	480
339	67
451	262
537	411
425	216
366	114
133	289
219	140
275	44
157	248
445	252
95	356
56	423
17	490
151	259
210	157
34	461
477	306
27	473
458	274
50	433
177	213
231	120
193	185
531	401
50	433
554	441
87	369
2	517
14	496
307	12
204	167
283	29
61	415
31	467
587	498
179	209
579	484
570	468
576	479
522	384
296	7
155	252
436	235
212	153
360	105
14	495
557	445
426	219
72	396
346	80
213	151
566	461
194	184
327	47
384	145
10	503
157	248
288	21
229	124
168	229
492	332
260	70
114	322
115	321
374	129
214	150
550	434
173	221
107	335
559	448
22	482
197	178
6	510
437	237
378	135
229	124
566	461
584	493
106	336
415	199
410	191
367	117
272	49
588	499
447	254
174	218
297	5
377	134
165	234
183	203
466	288
76	389
179	209
519	380
274	46
206	163
575	476
41	448
318	32
412	195
483	318
48	437
13	497
344	77
371	123
400	173
198	177
528	396
555	442
24	478
218	142
516	374
438	239
507	359
133	289
104	339
218	142
113	324
299	2
243	99
255	78
574	474
138	281
495	338
62	412
4	513
482	316
515	373
123	307
435	234
137	283
593	507
247	92
563	456
73	393
370	121
170	225
510	364
22	482
408	188
460	277
231	120
449	259
301	2
57	422
567	462
258	73
289	19
429	224
159	244
22	482
138	280
100	347
86	371
331	54
316	28
73	393
354	93
461	279
581	487
38	454
174	219
51	431
586	496
318	32
464	285
518	377
572	472
570	468
320	35
272	48
22	482
11	501
64	409
407	186
5	512
475	303
490	330
50	434
472	299
167	231
148	263
253	81
134	287
485	321
167	231
365	113
595	511
528	396
301	2
454	267
81	379
300	1
127	300
548	429
451	261
400	173
126	302
543	422
355	95
4	513
139	279
178	212
269	54
2	517
328	48
556	444
394	163
504	354
243	99
339	68
344	76
485	320
325	43
230	121
399	171
79	383
119	313
268	56
525	390
231	120
294	10
45	442
75	390
589	500
475	304
335	61
150	260
469	293
370	121
116	319
442	247
263	64
167	231
106	336
302	4
297	6
509	363
276	42
204	167
33	463
265	61
178	211
290	18
584	493
216	145
365	112
0	519
507	358
45	442
248	91
71	397
62	412
80	381
326	46
360	105
307	12
27	473
24	478
101	345
579	483
411	192
544	423
534	405
463	283
274	45
526	392
36	457
128	298
552	436
13	497
408	187
15	494
428	222
67	403
511	365
49	435
595	511
354	93
78	384
505	356
116	319
190	190
444	249
479	310
403	179
112	326
356	97
189	193
186	198
198	177
555	442
104	340
533	404
451	261
502	350
153	255
489	328
375	131
436	235
63	410
408	188
549	431
463	283
64	409
31	466
119	313
326	45
225	130
464	285
361	106
100	346
531	400
514	371
323	40
43	446
224	132
317	29
226	128
376	132
529	397
547	428
168	229
187	196
545	425
341	72
448	256
410	191
317	30
596	513
522	384
410	191
386	149
2	517
469	293
387	151
569	466
291	16
106	336
69	401
246	93
415	199
100	347
539	414
158	246
110	330
446	253
529	397
332	56
475	303
126	301
560	450
597	515
25	476
200	173
114	322
331	54
539	414
276	42
281	34
26	474
426	219
195	182
375	130
122	309
333	58
309	16
460	277
36	458
78	384
380	138
440	242
35	460
447	254
326	46
546	426
37	455
494	337
131	293
487	324
123	307
355	95
263	65
477	306
563	456
138	281
0	519
255	79
108	332
22	481
252	83
496	340
464	284
564	458
134	287
406	184
245	95
478	308
104	339
337	64
95	356
496	340
563	455
514	371
284	28
140	278
33	462
333	58
398	170
558	447
162	239
563	456
322	38
112	326
571	470
254	80
559	449
453	266
22	481
383	144
119	313
334	59
434	232
410	191
121	311
346	80
586	496
352	90
463	283
508	360
481	314
174	219
452	264
491	331
242	101
246	94
272	48
395	165
539	414
215	148
189	192
67	403
387	151
250	87
41	448
507	359
508	361
41	449
31	467
488	326
152	256
137	282
182	204
440	242
185	200
320	35
127	300
34	461
123	306
432	229
580	486
504	353
518	377
76	388
95	355
361	106
85	372
150	260
106	337
344	76
267	58
374	128
226	128
49	435
402	177
244	97
355	95
324	41
421	209
366	114
493	335
19	487
289	19
325	44
599	518
278	39
371	124
443	248
55	425
230	122
0	519
185	199
400	174
272	49
246	93
378	136
512	367
10	503
409	189
33	463
295	9
354	93
197	179
491	331
563	455
219	141
361	106
213	151
213	151
167	230
543	422
196	181
5	511
383	144
567	462
498	344
336	62
375	130
439	241
174	219
311	20
522	384
5	511
192	187
345	78
121	310
52	429
337	64
369	119
29	470
281	34
100	346
520	382
577	480
360	104
104	339
107	335
181	206
562	454
302	3
380	138
188	195
381	140
1	518
165	234
591	505
260	69
462	280
191	189
167	230
453	265
598	516
109	331
473	300
156	249
137	283
417	203
45	442
243	99
396	167
133	290
340	69
411	192
342	73
427	221
437	238
185	200
10	502
218	142
407	186
249	88
26	475
588	499
437	237
570	468
310	18
48	437
471	297
458	274
579	484
513	370
304	8
414	197
310	17
380	139
431	228
75	390
115	320
518	377
156	249
429	224
440	242
192	187
340	69
499	345
276	41
246	93
285	27
298	3
476	305
11	500
276	41
138	280
385	148
484	319
559	448
131	293
138	281
292	14
113	324
115	320
567	463
530	399
385	148
298	3
370	122
172	222
138	280
252	84
26	474
466	287
145	268
384	146
348	83
93	358
269	54
207	161
447	254
88	368
328	48
29	470
518	378
11	501
455	269
67	403
431	227
504	354
158	247
332	55
97	351
337	65
554	440
517	376
490	330
245	95
507	359
524	389
347	81
226	128
415	199
444	249
369	119
474	301
133	289
6	510
376	132
347	81
66	405
253	82
16	493
455	269
200	174
176	215
594	509
136	284
254	80
248	91
463	282
256	77
145	268
442	246
455	268
27	473
508	361
146	267
496	339
245	96
41	449
342	73
28	472
557	446
548	429
192	188
219	141
86	371
179	209
201	172
349	85
223	134
376	132
418	205
405	182
278	38
362	108
503	351
219	141
148	263
207	161
377	134
597	515
11	500
509	363
442	247
67	403
90	364
74	392
177	214
5	511
568	464
548	430
241	103
250	86
102	344
484	319
534	405
425	216
54	426
559	449
149	262
298	4
446	253
26	474
583	490
220	138
436	236
354	94
481	314
333	57
97	351
77	386
220	138
261	67
524	389
51	431
386	149
450	260
598	516
427	221
22	482
163	237
516	375
13	497
331	54
128	299
418	204
571	470
208	160
587	498
326	45
40	450
6	510
184	202
88	368
82	378
424	215
477	306
399	171
384	145
158	247
501	349
567	462
96	353
102	344
255	79
512	368
274	46
376	132
240	104
37	456
452	264
174	218
373	127
493	334
391	158
231	120
129	296
149	262
582	489
24	478
316	28
278	38
222	135
104	340
158	247
472	299
323	40
182	204
448	257
309	16
54	427
458	274
10	503
413	196
389	154
414	198
201	172
352	91
107	334
329	51
6	510
362	108
313	22
482	316
472	299
159	245
324	42
157	248
258	73
386	150
309	15
236	111
310	18
242	100
131	293
585	494
449	258
555	442
435	234
19	487
566	461
475	304
475	303
457	273
403	179
329	51
381	141
197	178
245	96
448	257
99	348
170	225
263	64
324	41
376	132
452	263
597	515
426	218
285	27
436	235
190	190
539	415
97	351
43	446
372	125
545	425
46	440
75	390
160	242
331	54
118	315
393	161
323	40
118	315
212	153
164	235
429	224
73	394
397	168
349	85
370	121
36	457
198	177
377	133
313	22
331	54
73	393
386	150
295	9
450	260
564	457
387	151
489	328
327	47
477	306
331	54
324	41
585	494
596	513
487	325
359	103
505	355
445	251
118	315
250	86
348	83
384	145
464	285
253	82
216	145
392	159
189	193
496	339
157	248
243	99
407	185
560	450
304	7
393	162
250	86
160	242
134	287
87	370
321	37
441	245
532	402
291	16
459	275
270	52
589	500
452	263
493	335
5	512
191	189
41	448
188	194
13	498
514	371
52	429
392	160
266	59
578	481
290	18
49	435
515	372
41	449
270	52
76	388
284	28
1	518
591	505
154	253
60	416
246	93
353	92
367	116
518	378
539	414
513	370
571	469
479	310
572	472
513	369
414	197
48	436
101	345
333	57
74	392
583	490
231	119
586	495
113	324
23	480
103	342
100	347
487	325
72	396
543	421
173	221
408	187
501	348
52	429
569	466
519	380
351	88
318	32
477	307
371	123
503	352
459	276
325	44
420	208
410	190
144	270
347	82
581	487
389	154
375	130
242	100
122	309
481	314
386	150
279	37
325	43
392	160
133	290
226	128
305	9
127	300
570	468
141	275
515	372
334	59
447	254
505	356
82	377
316	28
70	399
57	422
86	371
501	349
118	316
268	56
71	397
237	110
451	262
73	394
328	48
530	398
329	50
514	371
559	448
530	398
276	41
42	447
421	210
580	486
37	455
241	102
355	96
420	208
410	190
391	158
365	112
387	151
293	13
298	3
195	182
372	125
62	412
101	345
360	105
85	373
213	151
221	137
56	423
419	207
375	130
581	487
305	9
284	28
196	181
2	517
336	63
243	99
350	86
548	430
43	445
300	1
301	2
201	171
347	81
115	320
489	327
283	30
558	447
287	23
434	232
111	328
365	112
335	61
278	38
48	436
194	183
82	377
222	135
357	99
516	375
166	232
318	32
117	318
585	494
526	391
210	157
557	446
479	311
5	511
440	242
160	242
5	512
469	293
7	507
371	123
65	407
389	154
309	15
349	85
301	2
359	103
161	241
276	42
450	260
579	484
462	280
334	60
441	245
255	78
286	25
178	212
183	203
261	67
147	266
396	166
524	389
516	375
382	142
360	105
197	178
65	407
553	439
457	272
151	258
282	32
574	474
490	329
123	306
527	393
392	159
126	301
436	236
406	184
22	481
599	518
448	256
285	26
215	148
18	489
468	292
504	354
406	183
205	165
439	241
258	73
385	147
127	300
205	164
531	401
440	242
53	428
169	227
350	86
57	422
332	55
143	273
216	145
570	468
108	333
97	351
233	117
519	379
436	236
574	474
473	300
430	225
11	500
590	503
448	257
51	431
443	248
398	170
168	229
250	86
204	166
111	328
80	381
276	41
115	320
216	145
479	310
157	248
352	91
556	444
530	398
365	112
20	485
111	327
174	218
384	145
307	12
235	113
563	455
586	495
580	486
158	247
445	252
448	257
174	219
290	18
324	42
317	29
590	503
1	518
537	410
524	389
73	394
163	237
4	513
225	130
309	16
124	305
479	310
508	361
223	134
339	67
545	425
278	39
561	452
335	61
300	1
50	434
256	77
99	349
296	7
445	251
493	335
270	52
215	148
175	216
261	68
13	498
45	442
436	236
286	25
185	199
345	78
508	361
475	303
287	23
399	171
54	426
451	262
499	345
25	476
20	485
226	128
474	301
185	200
204	166
424	215
524	389
25	477
108	332
585	494
222	136
0	519
264	62
488	326
468	292
402	177
177	214
65	408
259	71
464	284
100	346
356	97
545	425
410	191
169	227
22	481
77	386
116	319
199	175
515	372
477	306
4	513
39	452
574	474
414	197
511	366
78	384
200	174
123	306
583	490
293	13
357	99
244	98
82	377
293	12
508	361
594	509
149	261
567	463
173	221
315	27
459	276
359	103
121	310
269	54
160	242
463	283
265	61
333	58
496	339
504	353
41	449
10	502
533	403
36	458
134	287
467	290
182	204
97	351
38	454
121	311
551	435
116	319
406	183
0	519
323	40
362	107
206	163
210	157
136	285
194	183
218	143
583	490
259	72
122	309
371	124
344	76
178	211
525	390
23	480
132	292
333	58
587	497
34	461
167	231
265	61
39	453
384	146
477	307
515	372
589	500
291	16
357	99
467	289
484	319
388	153
289	19
382	142
208	160
243	99
410	190
37	455
66	405
457	272
472	298
333	58
530	398
578	481
293	13
436	236
541	418
102	343
183	203
598	516
171	224
450	260
320	35
425	216
231	119
201	171
369	119
170	226
309	16
122	308
510	364
29	470
39	452
17	491
348	83
181	207
363	110
505	356
220	138
4	513
72	395
41	449
501	348
380	139
115	320
187	196
95	356
471	296
388	152
590	503
38	454
283	29
208	160
261	67
378	135
269	54
170	225
468	292
309	15
589	500
274	46
72	395
230	122
413	196
440	242
317	30
190	190
21	484
558	447
249	89
493	334
399	172
376	132
276	42
281	34
59	418
481	313
557	446
411	192
226	129
380	138
54	427
28	471
438	239
245	95
171	224
90	364
318	32
231	119
282	31
317	29
417	203
144	270
69	401
151	259
398	170
593	507
463	282
416	201
134	287
103	341
241	102
283	29
286	25
126	301
361	106
265	61
501	348
13	498
408	187
531	401
574	475
482	315
350	86
399	172
557	446
337	65
151	259
218	142
95	356
14	495
498	344
133	289
564	457
179	209
104	340
213	151
589	500
380	138
584	492
363	110
503	351
25	477
96	353
148	263
214	149
154	253
342	73
339	67
547	428
82	378
436	235
198	177
422	212
313	23
108	333
431	228
504	353
68	402
129	297
80	382
267	58
316	28
142	274
199	176
365	112
598	516
551	435
560	450
587	497
159	244
512	368
168	229
378	136
6	509
86	371
578	481
254	80
428	222
142	274
421	209
0	519
561	453
300	1
179	209
293	12
229	124
402	177
80	381
44	444
302	4
106	336
538	412
78	384
549	432
542	419
75	390
28	472
331	54
447	254
391	158
203	169
153	255
264	63
361	106
232	118
532	402
493	335
371	123
546	427
253	82
325	43
274	46
6	510
4	513
129	296
574	474
404	181
237	110
52	429
190	190
440	242
437	237
278	39
134	288
398	170
260	70
207	161
462	280
133	289
408	187
308	14
350	86
103	341
268	56
37	456
32	464
256	77
234	115
229	123
319	33
117	318
275	44
527	394
31	467
296	7
343	74
423	213
90	364
226	128
175	216
353	92
31	466
247	92
197	179
300	1
422	211
567	463
7	507
85	373
579	484
241	103
56	423
130	295
5	512
139	279
403	178
254	80
355	95
13	497
143	272
589	501
469	293
163	237
239	106
586	495
78	384
459	276
514	371
272	49
19	487
332	55
104	340
565	460
224	132
71	397
35	460
407	186
248	90
553	438
391	158
445	251
486	322
503	351
397	169
374	129
488	326
345	78
164	235
432	229
475	304
580	485
427	220
11	501
237	110
538	413
326	46
65	408
559	448
194	183
376	132
213	151
355	95
478	308
466	288
433	231
147	266
49	435
584	492
360	105
243	99
69	400
188	195
594	510
589	501
328	48
22	481
164	236
499	345
103	342
278	39
402	177
228	125
120	312
365	113
61	414
208	159
597	514
186	198
432	229
596	513
214	150
515	373
272	48
88	367
533	403
262	66
67	403
69	400
448	256
434	232
286	25
433	231
143	273
253	81
335	61
362	107
568	464
590	503
427	221
310	17
66	406
307	12
289	19
354	94
43	446
515	373
429	224
85	373
25	477
160	242
80	382
233	117
63	411
138	280
501	349
399	172
144	271
209	158
237	110
211	155
451	261
100	346
382	142
123	306
88	368
225	130
459	275
411	192
46	440
77	387
359	103
579	483
480	312
469	293
579	484
354	93
450	260
187	196
314	24
58	419
41	448
483	317
24	479
105	338
37	455
235	112
552	437
158	247
288	21
166	233
39	453
155	251
151	258
354	93
367	116
382	143
544	423
529	397
347	81
151	259
121	310
224	132
95	356
407	186
338	66
7	508
41	449
333	58
489	327
205	165
5	512
347	82
490	329
228	125
464	284
89	366
583	490
383	144
341	71
332	55
384	145
0	519
245	96
354	93
433	230
164	235
425	217
272	48
52	429
350	86
86	371
460	278
214	149
320	35
445	251
205	164
564	458
104	339
331	54
138	281
542	420
7	508
451	261
524	388
526	391
208	159
362	108
207	162
453	266
469	293
173	220
377	133
175	216
113	325
11	500
149	261
137	283
122	308
413	196
205	164
324	41
112	326
80	381
168	229
583	491
404	181
187	196
112	326
351	88
196	180
402	177
584	493
554	440
45	442
45	442
359	102
438	240
553	438
460	278
64	409
350	87
452	263
362	108
400	174
194	183
369	119
345	78
301	2
481	313
241	103
303	5
418	204
344	77
300	1
478	308
453	266
579	484
91	362
200	173
506	357
318	32
282	32
428	222
375	130
52	429
533	403
155	252
497	342
245	96
512	368
526	392
359	103
123	307
46	440
220	138
217	144
289	20
181	207
309	15
252	84
69	401
147	266
497	342
173	221
179	210
314	25
371	124
213	151
358	100
163	237
503	352
82	377
502	350
142	274
59	418
269	54
533	403
165	234
219	140
37	455
203	168
481	314
293	13
56	423
311	20
388	153
526	391
544	423
183	203
231	119
344	77
324	42
518	377
133	289
186	197
448	257
487	324
386	150
220	138
410	191
101	345
406	183
88	368
508	361
434	233
412	195
141	275
213	151
312	21
300	1
346	80
153	254
334	60
216	146
568	464
183	203
496	339
138	281
361	106
376	132
551	435
532	402
149	261
231	120
362	107
155	251
527	394
112	326
373	126
175	216
432	229
282	32
594	510
103	342
197	178
226	129
499	345
416	202
503	352
541	417
533	404
594	509
344	77
74	391
63	410
329	51
400	173
289	20
550	433
464	285
459	275
512	367
390	157
75	390
171	224
343	75
11	500
218	143
318	32
254	80
65	408
11	500
524	388
451	261
376	132
31	467
459	275
281	34
52	429
258	73
419	207
507	359
509	363
543	422
544	423
88	367
391	158
348	84
81	379
559	448
45	442
402	177
489	328
590	503
78	384
543	422
343	74
590	503
119	314
332	55
37	455
368	118
262	66
302	4
523	386
541	417
123	306
259	72
148	264
415	199
207	162
205	164
307	12
293	12
375	131
259	71
357	99
553	438
486	323
263	64
78	384
245	95
30	468
580	486
553	439
543	422
15	494
44	444
356	98
214	150
457	273
509	363
505	355
216	146
59	418
41	448
167	231
423	214
185	200
361	106
327	47
537	411
93	358
44	443
199	176
113	325
296	8
78	385
596	513
199	175
346	80
116	319
560	450
352	90
380	139
226	129
137	282
351	89
497	341
575	477
71	397
9	505
177	214
411	192
340	70
292	14
199	175
576	478
261	68
229	123
284	28
39	453
253	82
89	366
481	314
372	125
0	519
489	327
319	34
68	402
8	506
548	429
553	439
540	416
342	73
482	316
305	9
184	202
506	357
190	191
298	3
292	14
461	279
267	58
596	513
404	180
95	355
310	17
231	120
340	69
373	126
496	339
444	249
15	494
15	494
116	319
416	201
91	363
255	79
487	324
246	93
557	446
263	65
194	183
106	336
33	463
285	26
167	231
399	172
466	287
486	323
300	1
510	364
542	420
264	63
180	208
422	212
235	113
37	456
245	96
554	440
593	508
175	217
589	500
274	45
243	99
64	409
559	449
89	366
91	363
61	414
205	164
345	79
210	157
228	125
378	135
315	26
132	291
579	484
313	23
287	22
452	263
360	105
127	300
88	367
467	290
153	254
104	339
16	492
550	434
415	199
487	325
507	358
469	293
42	447
33	463
50	434
208	160
321	36
291	16
547	428
53	428
347	82
114	323
512	367
471	297
505	355
357	99
484	319
58	420
137	283
438	239
280	35
581	487
531	401
175	217
530	398
166	232
473	300
428	222
45	442
104	339
369	119
554	441
524	389
518	378
466	287
77	386
406	183
460	278
141	275
5	511
13	497
97	351
496	339
5	512
39	452
187	196
57	421
508	361
438	239
161	241
253	81
264	62
282	32
495	338
248	91
252	84
36	458
106	337
380	138
190	190
6	509
557	445
265	61
244	98
82	378
378	135
505	355
479	311
310	18
72	395
214	149
13	498
319	34
540	416
411	192
421	210
492	333
274	45
374	128
254	80
376	132
393	162
569	467
319	33
5	511
164	236
358	101
570	468
85	372
304	8
544	423
332	56
390	157
390	156
343	74
119	314
116	319
459	276
523	387
584	493
205	164
241	103
233	116
22	482
100	347
245	95
506	357
365	112
430	226
161	241
165	234
286	25
282	32
342	73
520	381
398	170
238	107
526	391
198	177
315	26
338	66
131	293
577	480
596	513
283	30
93	358
440	243
545	425
403	179
214	150
279	37
374	129
593	507
121	310
7	508
416	202
530	398
280	35
216	146
320	35
238	108
484	319
243	99
51	432
469	293
524	388
63	411
375	130
591	505
164	235
507	358
122	309
525	390
293	13
11	501
300	1
419	206
596	513
323	40
92	361
578	482
136	284
567	462
534	405
305	9
50	433
11	500
530	398
141	276
499	345
238	107
457	273
95	356
300	1
136	285
156	249
167	230
456	271
355	95
464	285
45	442
123	306
43	446
305	9
123	307
61	415
385	147
541	418
347	81
16	493
0	519
242	101
498	343
193	185
276	41
134	287
365	112
171	224
426	219
418	204
142	274
577	480
507	359
367	116
142	274
35	460
59	418
51	432
336	63
149	261
539	415
253	81
171	224
518	377
82	377
102	344
278	38
38	454
168	229
60	416
437	238
175	217
143	273
511	365
430	226
496	340
144	270
391	158
274	45
309	15
505	355
593	507
472	299
296	7
304	7
70	398
270	52
451	261
208	159
223	134
59	417
374	129
527	394
306	11
466	288
197	179
165	234
463	282
419	206
178	211
486	322
105	338
242	101
254	80
464	285
166	233
93	358
467	290
216	145
412	195
3	515
304	7
489	327
310	18
519	380
501	348
48	436
91	363
40	450
205	164
260	69
208	160
26	474
220	139
527	393
347	81
39	453
40	451
255	79
226	129
548	430
68	402
496	339
293	12
99	349
475	303
275	43
67	404
347	82
309	15
89	365
395	165
400	173
563	455
122	309
395	165
125	304
312	21
285	27
598	516
524	389
403	179
275	44
82	378
323	40
580	486
166	232
488	326
467	289
67	404
234	114
116	319
2	516
148	263
597	515
420	208
440	242
423	214
515	372
237	109
509	362
17	491
187	196
319	34
425	216
466	287
227	127
141	276
503	352
341	71
210	157
149	262
125	304
148	263
348	84
576	478
436	236
114	323
428	222
153	254
347	81
474	302
507	359
406	183
88	368
78	384
202	170
598	516
331	54
48	436
354	94
499	345
49	435
108	333
269	54
596	513
88	367
321	36
262	66
438	239
511	366
76	388
413	196
78	384
15	494
444	250
48	437
225	131
122	309
254	80
526	391
350	86
103	342
133	290
486	323
302	3
427	220
329	51
286	24
413	196
230	121
492	333
73	394
367	116
541	417
41	448
7	507
486	322
494	336
0	519
499	345
527	394
492	333
51	431
439	241
67	404
593	507
283	29
598	516
14	496
441	244
123	306
237	110
494	336
366	115
220	139
229	123
215	147
518	377
503	352
134	287
457	272
319	33
396	167
342	73
473	300
116	319
304	7
318	31
456	271
138	280
371	123
69	400
296	8
542	419
157	248
540	416
422	211
367	116
597	515
341	72
300	1
436	235
356	97
16	492
451	261
514	371
301	2
457	272
395	164
481	314
129	296
425	216
538	412
402	177
99	348
158	246
58	420
495	338
438	240
582	489
304	7
204	167
326	45
583	491
320	35
479	311
504	353
175	216
25	476
487	325
51	432
106	336
91	362
52	429
574	474
488	326
259	71
256	76
582	489
400	174
216	146
283	30
589	500
403	178
189	193
580	486
291	16
105	338
230	122
261	67
535	407
18	489
200	174
397	169
348	84
377	134
494	337
206	163
149	261
135	286
138	280
443	248
50	433
484	319
71	397
217	144
457	273
407	186
576	478
400	173
121	310
381	141
120	312
226	128
116	319
581	487
290	18
255	78
469	293
454	267
394	163
41	448
274	45
87	370
190	190
577	480
121	311
433	231
516	374
36	458
415	200
167	230
144	271
172	222
14	495
93	359
9	505
463	283
89	365
238	108
416	201
559	448
591	505
324	41
61	414
181	206
246	93
162	240
162	239
261	68
545	425
398	170
500	346
37	455
314	25
4	513
592	506
101	345
106	336
214	150
420	208
471	297
94	357
316	28
560	451
428	222
478	309
120	312
385	147
568	464
218	143
267	57
500	347
9	505
412	195
229	124
231	119
340	69
365	113
9	504
162	240
11	500
290	17
41	449
131	293
188	194
239	106
86	371
555	442
587	497
584	493
589	500
407	186
13	497
10	503
466	288
15	494
69	400
586	496
346	80
429	224
123	306
384	145
595	511
149	261
496	339
223	133
52	430
283	30
186	197
285	26
137	283
152	256
456	271
154	253
194	184
569	466
59	418
505	355
432	229
575	477
578	481
323	40
440	243
43	446
113	324
392	160
196	181
459	276
591	505
178	212
318	31
301	2
114	323
375	130
580	485
501	348
111	327
219	141
157	248
333	58
236	111
598	516
511	365
507	358
314	25
382	142
399	171
48	436
515	372
81	380
345	78
437	237
61	414
453	266
418	204
165	234
189	193
211	154
397	169
46	441
85	372
286	24
52	429
551	435
384	146
596	513
295	9
103	341
295	9
87	370
217	144
548	429
514	371
475	304
478	308
103	342
359	102
71	397
183	203
422	211
223	133
40	450
243	99
289	19
487	324
424	215
76	389
339	67
312	21
5	512
314	25
74	392
119	313
458	274
294	10
179	209
531	400
463	283
11	500
11	501
144	271
238	107
291	15
134	287
87	370
330	53
313	22
590	502
178	211
167	231
372	125
490	330
144	270
238	107
421	210
14	495
235	112
66	405
557	445
150	260
175	217
229	124
306	11
21	483
309	15
478	308
518	377
537	410
154	253
389	154
228	125
339	67
358	100
382	143
21	484
462	280
223	133
376	132
382	143
499	345
324	41
103	342
95	355
146	267
495	338
266	59
576	479
290	17
350	86
560	451
339	67
564	457
459	275
473	300
250	87
321	36
245	96
175	217
523	387
344	77
75	390
436	235
81	380
453	266
481	314
395	164
108	332
513	370
7	507
229	123
504	353
513	370
515	372
561	452
407	186
183	203
590	503
508	360
121	311
531	400
108	333
37	455
246	93
147	265
151	258
179	210
397	169
436	235
268	56
263	65
46	441
395	164
131	293
533	403
298	3
477	306
104	339
233	116
227	127
296	7
67	404
156	249
545	424
512	368
199	176
477	306
25	476
498	344
494	337
204	166
350	86
501	348
337	65
445	251
590	502
360	105
563	456
411	193
224	132
69	400
344	76
473	300
459	275
307	13
95	355
288	21
260	69
317	29
48	437
415	199
247	92
545	424
322	38
33	462
231	119
388	153
374	128
28	471
72	395
427	220
463	282
242	100
567	463
555	442
453	266
407	185
536	409
49	435
442	247
447	255
574	474
548	429
278	38
400	174
537	410
121	311
291	16
309	15
207	162
282	32
9	505
93	358
147	266
107	335
451	262
232	118
497	341
549	432
267	58
504	353
346	80
41	448
563	456
470	294
168	229
559	449
583	491
561	452
563	456
155	251
10	502
59	418
507	359
87	369
447	254
292	14
20	485
274	46
282	32
157	248
30	468
248	91
465	286
153	254
52	429
116	319
345	78
422	212
36	457
272	48
519	379
57	421
451	261
275	43
393	161
276	41
31	466
316	28
316	28
153	254
244	97
550	433
582	488
295	9
396	167
395	165
159	244
496	339
444	250
220	139
144	270
296	8
530	399
93	359
528	396
443	248
507	358
89	365
535	407
447	255
546	427
318	32
181	206
538	413
148	263
202	170
374	129
289	20
275	43
553	439
297	6
589	500
362	108
63	411
14	496
491	331
16	493
371	123
186	198
277	40
274	46
299	2
438	239
133	290
378	135
261	68
355	95
454	267
400	173
496	339
485	321
170	225
456	271
22	482
115	321
514	371
470	295
327	47
20	486
593	508
316	28
548	429
139	279
546	427
218	142
164	235
9	504
395	164
560	451
307	12
90	364
346	80
450	260
553	438
16	493
364	111
553	438
321	36
384	145
570	468
482	316
16	492
432	229
339	67
402	177
197	178
406	184
545	424
49	435
270	52
52	429
191	189
535	407
447	255
305	9
144	271
145	268
255	79
336	62
560	451
335	61
252	84
336	62
231	120
297	5
432	229
13	497
447	254
391	158
93	358
475	303
282	31
102	344
101	345
548	429
87	370
177	213
460	278
557	446
84	375
88	368
24	478
266	60
186	198
509	362
556	443
539	415
350	86
490	329
258	73
26	474
8	506
382	142
186	198
432	229
572	472
87	370
243	99
410	191
411	192
350	86
78	384
500	347
434	232
137	283
224	132
416	201
266	59
189	193
269	54
185	200
363	110
304	7
255	79
151	259
530	398
447	254
207	162
572	472
17	491
262	66
529	397
180	208
497	342
596	513
365	113
189	193
121	311
103	342
382	142
254	80
299	2
125	303
187	196
329	50
305	9
194	184
171	224
580	485
296	8
387	151
355	95
205	165
466	288
593	507
309	16
75	390
213	151
584	492
571	470
148	263
39	452
483	317
555	442
130	295
35	459
30	468
469	293
533	403
210	157
178	212
203	169
26	474
226	128
372	125
550	433
220	138
171	223
242	101
27	473
537	410
581	487
330	53
193	186
50	433
533	404
507	358
460	278
70	398
229	123
316	28
85	372
11	501
190	191
406	183
20	486
183	203
134	287
350	87
22	482
139	279
7	508
321	37
460	277
583	490
508	361
88	367
260	69
228	125
520	382
360	104
500	346
230	121
281	33
441	244
461	279
519	380
472	299
362	107
242	101
574	475
568	465
356	98
53	428
219	141
416	201
310	18
581	487
44	444
75	390
57	421
20	486
380	138
291	15
589	501
271	51
56	423
460	278
268	55
510	364
447	255
528	395
591	504
183	203
455	269
89	366
491	331
575	476
323	40
5	512
86	371
257	74
28	471
431	228
360	104
548	429
76	389
350	86
372	125
128	298
412	195
455	268
269	54
109	331
20	485
307	13
117	317
410	190
561	452
57	421
17	490
346	80
103	342
383	144
511	366
362	107
309	16
22	481
88	368
286	25
389	154
302	4
329	50
371	123
325	44
135	286
539	414
42	447
397	169
327	47
507	359
330	52
143	272
66	405
130	294
395	164
319	33
302	4
538	412
299	2
419	206
483	317
283	30
354	94
350	86
149	261
175	217
497	342
376	132
462	280
31	467
555	442
111	327
565	459
163	237
485	321
475	304
108	332
22	481
597	514
437	237
424	215
292	14
69	400
151	259
185	199
275	43
205	165
231	119
597	514
451	261
499	345
489	328
513	369
475	304
388	152
512	368
155	252
493	334
32	464
519	379
92	360
582	488
392	159
20	485
508	360
78	384
257	75
454	267
87	369
359	102
549	431
435	234
565	460
418	204
579	483
594	510
262	66
543	421
593	508
533	403
339	68
196	181
313	22
284	28
23	480
15	494
598	517
255	79
365	112
477	307
533	404
130	295
276	41
382	142
330	52
175	217
578	482
396	167
196	180
111	327
332	55
316	28
74	391
173	220
330	53
163	238
410	190
516	374
343	74
296	8
272	48
237	110
34	461
396	166
175	216
141	275
25	476
534	405
126	301
155	252
228	125
284	28
534	405
406	183
566	461
577	480
353	92
597	514
19	487
313	22
507	359
425	216
501	348
299	2
236	111
426	218
380	138
458	274
93	359
326	45
194	183
111	328
133	290
364	111
67	403
397	168
600	519
319	33
217	144
170	226
170	225
153	255
563	455
141	276
413	196
563	455
106	336
5	512
357	99
213	151
496	339
482	315
410	190
560	451
116	319
341	71
205	164
423	214
123	306
95	355
369	119
32	465
555	442
486	322
240	104
467	290
0	519
315	26
171	224
419	206
413	196
570	468
355	95
352	90
62	412
380	139
1	518
5	511
261	68
62	412
502	350
29	470
346	80
147	265
443	248
365	112
84	375
376	132
410	190
141	275
3	515
140	278
116	319
519	380
178	211
231	120
437	238
123	307
294	10
54	427
302	4
13	498
417	203
453	266
545	425
34	461
557	445
25	476
556	444
116	319
77	387
403	179
532	402
510	364
175	216
239	106
392	159
445	252
355	96
149	262
543	421
485	320
314	25
518	377
438	240
566	461
326	46
223	133
93	359
219	141
308	14
420	208
286	24
92	361
290	18
12	499
16	493
208	159
0	519
379	137
287	22
19	487
417	203
512	368
105	338
252	83
241	102
324	41
185	199
378	136
276	41
10	502
56	423
275	44
153	254
468	292
380	138
507	358
15	494
420	208
315	26
584	493
398	170
182	205
373	126
138	280
282	31
426	219
440	243
172	222
294	11
412	195
447	255
272	48
159	244
59	417
470	295
52	429
183	203
26	475
19	487
540	416
503	351
600	519
197	178
196	181
508	360
540	416
268	56
302	4
194	183
494	336
371	123
219	141
95	355
330	53
346	80
137	283
528	395
348	83
143	273
158	246
350	86
45	442
449	259
186	197
234	115
577	480
355	95
214	150
113	325
548	429
118	316
322	38
311	20
533	403
114	323
386	149
140	278
302	4
504	353
447	255
460	278
563	456
291	15
147	265
33	462
484	319
535	408
283	30
149	262
211	154
367	117
5	511
136	284
169	228
50	434
481	313
302	3
524	388
401	175
419	206
321	37
199	176
194	184
20	486
166	232
167	231
590	503
518	377
385	148
239	106
334	60
533	403
525	390
248	91
58	420
197	178
195	182
490	330
225	130
344	77
255	78
139	279
206	163
594	509
41	448
350	86
58	419
276	41
355	96
595	511
436	235
34	461
403	179
39	452
87	370
335	61
390	157
377	134
148	263
260	70
230	121
354	93
85	373
250	86
272	48
589	500
466	287
511	366
121	310
237	109
51	432
371	124
504	354
159	244
374	128
173	221
195	182
84	375
345	78
272	48
487	324
449	258
471	296
208	159
295	9
18	488
285	27
330	53
123	306
466	287
310	17
267	57
162	240
359	103
44	443
352	90
168	229
11	500
279	37
542	420
203	168
231	119
387	151
205	164
131	293
144	271
97	351
289	20
359	103
155	251
282	32
168	229
20	485
153	254
197	179
348	83
37	456
380	139
104	340
422	212
255	78
231	119
179	210
84	375
17	490
479	310
241	102
458	274
526	391
40	451
458	274
579	484
539	414
416	201
25	476
363	109
437	237
241	102
564	457
310	17
346	80
583	490
37	455
456	271
331	54
220	138
264	63
258	73
553	439
408	188
148	264
146	267
483	318
362	108
255	79
510	364
153	254
328	48
453	265
409	189
62	413
527	393
152	256
419	207
103	341
492	333
149	261
205	165
122	308
349	85
257	74
210	157
436	236
294	11
234	115
377	134
240	105
212	153
125	303
347	82
351	89
322	38
324	41
331	54
583	491
365	112
542	420
570	468
220	138
338	66
46	440
68	402
212	153
134	287
495	338
3	515
414	198
386	150
171	223
68	402
333	58
261	67
37	455
290	17
254	80
93	359
151	258
315	26
316	28
596	513
426	218
555	442
569	466
516	375
251	85
220	139
354	93
254	80
320	35
260	70
100	346
67	404
410	190
332	55
416	202
281	33
518	378
178	211
184	202
106	336
550	433
317	30
30	468
384	145
265	61
583	491
19	487
198	177
542	420
127	300
341	71
524	388
434	233
131	293
93	358
87	369
557	446
38	454
18	488
190	191
347	82
55	425
340	69
542	420
429	223
128	298
478	309
576	479
97	352
291	15
66	405
571	469
126	301
579	483
469	293
365	112
280	35
44	443
535	407
433	231
201	171
439	241
28	471
382	143
253	82
147	265
52	430
454	267
163	238
548	429
144	270
201	171
89	365
557	445
76	388
183	203
121	310
296	8
503	351
59	417
207	161
398	170
56	423
381	140
283	30
219	141
366	115
148	264
550	434
358	101
361	106
33	462
458	274
362	107
541	417
127	300
138	280
40	450
74	391
78	384
564	457
342	73
137	283
350	87
160	242
250	87
256	76
473	300
459	276
457	273
324	42
123	306
600	519
362	108
215	148
139	279
507	359
260	69
55	425
249	89
534	405
157	248
379	137
350	86
544	423
87	369
144	270
570	468
452	264
215	147
197	179
326	45
267	58
521	383
271	51
569	467
481	314
583	490
480	312
482	316
587	498
555	442
235	112
537	410
311	19
247	92
89	365
578	482
452	263
387	151
330	53
290	18
518	377
455	268
23	480
449	259
154	253
75	390
300	1
288	21
576	479
60	416
405	182
212	152
402	177
364	111
203	169
376	132
244	98
11	501
236	111
469	293
170	225
155	251
390	157
447	254
133	290
179	210
60	416
585	494
492	332
54	427
71	397
184	202
149	261
231	119
463	282
173	220
30	468
469	293
519	380
313	22
597	515
278	39
190	191
335	61
23	480
88	367
241	102
482	315
128	298
106	337
88	367
466	287
297	6
121	310
334	59
505	356
276	42
533	403
127	300
341	71
303	5
566	461
370	121
226	129
11	500
215	147
453	265
294	10
35	459
171	224
192	187
344	77
495	338
285	26
420	208
324	41
145	269
16	492
395	164
113	325
448	257
154	253
348	83
423	213
256	76
554	440
396	166
439	241
101	345
282	32
193	185
298	4
224	132
379	137
332	56
285	27
512	367
304	7
310	18
339	67
185	199
470	295
563	455
368	118
506	357
102	343
337	64
250	87
316	28
392	160
320	35
240	104
90	364
444	249
499	345
378	135
181	207
299	2
276	41
224	132
414	197
430	226
508	360
19	487
22	481
367	117
589	500
216	145
76	388
279	36
132	292
264	63
232	118
368	118
225	131
234	115
255	79
133	289
78	385
506	357
23	480
505	356
412	194
544	423
224	132
408	188
189	193
451	261
162	239
544	423
349	85
287	22
242	101
243	99
397	169
598	516
175	216
345	78
141	276
364	111
267	57
329	50
190	190
475	304
496	339
317	30
354	93
51	431
382	143
73	393
463	283
451	262
496	339
495	338
485	321
112	326
320	35
29	470
427	220
51	431
543	422
299	2
220	139
497	341
395	165
86	371
534	406
272	48
265	61
507	358
268	55
225	131
269	54
519	379
149	262
560	451
190	191
268	55
170	226
85	372
576	478
51	431
440	243
514	371
58	419
39	452
469	293
97	352
516	374
381	140
390	157
456	270
9	505
250	86
386	149
508	361
462	280
397	169
41	449
205	164
147	265
340	70
482	316
166	232
393	162
108	332
263	65
594	510
240	105
22	482
239	106
392	159
134	288
26	474
410	190
230	121
515	372
81	380
286	25
486	322
513	370
533	403
338	66
231	119
269	54
154	253
215	148
403	179
460	278
189	193
468	292
500	346
321	37
551	435
165	234
544	423
179	210
74	392
93	358
506	357
63	410
422	211
325	43
425	216
570	468
409	189
97	351
303	6
133	289
438	239
118	315
488	326
347	82
241	102
111	328
149	262
135	286
303	6
122	309
138	280
520	382
16	492
469	293
354	93
251	85
274	45
11	500
234	114
550	433
480	312
120	312
331	54
304	8
231	120
209	158
131	293
246	93
54	427
21	484
306	10
394	163
489	328
387	151
497	342
398	170
249	89
71	397
93	358
26	474
78	384
150	260
13	498
115	320
434	233
258	73
3	515
25	477
227	127
449	259
57	422
73	394
285	27
263	65
223	134
595	512
301	2
173	221
63	410
479	311
494	337
64	409
54	427
467	290
441	244
22	482
246	93
158	247
362	108
532	402
128	299
14	495
499	345
503	351
175	216
475	303
500	346
335	61
438	240
372	125
557	446
359	103
340	69
6	509
62	412
261	67
231	120
329	50
482	315
274	45
359	103
354	93
291	15
493	334
452	264
360	105
19	487
496	339
486	323
443	248
92	360
531	401
21	483
87	369
242	101
314	24
235	113
155	252
539	415
92	360
593	507
497	341
309	16
56	423
348	83
287	23
586	496
496	339
351	88
345	79
125	303
174	218
227	127
35	459
337	65
82	377
101	345
320	35
59	418
330	53
186	198
203	169
440	242
559	448
73	393
335	61
417	203
443	248
481	314
433	231
299	2
32	465
219	140
528	395
34	461
38	454
233	117
282	31
290	17
175	216
537	411
481	313
108	332
308	14
543	422
349	85
461	279
174	219
504	353
194	184
218	143
499	345
75	390
560	451
410	191
526	391
160	243
52	429
55	424
502	350
369	119
502	350
42	447
167	230
578	482
482	315
265	61
74	391
126	302
307	12
229	124
382	143
286	24
229	123
202	170
76	388
99	348
294	10
222	136
371	123
178	211
476	305
40	450
205	164
4	513
224	132
527	393
501	348
245	96
583	491
357	99
265	61
208	159
197	179
493	334
163	238
529	397
367	116
131	293
173	221
40	451
373	127
121	311
17	491
519	380
188	194
108	332
578	481
518	377
240	104
438	240
395	165
143	273
144	271
417	203
81	380
370	121
255	78
194	184
500	346
332	55
398	170
199	176
258	73
10	503
534	405
78	384
50	433
95	356
93	358
423	213
315	27
570	468
568	465
34	461
320	35
290	18
204	167
297	5
569	467
171	224
13	497
481	314
492	332
254	80
596	513
572	471
130	294
496	339
162	240
472	298
531	400
95	356
480	312
58	420
129	296
140	278
585	494
514	371
586	496
335	61
242	100
35	460
147	266
324	41
413	196
153	254
545	424
145	268
467	290
210	156
339	68
541	417
117	317
454	267
596	513
23	480
202	170
434	233
9	504
179	209
485	320
588	499
107	335
441	244
596	513
289	20
115	321
250	86
557	446
24	479
359	102
74	392
180	208
524	389
521	383
564	458
598	516
162	239
122	308
215	147
341	72
385	148
125	303
368	118
17	491
198	177
348	84
365	112
88	367
314	24
466	287
513	369
513	369
371	123
436	236
131	293
36	457
199	176
106	337
302	4
555	442
87	369
289	20
579	483
184	202
528	395
399	171
348	84
392	159
308	14
599	518
328	49
546	427
231	120
313	22
426	219
321	37
261	68
191	189
410	190
500	346
453	266
486	323
593	507
123	307
32	464
347	82
427	221
162	240
269	54
155	251
62	413
581	487
452	263
253	82
393	161
204	167
252	83
563	455
352	90
423	213
352	90
595	512
497	342
386	150
302	3
316	28
412	195
248	90
196	180
329	50
505	355
9	505
163	238
505	355
104	339
153	254
395	164
30	468
117	318
472	298
474	301
199	176
37	455
300	1
533	404
64	409
172	222
29	469
324	41
168	229
327	47
58	420
113	324
184	202
189	193
111	328
522	385
558	447
406	183
297	6
261	67
350	86
309	15
59	418
274	45
11	501
137	282
91	362
413	196
220	139
436	236
67	403
565	459
48	436
309	16
421	209
246	93
80	381
469	293
580	486
416	202
324	41
183	203
384	145
356	97
19	487
419	207
559	449
268	55
239	106
14	496
112	326
216	145
466	287
366	115
82	378
10	503
256	76
187	196
300	1
373	127
205	164
214	150
120	312
564	458
516	375
584	492
138	280
184	201
40	450
492	332
497	341
326	45
361	106
272	48
22	481
415	200
175	217
384	146
160	242
26	474
399	171
427	220
34	461
427	221
462	280
279	37
246	94
84	374
280	35
454	267
204	167
72	395
91	363
158	247
274	45
175	216
395	164
226	128
384	145
115	320
12	499
225	130
372	125
347	82
344	76
477	306
252	83
95	356
10	502
447	254
447	255
220	138
590	502
182	205
392	159
453	266
585	494
570	468
11	501
374	128
74	392
261	68
481	314
155	252
440	242
400	173
439	241
397	168
137	282
375	130
563	455
272	48
268	55
352	91
431	227
187	196
51	432
171	224
475	304
34	461
190	191
201	171
330	53
86	371
395	165
3	515
9	505
578	481
203	169
88	367
435	234
244	97
407	185
136	284
424	215
247	92
222	136
418	205
447	255
42	447
215	148
8	506
558	447
506	357
455	269
383	144
384	145
269	54
328	49
417	203
396	166
300	1
442	247
552	437
308	14
557	446
546	427
204	166
400	173
7	507
433	230
257	75
36	457
182	205
19	487
192	187
217	144
81	379
545	424
335	61
358	101
375	130
259	72
272	48
97	351
574	474
351	89
567	462
144	271
166	233
50	433
227	126
122	308
478	308
213	151
297	6
56	423
291	15
276	41
398	170
445	251
66	406
111	327
128	298
403	179
397	169
211	154
101	345
125	303
427	221
555	442
248	91
369	119
453	265
483	318
468	291
576	479
313	22
13	498
44	444
41	449
110	329
239	106
156	249
192	187
509	363
479	310
392	159
72	395
537	410
535	407
276	41
575	477
510	364
421	209
130	294
114	323
7	507
281	34
282	31
108	332
274	46
385	148
33	463
103	341
407	185
0	519
189	192
415	200
470	294
61	414
245	96
186	197
194	183
230	121
570	468
587	498
160	242
125	304
477	307
46	440
373	126
280	35
428	222
66	406
184	202
596	513
26	474
260	69
597	514
237	110
128	298
325	44
564	457
297	6
392	159
537	410
522	384
22	481
35	460
371	123
155	251
554	441
5	512
579	483
46	440
437	237
425	216
324	41
556	444
355	96
167	230
233	117
114	322
571	469
477	306
370	122
493	335
528	395
455	268
416	202
138	280
115	321
485	321
304	8
149	262
55	425
526	391
448	256
540	416
91	363
363	110
245	96
297	5
234	114
321	37
161	241
442	247
502	350
294	10
35	459
29	470
253	82
457	273
168	229
97	351
96	353
200	174
125	304
20	486
164	235
529	397
176	215
318	32
409	189
257	74
452	263
358	100
436	235
585	494
82	377
296	7
324	41
501	348
341	71
415	200
107	335
529	397
26	474
347	82
191	189
498	344
507	359
79	383
133	290
587	498
137	282
317	29
482	316
331	54
509	363
566	461
1	518
82	377
442	247
559	449
269	54
141	276
561	452
462	281
497	342
314	24
202	170
213	151
367	117
190	190
387	151
214	150
227	126
259	72
376	132
279	36
7	508
177	213
310	18
71	397
145	269
423	213
385	147
37	455
407	186
46	440
500	347
178	211
250	86
363	109
544	423
235	113
339	67
160	242
542	420
134	287
189	193
123	306
326	45
572	471
353	92
262	66
290	18
213	151
520	382
169	228
488	326
261	67
332	56
406	184
454	267
471	297
303	6
284	28
522	384
279	37
330	52
424	215
196	180
56	423
283	30
167	231
444	249
73	394
112	326
214	150
433	230
395	165
131	293
24	478
179	209
465	286
63	410
118	315
419	206
439	241
153	255
463	282
460	278
473	300
377	133
397	169
21	484
480	312
403	178
494	337
470	294
456	271
523	386
529	397
445	251
429	224
191	189
98	350
535	408
410	190
592	506
179	210
140	278
289	20
311	19
469	293
158	246
438	239
182	205
505	355
56	423
385	148
213	151
80	381
319	33
176	215
52	429
276	41
15	494
257	75
61	414
238	108
147	265
575	477
309	16
102	344
339	67
569	466
560	450
145	269
123	307
111	327
597	515
507	359
115	320
174	218
572	472
416	201
554	440
311	20
42	447
559	449
34	461
86	371
2	516
418	205
239	106
503	351
140	277
374	128
212	153
345	78
370	122
149	262
297	5
13	498
102	343
221	137
589	500
542	420
241	102
371	123
34	461
425	216
569	466
223	134
270	53
490	330
266	59
148	263
445	252
295	9
443	248
162	239
381	141
55	424
377	134
258	73
393	162
407	185
126	302
265	61
352	91
75	390
438	239
278	39
68	402
520	381
28	472
374	129
19	487
145	268
462	281
555	442
539	414
216	146
97	351
149	261
460	278
66	405
48	436
163	237
152	256
556	443
61	414
13	497
389	155
66	406
576	479
181	207
15	494
65	407
65	407
316	28
191	189
440	242
163	238
570	468
571	470
365	112
59	417
210	156
163	238
143	273
473	300
39	453
301	2
560	451
570	468
491	331
476	305
121	311
175	217
508	360
477	306
531	400
80	382
472	298
474	302
550	433
21	484
422	212
209	158
427	221
15	494
252	84
527	393
220	139
581	487
340	69
586	496
337	65
69	401
240	105
230	122
198	177
276	42
341	71
201	172
26	474
125	304
419	206
104	339
196	180
241	102
540	416
11	500
62	413
193	186
4	513
248	91
208	160
146	267
250	87
320	35
421	209
130	294
231	119
497	342
132	291
164	236
177	213
472	298
193	186
137	283
402	177
91	362
246	93
153	254
545	425
360	105
294	11
298	4
294	11
223	133
214	150
496	339
210	156
328	49
474	302
139	279
164	236
595	511
381	140
183	203
224	132
251	85
254	80
268	55
113	325
461	279
386	149
244	97
249	89
168	229
466	287
122	308
580	485
20	486
576	478
266	59
128	298
344	77
32	465
416	201
469	293
121	310
431	228
78	384
489	328
102	344
30	468
384	145
205	165
387	151
140	278
496	339
335	61
204	167
152	256
460	277
554	440
585	494
466	287
547	428
541	418
56	423
348	83
538	412
573	473
224	132
456	271
577	480
228	125
355	95
466	288
77	386
528	395
390	156
459	275
402	177
18	488
101	345
531	400
227	126
322	39
331	54
74	391
538	413
359	103
74	392
254	80
594	510
440	242
173	220
333	57
286	25
497	341
414	198
342	73
292	14
505	356
478	308
41	448
315	27
91	362
581	487
115	320
296	7
259	72
414	197
581	487
404	180
552	436
436	235
160	243
140	278
436	236
147	266
82	377
357	99
143	273
415	200
341	71
18	489
11	501
569	467
206	163
279	37
138	280
88	367
182	204
364	111
3	514
176	215
384	146
242	100
216	145
219	141
84	374
257	74
378	136
249	88
111	328
417	203
29	470
86	371
262	66
47	439
150	260
136	284
309	15
124	305
457	272
60	416
464	284
172	222
6	510
100	347
119	314
108	333
132	291
188	194
278	38
98	350
332	56
459	275
92	360
99	348
25	477
123	306
297	5
280	35
13	498
328	49
512	368
518	377
496	340
564	457
284	28
184	201
265	61
173	221
357	99
37	455
150	260
225	130
319	34
436	236
221	137
11	500
355	96
89	366
57	422
515	373
398	170
346	80
125	303
535	407
66	406
531	401
291	15
347	82
17	490
249	88
303	6
9	505
469	293
297	5
105	338
148	264
46	441
7	507
65	408
240	104
417	203
513	369
348	83
501	348
447	255
342	73
289	19
202	170
448	256
37	455
500	347
329	51
470	295
260	69
597	515
592	506
339	67
533	404
356	97
301	2
543	422
520	381
459	275
567	462
187	196
308	14
582	489
112	326
47	438
224	132
515	372
361	106
542	420
77	387
539	415
341	72
504	353
102	343
70	398
128	298
89	365
489	328
141	275
149	261
224	132
591	505
193	185
530	398
438	239
140	277
460	278
107	334
48	436
507	358
146	267
523	387
471	297
389	154
4	513
395	164
488	326
596	513
486	323
121	311
363	109
14	495
457	272
223	134
291	15
367	117
340	70
108	332
100	347
428	222
443	248
141	275
95	356
557	446
592	506
472	299
0	519
234	115
334	60
404	181
501	348
583	491
200	174
497	341
20	485
54	426
146	267
537	410
100	346
380	138
26	474
1	518
267	58
180	208
467	290
152	257
282	32
5	512
503	351
57	422
480	312
101	345
208	160
142	274
328	48
465	286
356	98
248	91
339	68
353	92
417	203
253	81
522	385
450	260
410	190
169	228
331	54
82	378
503	351
75	390
584	493
588	499
319	34
281	33
14	496
41	448
213	151
294	10
44	443
389	154
540	416
340	70
278	39
378	135
447	255
289	20
207	162
134	288
432	229
287	22
354	93
535	407
162	240
192	187
548	430
282	32
104	339
323	40
448	257
149	262
360	105
48	437
299	2
378	136
103	341
556	443
126	301
369	119
353	92
174	219
26	475
452	264
131	293
42	447
1	518
272	49
324	41
300	1
179	209
22	481
177	214
454	267
250	87
441	244
20	486
136	284
411	192
235	112
348	83
101	345
28	471
348	83
519	380
594	510
78	384
403	178
550	433
162	240
308	14
395	164
229	124
298	3
573	473
510	364
59	418
309	15
590	502
583	490
462	280
11	500
188	194
384	145
530	399
353	92
589	501
355	95
484	319
567	462
566	461
578	481
20	485
227	126
78	385
348	84
591	505
528	395
579	484
107	335
386	150
211	155
464	285
276	42
112	326
184	202
548	429
545	425
187	196
231	119
104	339
63	411
556	444
539	414
77	387
471	296
584	493
188	195
384	145
79	383
171	223
259	71
67	404
564	457
17	491
117	317
343	75
27	473
589	501
84	374
199	176
390	156
10	503
267	58
387	151
486	323
337	65
574	474
125	304
587	497
227	126
255	79
272	48
280	35
301	2
19	487
600	519
52	430
218	143
449	258
29	470
249	88
33	463
482	315
75	390
388	152
315	26
510	364
507	358
585	494
357	99
543	422
256	76
304	7
230	121
426	218
99	348
556	444
457	272
534	406
61	415
282	31
129	297
65	407
554	440
426	219
579	483
295	9
196	180
265	61
535	408
142	274
506	357
163	237
153	255
546	426
67	404
550	434
11	500
362	108
232	118
526	391
283	30
466	287
395	164
188	195
537	410
340	69
328	49
78	385
51	432
582	488
340	69
5	512
207	162
377	134
387	151
397	168
414	198
283	29
466	287
99	348
388	152
267	57
595	511
273	47
433	230
432	229
34	461
550	434
125	303
81	380
384	145
166	232
132	291
426	219
590	502
294	11
81	379
507	358
54	427
179	209
173	221
552	436
275	43
134	288
177	214
167	230
90	364
209	158
335	61
253	82
58	420
188	194
560	450
520	381
130	294
448	257
61	415
362	108
157	248
581	487
16	493
91	363
246	94
226	129
289	20
398	170
47	439
571	469
32	465
447	254
41	449
134	287
375	130
246	93
362	107
483	318
572	472
417	203
504	353
377	134
578	481
593	507
184	202
167	230
548	429
524	389
420	208
418	205
85	373
419	206
148	264
91	362
345	78
468	291
475	304
466	288
11	500
313	23
142	274
429	223
154	253
543	421
282	32
456	270
80	381
313	23
12	499
46	441
287	22
471	296
36	457
543	422
565	460
589	501
265	61
540	416
350	86
119	314
544	423
308	14
55	425
6	510
530	399
297	5
67	404
448	256
101	345
226	129
125	303
237	109
566	461
199	175
138	281
461	279
264	62
305	9
458	274
11	500
214	149
205	165
179	209
377	134
482	316
502	350
483	317
512	368
442	246
67	403
520	382
419	207
125	303
163	238
360	105
107	335
19	487
479	310
39	452
421	209
593	507
327	47
1	518
516	374
137	283
85	372
254	80
407	186
184	201
439	241
178	211
594	510
200	174
58	420
60	416
372	125
483	318
336	62
529	397
567	462
393	161
216	145
230	121
54	427
232	118
507	358
39	452
435	234
61	415
336	63
412	194
542	420
259	71
339	67
148	264
583	491
291	15
250	87
267	58
591	504
478	308
472	299
483	318
245	96
268	55
543	422
443	248
147	265
519	379
158	246
138	280
204	166
11	500
187	196
145	268
250	87
411	193
376	132
161	241
25	476
241	102
4	513
503	351
203	169
184	201
21	483
491	331
50	434
402	177
136	285
564	458
109	331
527	393
94	357
362	107
257	75
145	269
242	100
95	355
566	461
215	147
213	151
591	504
589	500
533	403
328	48
376	132
177	214
458	274
218	142
482	316
546	427
510	364
346	80
548	430
529	397
31	466
58	420
567	463
324	41
295	9
200	173
535	407
309	15
466	287
599	518
206	163
370	122
245	95
335	61
427	220
588	499
15	494
155	252
502	350
519	380
473	300
533	403
28	471
573	473
238	107
21	484
567	462
589	500
217	144
366	114
538	412
313	23
356	98
510	364
15	494
380	139
483	318
366	114
63	410
29	469
580	485
300	1
52	429
436	235
160	242
401	176
448	256
395	164
560	450
216	145
6	510
250	86
150	260
355	95
141	276
64	409
461	279
196	181
345	79
502	350
281	34
137	283
566	461
583	490
174	219
110	329
520	381
600	519
303	5
441	245
494	336
86	371
168	229
114	322
290	18
485	320
224	132
202	170
92	361
559	448
485	321
63	410
589	500
250	87
503	352
571	470
38	454
149	262
342	73
206	163
525	390
230	122
300	1
436	235
367	116
437	238
331	54
70	398
179	209
451	261
554	441
439	241
362	108
162	239
194	184
575	476
411	192
108	333
151	259
63	410
104	340
480	312
313	22
282	32
272	48
342	73
377	134
594	509
60	416
412	194
186	197
587	497
522	384
255	79
174	218
235	112
294	11
148	264
6	509
3	515
169	227
237	110
334	60
202	170
242	101
319	34
297	6
296	7
549	431
197	178
41	448
51	432
204	166
35	460
335	61
369	119
128	299
309	15
133	290
294	11
246	94
175	217
240	105
464	284
151	258
436	235
407	186
56	423
214	149
481	313
519	379
187	196
270	52
0	519
511	365
412	194
282	31
421	210
439	241
537	410
224	132
336	63
11	501
523	387
298	4
380	139
559	449
406	183
390	157
543	421
414	198
83	376
17	491
372	125
279	36
405	182
385	147
376	132
586	495
589	501
84	375
178	211
109	331
460	278
73	393
257	75
108	332
272	48
111	327
309	15
179	209
6	509
389	154
215	147
80	381
76	388
43	445
312	21
390	157
9	505
314	24
455	269
215	148
557	446
220	138
440	242
492	332
390	156
498	344
140	278
239	106
127	300
559	448
140	278
131	293
244	97
22	481
26	474
299	2
7	507
97	352
412	194
179	209
197	178
451	261
309	15
531	400
214	150
182	205
119	313
88	367
417	203
415	199
125	303
243	99
257	75
56	423
412	194
385	148
253	81
353	92
109	331
0	519
202	170
108	332
548	429
381	141
21	484
317	29
426	219
311	19
208	159
453	265
305	9
116	319
160	242
566	461
567	462
122	309
398	170
108	332
153	254
168	229
94	357
199	176
99	349
513	369
260	69
520	381
337	65
107	335
368	118
473	300
127	300
380	138
545	425
268	56
531	401
72	396
1	518
374	129
507	358
406	183
325	43
406	184
335	61
385	147
369	119
104	339
428	222
438	239
211	154
116	319
429	223
382	142
113	325
481	314
567	462
457	273
334	59
306	11
339	68
364	111
336	63
41	449
86	371
149	262
62	413
51	431
179	209
214	150
262	66
119	313
501	349
400	173
436	236
391	158
171	224
508	361
518	377
490	329
516	374
134	288
211	154
396	167
524	389
57	421
164	236
257	74
177	214
302	4
462	280
55	424
390	157
425	216
159	245
238	108
513	370
124	305
373	127
15	494
402	177
250	86
79	383
71	397
261	68
443	248
406	183
1	518
301	2
386	150
358	100
418	204
427	221
455	268
463	282
256	76
56	423
238	107
338	66
485	321
519	379
548	429
156	249
141	275
315	26
448	256
434	232
33	462
112	326
353	92
398	170
316	28
525	390
24	479
128	299
110	330
112	326
153	254
216	146
290	18
386	149
161	241
105	338
463	283
155	252
92	361
73	393
583	490
58	419
339	68
93	358
534	405
421	210
578	481
324	41
140	278
156	249
90	364
354	94
271	50
469	293
162	240
267	58
190	191
421	209
393	162
253	82
485	321
552	436
274	46
410	190
171	224
245	96
194	183
351	89
261	67
590	503
482	315
401	175
255	78
40	451
169	228
448	256
17	491
190	191
376	132
206	163
47	438
90	364
494	336
141	275
60	416
462	280
264	63
270	53
448	257
306	10
392	160
522	385
254	80
145	268
547	428
84	374
428	222
174	218
595	512
144	270
54	427
550	434
324	41
244	98
1	518
399	172
526	391
337	64
503	351
383	144
186	198
182	204
397	168
231	119
488	326
324	41
433	231
337	65
41	448
11	501
30	468
89	366
190	191
489	328
391	158
48	437
544	423
417	203
514	371
147	265
579	484
556	444
432	229
441	245
354	94
410	191
376	132
479	311
289	19
66	405
435	234
538	412
581	487
129	297
304	8
204	167
553	439
84	374
384	145
152	256
75	390
50	433
427	220
474	301
362	108
556	444
503	351
577	480
239	106
89	366
137	283
481	314
194	183
76	389
555	442
53	428
513	370
190	190
7	507
35	459
246	94
590	503
449	258
156	249
353	92
149	262
583	491
481	314
501	348
116	319
124	305
337	64
112	326
345	78
527	394
557	446
525	390
49	435
9	505
287	22
311	19
36	458
120	312
197	178
70	398
557	445
72	395
576	478
172	222
336	62
537	410
133	289
592	506
281	34
444	250
505	355
509	362
505	355
430	225
455	269
579	483
108	333
11	500
187	196
520	381
533	404
205	165
226	128
34	461
282	31
43	446
375	130
545	425
117	317
508	360
509	362
235	113
365	112
526	391
121	311
356	98
269	54
44	444
481	314
4	513
532	402
59	418
251	85
445	252
252	84
432	229
50	433
315	27
155	251
460	277
152	257
104	339
112	326
226	129
395	165
585	494
24	479
321	37
272	49
380	138
335	61
164	235
600	519
149	261
365	113
83	376
503	351
92	361
585	494
331	54
329	51
571	469
309	15
403	179
196	180
402	177
438	239
545	425
235	113
406	183
67	403
600	519
438	240
477	306
544	423
581	487
466	287
65	408
145	268
570	468
23	480
121	310
566	461
591	504
468	292
315	26
171	224
42	447
412	194
425	217
477	306
398	170
382	143
384	145
283	30
141	276
518	377
539	415
179	210
338	66
510	364
407	185
305	9
183	203
156	249
321	37
53	428
133	290
321	36
447	255
30	468
500	347
64	409
518	378
106	337
15	494
417	203
381	141
417	203
356	98
96	354
149	261
574	474
560	450
240	104
351	89
58	419
188	195
330	53
78	384
149	261
354	94
237	110
45	442
259	71
144	271
356	97
563	455
241	103
313	22
187	196
438	240
365	112
504	354
274	46
526	392
525	390
447	255
387	151
394	163
309	16
484	319
16	492
216	145
263	65
477	306
327	47
357	99
422	212
193	185
402	177
141	276
153	254
254	80
374	128
31	466
163	237
573	473
478	309
556	444
271	51
250	86
149	261
527	394
451	261
598	516
81	380
185	199
505	355
200	174
90	364
87	370
578	481
354	93
2	517
446	253
554	441
338	66
30	468
374	128
363	109
229	123
256	77
514	371
315	27
445	251
509	363
589	501
27	473
261	67
116	319
62	413
14	495
286	25
76	389
431	227
159	244
496	340
600	519
216	145
347	82
513	370
374	128
551	435
481	314
288	21
380	138
179	209
262	66
406	183
411	192
227	126
285	27
36	458
422	212
413	196
487	324
61	415
418	204
212	153
404	181
358	101
22	481
497	342
408	187
234	115
137	283
513	370
600	519
429	223
178	212
39	452
220	138
138	280
13	497
25	477
271	50
536	409
252	83
551	435
339	67
163	238
300	1
174	219
229	124
443	248
535	407
175	216
488	326
529	397
543	421
446	253
32	465
483	317
393	161
240	105
593	507
78	384
245	96
82	377
557	446
26	475
512	368
58	420
202	170
341	72
380	139
282	31
191	189
389	155
459	275
22	482
414	197
63	410
17	490
510	364
192	187
280	35
334	59
60	416
343	74
261	67
131	293
401	176
36	457
337	64
520	381
144	270
90	364
460	278
168	229
239	106
268	55
207	162
187	196
477	306
18	488
152	257
13	497
559	448
16	493
52	430
449	258
282	32
177	213
483	317
486	323
32	464
104	339
333	58
276	42
553	438
512	367
488	326
175	216
364	111
396	166
299	2
87	370
136	284
18	489
474	302
430	226
450	260
306	10
26	474
163	238
339	67
212	152
471	296
118	316
470	295
208	159
272	49
230	122
339	67
166	232
305	9
323	40
425	216
304	7
349	85
410	190
453	266
427	220
516	374
416	202
576	479
237	110
570	468
578	481
336	63
276	42
64	409
565	460
434	232
24	478
400	173
8	506
126	301
76	388
63	410
324	41
548	430
399	172
518	378
30	468
475	303
241	102
234	115
84	374
340	69
320	35
369	120
338	66
527	393
568	464
440	242
255	79
8	506
475	303
448	257
103	342
341	71
136	285
239	106
251	85
488	326
198	177
583	491
66	405
87	370
223	134
494	337
276	42
91	362
61	414
106	336
466	287
420	208
598	516
351	88
238	108
305	9
128	298
347	82
71	397
16	493
113	324
261	67
225	131
55	425
366	115
528	396
272	48
590	503
570	468
510	364
585	494
453	265
208	159
400	173
93	358
171	224
413	196
185	200
391	158
93	359
246	94
570	468
265	61
354	93
583	490
209	158
155	252
159	244
456	270
121	310
436	235
134	288
104	339
95	356
338	66
593	508
406	183
134	287
585	494
324	41
70	398
438	239
229	124
504	353
510	364
41	448
86	371
390	156
149	262
523	387
22	482
357	99
494	336
572	472
556	443
440	242
263	65
265	61
389	155
503	352
596	513
68	402
264	63
55	424
222	136
237	110
230	121
352	90
223	133
421	209
15	494
526	391
471	297
283	29
502	350
553	439
0	519
442	246
287	22
470	295
383	144
328	48
41	448
48	437
151	259
200	173
536	409
26	474
290	17
466	287
294	11
160	243
160	242
478	309
48	437
584	492
281	33
219	140
157	248
448	257
84	375
127	300
437	237
565	459
551	435
592	506
215	148
585	494
39	453
205	164
222	135
403	179
188	195
238	108
24	478
274	46
508	361
11	500
270	53
516	375
341	71
144	271
540	416
85	373
25	477
354	94
293	13
145	269
393	162
478	308
28	472
468	291
37	456
198	177
419	206
308	14
361	106
210	156
262	66
208	159
197	178
46	440
166	233
578	481
308	14
565	459
522	384
37	455
44	443
463	283
280	35
400	173
138	280
54	427
523	387
75	390
61	414
463	283
557	446
261	68
6	509
250	87
89	365
82	377
65	407
537	411
256	76
161	241
481	313
184	201
113	324
545	424
239	106
518	377
354	93
137	283
115	321
153	254
577	480
366	114
415	199
121	311
336	63
451	262
500	346
56	423
141	275
309	16
346	80
82	378
458	274
201	172
481	313
418	204
10	503
514	371
358	100
350	87
212	152
567	462
126	301
103	341
549	432
252	83
214	150
443	248
552	436
514	371
111	327
537	410
549	432
559	449
538	412
280	35
148	263
85	373
160	242
119	313
444	249
240	104
258	73
142	274
314	24
348	84
87	369
333	58
427	220
336	63
413	196
7	507
571	469
197	179
425	216
155	252
52	430
346	80
480	312
274	45
578	481
27	473
34	461
313	23
478	308
519	380
305	9
328	48
546	427
292	14
538	413
247	92
509	363
239	106
91	363
72	395
481	313
357	99
29	470
160	242
24	479
178	211
304	7
224	132
425	216
220	138
451	261
309	16
43	445
486	322
159	245
510	364
565	460
484	319
134	287
586	495
288	21
509	363
20	485
579	484
552	436
167	230
225	130
597	514
44	443
516	374
565	459
145	268
78	385
411	192
371	124
2	516
141	275
505	356
69	400
200	174
114	322
497	342
78	384
271	50
50	433
87	369
311	19
140	277
188	195
568	464
519	379
490	329
423	213
146	267
474	302
437	237
160	243
594	510
505	355
456	270
360	104
122	308
148	264
423	214
193	185
267	57
198	177
531	401
282	31
459	275
481	314
229	123
175	217
101	345
89	365
204	166
116	319
198	177
60	416
347	82
326	46
464	284
250	86
481	313
202	170
509	363
509	363
188	194
149	262
348	84
250	86
274	46
179	209
170	226
523	387
219	141
250	87
519	380
202	170
560	451
382	143
415	200
440	243
531	400
352	91
557	445
218	142
346	80
133	289
457	273
263	65
368	118
245	96
3	514
25	477
468	291
33	463
595	512
276	42
128	299
570	468
539	414
245	96
264	63
350	86
437	237
323	40
295	9
321	36
14	496
108	332
537	410
57	422
234	115
189	192
524	388
386	149
583	491
499	345
388	152
205	164
387	151
358	101
422	211
121	311
270	52
130	295
286	24
23	480
311	20
447	254
26	475
363	109
250	86
201	172
78	384
140	277
506	357
354	93
107	335
498	343
214	149
48	436
80	382
94	357
479	311
518	377
110	330
86	371
166	233
498	343
477	306
459	276
213	151
559	449
354	93
402	177
5	512
411	193
315	27
213	151
98	350
361	106
430	225
253	81
328	49
518	377
479	310
81	380
306	10
71	397
104	339
442	247
287	23
590	502
104	339
283	29
269	54
392	160
162	240
486	323
122	308
161	241
170	225
47	439
46	441
453	265
454	267
52	430
263	65
50	434
313	22
69	400
166	233
376	132
225	130
114	322
212	153
437	238
104	339
548	429
32	464
231	119
281	34
386	149
522	384
470	294
410	191
389	154
437	238
511	365
72	395
19	487
438	239
562	454
566	461
16	492
360	104
130	294
111	327
271	50
324	41
81	379
377	133
419	207
174	218
594	510
501	348
600	519
432	229
523	386
391	158
19	487
16	493
515	372
416	202
8	506
578	482
548	429
561	452
442	246
322	38
365	113
479	310
306	10
546	426
479	310
138	280
516	374
519	380
93	358
481	313
468	292
331	54
150	260
313	22
55	424
340	69
127	300
412	195
179	209
421	209
475	303
234	115
37	455
1	518
202	170
245	95
461	279
423	214
157	248
114	323
479	311
313	22
60	416
181	207
286	25
454	267
134	287
320	35
400	174
385	148
0	519
334	59
335	61
258	73
93	358
308	14
129	297
184	201
164	235
494	336
35	459
115	321
95	355
321	36
570	468
448	257
291	15
371	123
325	43
235	112
421	210
343	75
402	177
494	337
474	301
557	446
66	405
176	215
158	247
395	164
558	447
170	225
456	271
28	472
581	487
254	80
473	300
77	386
6	510
213	151
295	9
224	132
45	442
431	227
300	1
575	476
510	364
365	112
52	429
224	132
136	284
277	40
31	466
132	291
346	80
542	420
421	209
388	153
280	35
11	501
577	480
572	472
589	500
541	417
203	168
20	486
354	93
106	336
202	170
199	175
555	442
104	339
548	429
524	389
127	300
393	161
82	377
203	168
61	414
342	73
82	378
419	207
570	468
138	280
395	164
580	485
527	393
493	334
2	517
557	446
453	266
523	387
477	307
578	481
520	381
126	302
258	73
146	267
584	493
491	331
464	285
570	468
220	138
281	34
454	267
509	363
526	391
133	289
301	2
219	141
549	431
519	379
589	500
535	408
33	462
80	381
158	246
511	365
468	292
457	273
488	326
527	394
223	134
190	190
188	194
74	392
92	361
86	371
570	468
279	36
117	317
264	62
381	140
496	339
454	267
525	390
372	125
40	451
457	273
362	107
133	289
202	170
568	464
574	475
540	416
593	508
209	158
137	283
249	89
574	474
591	504
385	147
125	303
375	130
356	98
393	161
44	444
37	455
59	418
409	189
375	130
283	30
168	229
22	481
269	54
260	69
361	106
38	454
510	364
453	265
304	7
365	112
438	240
378	135
511	366
84	374
466	288
244	98
401	176
415	199
213	151
252	83
346	80
462	281
501	348
292	14
70	399
588	499
535	407
174	218
164	235
7	508
205	165
160	242
404	181
443	248
432	229
404	180
533	403
524	389
448	257
210	157
131	293
96	354
168	229
26	474
52	430
452	263
31	466
317	29
229	123
579	484
220	139
566	461
33	462
314	25
153	254
114	323
355	96
80	381
399	172
275	43
371	123
36	458
420	208
201	171
587	498
301	2
205	164
324	41
298	3
42	447
118	316
514	371
562	454
508	361
257	74
16	492
14	495
194	183
415	199
347	81
68	402
216	145
551	435
93	358
540	416
393	161
404	181
507	358
499	345
128	298
167	231
519	380
551	435
418	205
432	229
73	394
258	73
388	153
10	503
102	343
104	339
190	190
132	291
314	25
163	238
203	168
164	236
530	398
548	430
265	61
513	370
106	337
197	179
63	410
541	417
499	345
102	344
290	17
563	455
364	111
82	377
360	105
178	211
481	314
272	48
354	94
516	375
562	454
363	109
153	255
460	278
119	313
522	385
128	298
214	149
508	361
551	435
267	58
496	339
60	416
428	222
250	87
516	374
571	470
194	183
438	240
336	62
297	6
354	93
107	335
284	28
542	420
540	416
346	80
284	28
141	275
2	516
485	320
453	265
143	273
177	213
399	172
15	494
458	274
578	482
421	209
543	422
212	152
557	445
407	185
248	91
267	57
252	84
596	513
42	447
90	364
177	214
540	416
521	383
343	74
546	426
535	408
226	128
522	385
196	181
371	124
212	152
269	54
541	417
374	128
577	480
494	337
578	481
419	207
527	393
435	234
319	33
257	75
99	349
329	50
373	126
63	410
253	82
127	300
50	433
392	160
316	28
565	460
172	222
122	309
112	326
333	58
229	124
551	435
371	124
123	306
168	229
191	189
114	322
560	450
299	2
505	355
565	460
127	300
391	158
340	69
49	435
192	187
44	444
251	85
439	241
463	282
548	429
499	345
52	430
541	417
176	215
319	33
10	503
161	241
249	88
445	252
553	438
48	436
417	203
498	344
466	287
463	283
146	267
563	456
46	440
249	89
585	494
13	497
291	16
43	445
552	437
521	383
251	85
204	166
81	379
227	126
593	507
315	26
90	364
397	169
181	207
56	423
531	401
372	125
24	479
167	231
267	58
452	264
504	353
31	467
252	84
523	387
281	33
344	76
32	464
170	226
544	423
374	129
233	117
507	359
361	106
218	143
132	291
214	150
36	458
315	26
358	101
249	89
486	322
288	21
105	338
32	465
40	451
555	442
492	332
265	61
70	399
345	79
54	427
520	382
397	168
414	198
508	361
241	102
472	299
90	364
552	437
215	148
600	519
63	410
366	114
22	481
321	37
465	286
538	413
336	63
158	247
594	509
423	213
520	381
169	228
415	199
61	414
156	249
197	179
15	494
47	438
175	217
148	264
189	192
434	233
44	444
249	89
347	82
393	161
207	161
103	342
267	58
536	409
433	231
509	363
335	61
115	321
447	254
207	161
103	342
388	153
514	371
534	406
580	486
552	437
548	429
517	376
587	497
433	231
468	291
444	249
559	449
265	61
51	432
254	80
174	218
301	2
425	216
44	444
201	172
61	414
299	2
383	144
486	322
306	10
147	266
3	514
372	125
266	60
166	233
35	459
285	26
67	403
462	280
384	145
354	93
462	281
541	417
426	218
537	410
391	158
276	42
294	11
524	389
362	107
316	28
88	367
138	281
555	442
158	246
323	40
9	504
243	99
248	91
160	243
76	389
507	359
106	336
257	74
131	293
148	263
356	98
597	514
558	447
564	458
128	299
73	394
117	318
382	142
301	2
583	491
347	82
560	450
135	286
451	262
413	196
26	474
325	44
361	106
572	472
28	472
113	325
93	359
63	411
413	196
549	432
337	65
276	41
185	200
73	393
90	364
421	210
82	377
75	390
235	112
550	434
339	67
408	187
67	403
336	62
134	287
112	326
540	416
240	104
180	208
570	468
242	100
569	466
310	18
31	467
289	20
319	34
416	202
401	175
222	135
224	132
254	80
271	51
314	25
147	265
474	302
528	396
224	132
55	424
513	370
556	443
136	284
228	125
420	208
593	507
256	77
396	166
297	5
243	99
19	487
318	31
395	164
472	298
322	39
344	77
4	513
311	20
425	216
32	465
104	339
539	415
178	212
122	308
407	186
315	27
551	435
416	201
67	403
447	254
347	82
228	125
442	246
457	273
563	456
96	353
481	313
15	494
582	488
455	269
135	286
32	464
447	254
557	445
196	180
346	80
199	175
65	407
436	235
52	429
346	80
22	482
421	209
162	239
525	390
323	40
302	3
152	257
477	306
112	326
490	329
55	424
296	8
587	497
273	47
529	397
205	164
91	362
45	442
417	203
31	467
122	309
228	125
462	280
527	394
10	502
416	202
200	174
283	29
369	120
351	88
101	345
484	319
242	100
346	80
522	384
317	30
104	339
19	487
293	13
82	377
525	390
179	210
41	449
332	55
505	355
295	9
407	186
522	385
85	373
166	232
297	5
379	137
75	390
140	277
550	434
472	299
116	319
464	284
555	442
129	297
331	54
375	131
92	361
175	217
209	158
593	508
533	403
137	283
443	248
374	128
147	265
546	427
88	367
80	382
575	476
593	508
346	80
448	257
356	97
370	121
261	67
221	137
215	147
258	73
202	170
219	140
305	9
429	224
559	449
146	267
81	379
164	235
92	361
223	134
176	215
563	455
215	148
476	305
291	15
452	263
315	27
109	331
91	362
375	131
533	403
278	39
350	87
72	396
407	185
500	347
523	386
3	515
524	389
129	296
307	12
431	228
344	76
482	316
58	420
378	136
123	306
399	172
197	178
422	211
43	445
292	14
166	233
232	118
433	231
259	72
183	203
210	156
46	440
78	384
257	75
356	97
402	177
567	462
97	351
369	120
492	332
389	155
256	77
128	299
407	185
374	128
46	440
266	60
204	167
345	79
234	114
161	241
153	254
57	422
359	102
82	377
219	140
53	428
331	54
457	273
81	379
298	3
178	212
194	183
576	479
348	84
12	499
135	286
95	356
487	324
523	386
207	161
496	339
104	339
360	105
140	277
85	372
160	242
171	223
0	519
228	125
147	265
396	166
100	346
137	282
550	434
236	111
392	159
516	375
583	491
414	198
478	309
55	425
518	377
193	186
260	69
78	385
404	181
555	442
545	425
314	24
227	127
348	83
198	177
402	177
358	100
559	448
371	123
596	513
216	146
436	236
522	385
20	485
413	196
596	513
300	1
416	202
393	161
111	327
132	291
395	165
573	473
544	423
113	325
410	190
61	415
71	397
24	478
527	394
166	232
203	168
2	516
336	62
363	109
243	99
568	465
305	9
450	260
193	186
398	170
307	13
481	313
56	423
125	304
205	164
5	511
591	505
271	50
563	456
94	357
2	517
62	412
159	245
89	365
276	41
548	430
455	269
171	223
269	54
570	468
291	15
524	388
239	106
234	115
351	89
535	408
343	74
103	342
185	199
178	212
327	47
119	313
576	478
177	213
305	9
410	191
235	113
43	446
580	486
3	515
37	456
490	329
304	8
354	93
371	124
2	517
50	434
78	384
518	378
135	286
146	267
474	301
320	35
290	18
308	14
335	61
84	375
387	151
537	411
412	195
488	326
128	299
392	160
568	464
301	2
91	362
270	52
73	393
108	332
425	216
36	458
186	197
247	92
344	77
355	95
297	6
404	181
426	219
503	352
74	392
233	116
100	347
589	501
0	519
68	402
574	475
243	99
555	442
261	67
518	377
232	118
401	175
115	321
57	421
468	292
249	88
215	147
63	411
5	511
434	232
473	300
119	314
582	489
454	267
284	28
542	420
74	391
216	145
553	439
269	54
166	233
571	470
71	397
170	226
47	438
97	352
523	386
431	228
160	243
68	402
201	171
210	157
455	268
180	208
526	391
218	143
467	290
337	65
283	30
581	487
413	196
170	226
175	217
194	184
440	242
574	475
195	182
104	339
103	342
393	161
35	460
55	425
7	507
128	298
96	354
587	498
553	438
441	244
518	377
589	500
438	239
44	443
408	187
241	102
451	261
596	513
562	454
459	275
477	306
352	91
363	110
419	207
515	372
195	182
441	245
533	403
310	18
511	365
5	511
515	372
533	404
372	125
481	313
291	15
72	396
203	168
31	467
571	470
373	127
216	146
104	339
96	353
58	420
512	368
595	511
262	66
129	296
53	428
473	300
224	132
455	269
133	289
443	248
377	133
361	106
533	404
493	335
156	249
44	443
511	365
538	412
421	210
235	113
274	45
164	235
533	403
216	145
449	259
355	96
166	232
198	177
6	509
537	410
77	387
19	487
179	209
253	81
284	28
272	48
575	477
500	346
531	400
127	300
562	454
332	55
107	334
132	292
88	367
272	49
568	464
160	242
395	164
387	151
587	497
418	204
301	2
458	274
246	93
548	430
526	391
423	214
572	471
193	186
127	300
549	432
528	395
522	385
300	1
88	368
441	244
416	201
414	197
22	481
386	149
58	419
352	91
474	302
208	160
196	180
235	112
363	109
35	459
222	136
523	386
295	9
288	21
49	435
45	442
328	49
307	12
424	215
358	101
316	28
316	28
425	216
201	171
250	86
134	287
402	177
432	229
436	235
255	78
183	203
182	205
145	269
30	468
392	160
579	483
346	80
374	129
204	166
395	164
207	161
141	275
276	41
29	469
409	189
229	123
369	119
486	323
82	377
182	204
590	502
483	317
45	442
128	299
201	172
82	378
397	169
528	395
24	478
408	188
92	360
8	506
153	254
573	473
348	84
137	283
154	253
578	481
308	14
544	423
56	423
173	221
418	204
214	149
598	517
189	192
438	240
437	238
45	442
157	248
86	371
15	494
97	351
551	435
245	95
371	123
330	52
65	408
548	430
201	172
220	139
380	139
598	516
10	502
361	106
365	112
243	99
381	141
271	51
403	179
246	94
40	450
255	79
155	252
395	164
386	149
156	250
281	33
195	182
209	158
321	36
225	130
542	420
110	329
3	514
16	492
400	174
188	195
175	216
327	47
495	338
419	207
29	470
396	167
517	376
174	219
296	7
289	20
279	36
348	84
45	442
490	329
383	144
335	61
14	496
26	474
1	518
82	378
231	119
598	517
287	22
105	338
280	35
60	416
98	350
37	456
426	219
136	284
216	145
337	64
184	202
392	159
529	397
393	161
203	168
64	409
14	495
494	337
5	511
440	242
108	332
280	35
248	90
360	105
175	216
35	459
332	55
428	222
137	282
208	160
323	40
274	46
510	364
149	261
492	332
173	221
381	140
358	100
354	93
240	105
92	360
384	146
180	208
323	40
122	309
257	74
299	2
36	457
584	492
537	410
514	371
199	176
197	178
473	300
431	227
546	427
503	352
158	246
438	240
332	55
74	391
137	282
48	436
434	232
597	515
537	410
93	358
576	479
25	477
329	51
24	479
116	319
597	515
57	421
260	70
472	298
403	179
382	142
459	275
347	82
580	485
285	26
430	226
103	342
271	50
459	276
148	264
544	423
556	443
246	93
345	78
582	488
16	493
503	351
52	429
106	336
445	252
493	335
531	400
216	145
518	377
345	79
453	265
440	243
509	362
452	264
82	377
113	324
539	415
122	309
364	111
173	220
497	341
216	145
177	213
447	255
34	461
218	142
64	409
590	503
298	3
100	347
100	346
198	177
510	364
563	455
15	494
263	65
9	505
167	231
296	7
60	416
335	61
97	351
440	242
481	313
350	86
60	416
210	157
288	21
543	422
535	407
193	185
106	337
328	48
303	5
108	332
380	138
336	62
106	336
406	184
48	437
75	390
434	233
523	387
544	423
504	353
96	354
98	350
405	182
538	413
336	63
485	320
181	206
487	325
549	431
11	501
464	285
483	318
241	103
184	201
237	109
390	157
175	216
280	35
546	426
459	276
123	306
27	473
361	106
340	70
334	60
105	338
202	170
334	59
391	158
113	324
407	186
305	9
447	254
19	487
400	174
419	207
58	420
554	441
20	485
156	249
184	202
313	23
152	257
241	102
158	246
590	503
411	193
329	50
560	450
496	340
381	141
385	147
346	80
137	282
219	140
132	291
140	277
149	261
276	42
96	354
390	157
367	117
275	44
167	230
563	455
150	260
503	352
15	494
363	110
160	243
286	25
201	172
123	306
324	41
488	326
96	353
443	248
549	431
378	136
379	137
500	346
547	428
317	29
193	186
253	81
489	327
14	496
97	352
522	385
596	513
118	316
52	429
529	397
440	243
445	251
589	500
62	413
47	439
113	324
275	43
189	192
462	281
129	297
570	468
309	16
384	146
436	236
162	240
165	234
384	145
327	47
537	410
179	209
96	353
368	118
284	28
18	488
499	345
270	53
130	295
134	287
312	21
472	298
99	348
205	164
235	113
507	358
24	478
432	229
412	194
342	73
202	170
222	135
211	155
382	142
227	126
73	394
335	61
292	14
582	489
158	246
479	310
393	162
63	411
138	281
57	422
272	48
453	266
252	84
174	219
128	298
428	222
242	101
78	385
410	190
324	41
347	81
49	435
406	183
134	288
394	163
533	403
581	487
188	195
343	75
400	174
178	212
221	137
118	315
163	238
257	75
431	228
515	373
161	241
226	129
482	315
349	85
147	265
339	67
172	222
350	86
18	488
359	103
534	406
508	360
467	289
197	179
380	138
494	337
373	126
137	283
392	160
135	286
225	131
428	222
104	340
372	125
356	98
561	452
40	451
10	502
147	266
583	491
46	441
63	410
213	151
220	139
103	342
408	188
313	23
429	224
223	134
477	307
266	59
521	383
324	41
294	11
270	53
333	57
521	383
40	451
423	214
451	261
486	322
139	279
437	237
65	408
365	113
583	491
260	70
203	169
501	349
563	455
508	360
571	469
46	441
552	437
480	312
175	216
87	369
23	480
248	90
452	264
201	172
212	153
30	468
580	486
576	478
171	224
80	381
58	420
172	222
26	474
153	254
156	250
543	421
578	481
444	250
454	267
148	264
114	322
199	175
101	345
263	65
568	465
309	15
362	108
220	138
387	151
55	424
37	456
431	228
554	441
283	29
459	276
495	338
578	482
579	483
466	287
600	519
279	37
537	410
508	360
184	202
274	45
250	86
364	111
125	304
80	381
217	144
78	384
36	458
407	186
478	308
536	409
301	2
181	206
464	285
317	30
371	123
596	513
563	455
412	194
267	58
223	133
516	375
130	295
583	491
57	422
92	360
15	494
347	82
483	317
511	365
361	106
298	3
417	203
250	86
365	112
93	359
213	151
575	477
284	28
554	440
544	423
121	311
346	80
175	216
498	344
470	295
377	133
359	103
111	327
271	50
578	481
347	81
576	478
46	441
107	335
298	3
89	365
330	52
318	31
466	288
341	71
516	374
178	212
401	176
355	95
206	163
468	292
158	247
366	115
543	421
355	95
481	313
221	137
421	209
142	274
5	511
285	26
62	413
384	146
246	93
231	119
335	61
394	163
512	367
596	513
531	400
272	48
10	502
550	433
240	104
465	286
119	313
180	208
85	373
320	35
262	66
208	159
302	4
385	148
299	2
285	27
248	91
566	461
223	134
235	113
343	75
248	91
75	390
560	451
345	79
475	304
151	258
491	331
258	73
336	62
67	403
541	418
393	162
418	205
419	206
431	228
238	108
542	420
78	385
436	235
239	106
521	383
348	83
528	395
520	381
384	146
492	332
477	306
84	375
208	160
81	380
314	25
414	198
88	368
282	32
479	310
503	351
342	73
147	266
204	167
541	418
136	285
168	229
177	214
149	261
95	356
155	252
24	478
143	273
417	203
407	186
228	125
94	357
226	129
527	394
491	331
7	508
119	314
393	161
265	61
77	386
241	102
379	137
170	226
299	2
498	344
548	429
314	25
514	371
362	107
332	55
71	397
425	217
582	488
519	380
426	219
530	399
356	97
123	307
293	13
287	22
298	4
400	174
434	233
336	63
201	172
477	306
524	389
471	297
421	209
438	239
591	504
52	429
357	99
360	104
55	425
597	514
395	164
8	506
586	496
68	402
287	22
496	339
528	395
223	134
318	31
94	357
182	205
385	147
358	101
339	67
582	488
264	63
111	327
428	222
107	334
478	308
468	292
383	144
239	106
166	232
473	300
326	46
73	394
225	131
380	138
238	107
189	193
497	341
112	326
395	165
460	277
580	486
452	263
484	319
339	67
290	17
416	201
244	98
225	131
163	238
287	22
446	253
69	401
585	494
314	24
192	187
449	258
215	148
457	273
526	392
183	203
356	98
44	443
554	440
377	133
421	209
10	503
123	307
576	479
15	494
480	312
571	469
374	128
351	89
261	67
281	33
37	456
319	33
44	443
570	468
529	397
548	430
463	283
514	371
20	485
235	113
147	265
375	130
59	418
436	235
438	239
528	395
375	131
384	145
321	36
267	58
419	207
493	335
417	203
419	206
488	326
90	364
378	135
11	501
377	133
15	494
55	425
81	379
61	415
453	265
361	106
77	386
360	105
50	433
553	439
369	119
273	47
294	11
231	120
421	209
281	33
216	146
323	40
182	205
577	480
177	214
193	186
336	62
590	503
28	471
57	422
143	273
97	351
100	346
82	377
21	484
103	341
324	42
580	486
421	209
178	212
482	316
95	355
328	48
476	305
2	516
232	118
463	283
26	474
600	519
220	138
265	61
569	467
467	290
240	104
494	337
15	494
12	499
76	388
22	482
81	379
589	500
309	16
329	51
192	188
78	384
447	254
329	51
166	232
101	345
351	88
21	484
123	306
309	15
149	261
347	82
421	209
544	423
302	3
268	56
442	247
18	488
16	493
96	354
179	209
497	341
524	389
172	222
541	417
320	35
559	448
324	41
316	28
184	202
536	409
234	115
259	72
420	208
170	226
362	107
496	339
527	394
474	301
399	172
299	2
348	83
54	427
538	413
590	503
295	9
160	243
258	73
257	74
365	112
281	33
259	71
385	147
224	132
421	209
387	151
113	325
246	93
177	214
329	50
22	481
18	489
422	211
131	293
75	390
41	448
400	173
86	371
298	4
234	115
168	229
47	439
577	480
595	512
312	21
354	93
275	43
468	291
286	25
38	454
170	225
149	262
177	214
349	85
302	4
383	144
59	418
451	262
132	292
53	428
194	183
466	287
545	424
579	483
324	41
154	253
104	339
493	335
108	332
30	468
482	316
292	14
229	123
204	167
288	21
523	386
189	192
157	248
128	299
369	120
184	202
281	33
244	97
583	490
362	107
88	368
188	195
208	159
250	86
246	93
585	494
219	140
78	384
78	384
381	140
242	100
130	294
185	200
119	313
243	99
313	22
518	377
109	331
380	138
561	453
373	126
317	30
363	109
428	222
275	44
119	313
30	468
250	87
537	411