367	131
359	371
333	458
434	471
430	104
580	420
328	584
432	338
322	449
303	572
112	241
492	373
30	584
81	233
416	159
339	522
296	252
191	342
441	251
328	177
280	354
209	381
347	321
212	434
1	12
5	403
129	118
593	79
343	372
368	256
177	531
169	436
552	175
469	110
17	65
275	25
35	531
531	144
123	587
46	164
531	547
2	122
41	97
580	392
259	264
198	53
121	153
120	394
395	471
506	385
489	486
351	16
457	159
278	226
595	563
314	354
353	41
458	93
314	70
330	435
197	408
176	17
163	391
363	367
405	208
172	217
117	440
417	444
384	217
511	367
544	532
365	451
368	499
440	296
73	169
248	197
154	481
585	467
540	0
189	263
299	336
503	491
120	306
531	448
515	158
233	2
318	362
297	160
165	13
272	174
578	55
584	193
389	7
518	166
200	520
556	543
352	409
127	291
551	432
491	353
215	410
322	17
545	449
387	343
259	498
439	277
72	330
271	243
218	437
466	534
331	227
251	394
592	264
230	357
358	406
507	522
543	552
155	407
533	133
191	148
583	216
25	239
377	520
242	0
309	537
202	422
64	30
550	141
352	40
395	269
225	344
432	40
87	61
578	543
181	235
362	257
156	176
105	466
335	540
195	308
331	188
369	484
524	363
576	91
259	574
424	71
316	290
79	414
67	189
555	319
422	77
22	93
62	425
259	256
551	298
168	185
351	261
252	194
427	208
223	432
269	470
241	71
482	553
322	0
399	11
337	41
300	273
209	169
433	253
309	126
445	518
35	565
53	174
22	270
257	384
454	217
178	179
219	112
592	136
87	363
400	292
257	154
323	570
181	499
361	144
464	16
284	532
74	52
378	300
300	202
578	463
433	289
375	298
297	360
10	387
113	122
209	340
214	206
566	212
87	159
219	352
331	162
441	297
551	121
352	450
506	67
561	481
84	501
311	399
464	474
196	494
307	578
31	526
229	394
314	523
556	303
82	103
463	88
473	432
432	504
93	197
107	165
275	506
571	416
382	597
484	113
417	61
179	350
301	527
121	471
211	92
590	490
227	186
251	510
285	68
16	102
133	41
172	588
268	247
506	327
473	225
448	522
222	564
507	242
599	394
271	308
277	145
235	97
505	268
441	280
508	91
266	206
234	497
472	356
112	178
589	124
187	399
449	201
71	48
233	187
441	60
122	332
356	104
198	10
487	442
525	377
560	376
60	420
330	546
571	328
266	105
272	558
136	210
498	58
392	539
464	492
39	489
23	411
315	388
202	505
580	360
396	231
127	416
545	493
529	40
130	206
127	151
40	334
420	479
63	537
389	579
156	346
22	285
394	572
527	553
133	73
465	585
209	12
67	317
77	437
473	22
545	193
243	320
143	162
540	450
86	594
113	195
448	352
561	155
342	365
572	275
218	430
156	194
33	390
504	405
35	158
48	17
195	140
242	584
418	238
59	118
288	233
553	239
218	523
541	96
103	304
494	422
548	149
280	334
496	519
132	18
137	55
449	469
29	564
160	164
285	509
117	56
44	546
137	500
117	277
308	567
178	59
240	415
593	17
90	83
361	28
241	210
242	121
496	245
314	150
416	206
220	163
318	292
595	464
485	444
149	269
372	485
443	272
520	576
156	478
580	579
320	49
44	424
514	458
98	518
567	316
63	36
452	365
67	261
492	225
96	397
518	276
497	278
117	132
264	423
97	457
244	586
298	402
89	49
421	358
138	436
248	211
137	481
383	174
327	528
505	215
328	258
132	88
365	334
84	67
229	599
35	509
341	581
75	251
588	31
327	375
492	514
543	95
2	417
498	266
519	465
86	64
47	39
259	381
566	208
341	185
98	148
200	239
236	88
190	336
40	575
540	340
12	245
507	380
518	24
298	46
493	267
184	558
345	304
543	398
239	73
540	554
421	266
547	170
372	271
536	173
499	102
96	342
207	217
278	414
200	314
137	94
71	67
370	486
516	577
340	327
340	68
500	122
448	518
304	427
49	85
452	13
95	279
487	379
88	433
588	576
253	500
77	52
464	484
361	324
586	94
334	333
218	198
490	164
416	162
307	245
335	23
503	342
464	486
501	447
91	458
370	560
545	176
480	366
285	132
401	244
273	332
249	515
156	139
41	86
265	596
176	524
355	81
108	378
420	479
286	156
293	271
452	568
440	52
56	160
353	388
349	418
499	278
129	589
294	22
118	498
6	119
227	549
280	374
352	54
69	350
22	113
41	278
125	358
197	227
15	245
208	555
217	378
460	120
362	456
341	204
52	390
340	551
584	43
162	51
350	359
144	40
186	487
11	537
129	428
69	577
419	185
238	459
75	200
426	390
289	112
380	393
520	188
408	176
515	299
277	75
347	511
169	279
164	220
55	244
374	63
4	451
382	345
168	497
340	119
431	524
472	263
215	160
70	9
339	439
16	439
102	355
562	539
92	505
553	516
570	492
365	484
110	339
382	80
57	272
394	381
96	118
188	596
58	430
457	281
596	126
587	310
392	287
376	191
548	81
21	66
191	573
172	437
422	447
414	523
245	278
81	324
505	409
209	224
106	327
197	40
165	243
393	298
255	138
505	207
199	571
93	466
218	3
63	151
482	257
497	549
480	268
188	433
542	191
204	209
505	422
383	474
236	9
404	479
536	58
32	318
135	251
195	504
528	465
505	21
364	503
493	506
431	81
152	9
442	574
191	458
70	576
595	35
171	284
153	545
118	168
257	106
25	262
300	457
244	396
599	173
465	548
461	263
333	495
96	462
362	113
7	176
218	185
396	471
182	536
348	69
261	339
217	246
272	518
509	241
162	207
492	546
196	12
372	111
22	83
201	557
306	580
529	174
427	572
214	265
195	89
250	375
345	293
76	405
545	417
568	579
22	47
341	512
443	196
184	255
295	8
351	378
366	219
191	513
4	582
214	95
148	491
29	66
199	387
13	13
105	178
563	35
245	88
382	10
208	270
148	546
315	219
356	177
26	283
143	148
513	275
456	139
550	75
410	66
146	224
369	520
434	341
416	438
210	221
586	565
88	160
36	356
494	280
423	253
321	398
427	435
191	510
119	19
373	356
406	35
270	9
403	395
296	310
277	535
193	564
229	582
287	29
156	394
364	346
178	228
80	82
497	107
241	252
400	41
141	386
547	434
504	66
280	218
281	281
460	298
510	478
252	199
592	273
80	415
330	534
241	376
107	66
67	127
291	393
406	106
314	169
199	99
595	342
363	33
119	339
515	596
510	2
210	349
9	312
572	264
107	536
25	167
534	234
143	372
369	560
574	274
559	453
404	497
91	10
529	116
111	326
477	209
212	242
197	468
4	430
452	120
547	27
510	267
596	62
288	373
584	542
35	109
385	122
240	328
540	170
61	519
501	528
557	483
517	426
534	544
46	536
388	227
247	108
147	490
450	75
369	286
395	134
58	575
492	517
189	29
571	257
580	390
261	84
297	320
59	280
339	581
355	0
216	222
234	303
148	318
532	155
0	196
510	526
382	92
539	113
473	35
347	268
81	492
154	270
492	36
252	286
520	263
70	316
332	548
152	295
359	356
494	260
336	74
198	87
36	224
492	58
294	446
184	327
1	167
329	547
241	130
67	249
136	105
212	351
564	202
165	553
141	280
588	57
285	269
118	208
296	102
73	196
362	595
351	213
40	201
326	589
270	222
77	372
592	225
297	5
116	3
462	553
12	502
81	302
434	480
506	483
269	196
103	483
56	13
75	251
9	16
29	282
246	133
437	596
539	593
577	26
105	412
126	194
96	130
66	351
517	128
390	493
479	564
577	275
475	569
344	293
136	430
218	124
517	242
495	157
230	463
312	67
293	280
313	409
108	543
547	96
1	23
63	249
523	139
157	240
441	586
202	270
306	392
464	537
263	290
223	282
52	21
425	554
533	307
339	362
573	179
576	46
474	100
424	525
525	430
29	175
317	189
254	539
443	426
252	500
168	560
338	144
490	56
81	53
461	274
225	440
23	16
572	283
108	360
77	234
368	207
430	187
443	284
343	192
494	312
458	305
163	448
82	410
403	132
564	495
194	232
454	352
316	420
325	117
299	105
266	575
368	147
156	352
335	462
449	416
583	358
525	333
350	15
510	182
580	149
14	244
414	313
143	446
107	449
333	143
147	195
404	150
530	150
563	570
292	332
376	464
43	32
99	546
276	432
271	118
376	63
411	224
278	362
54	141
62	108
201	429
320	105
278	412
146	588
414	53
32	533
233	179
150	370
446	174
545	48
299	438
452	406
38	200
215	126
449	146
289	82
244	387
94	135
469	188
467	376
330	366
222	138
511	366
131	39
595	132
98	354
109	484
316	406
220	6
467	18
467	560
585	181
252	270
241	170
91	107
482	336
419	87
194	457
271	389
47	5
6	400
449	578
241	385
59	506
249	80
8	593
289	140
346	458
35	72
269	525
238	397
250	335
205	190
504	213
155	500
229	310
402	494
515	317
212	596
437	48
584	400
88	240
446	34
439	117
398	287
542	260
402	589
512	440
451	374
76	43
369	342
146	543
301	330
444	102
512	95
463	522
599	220
441	194
350	30
124	329
24	126
32	268
553	424
47	32
291	323
242	286
300	448
322	117
345	441
336	202
124	583
189	373
288	368
245	315
117	83
382	76
519	345
544	577
97	114
396	284
567	281
406	499
73	405
143	506
427	429
107	4
17	560
378	46
376	126
434	328
16	294
97	417
165	332
552	93
181	374
595	294
108	380
28	389
26	59
464	171
375	132
98	248
125	5
299	231
387	291
355	284
170	82
136	195
599	44
477	103
377	1
575	155
117	345
153	448
262	483
495	500
224	113
343	523
499	363
347	581
572	516
531	36
367	236
208	31
193	323
243	496
378	207
60	111
168	411
271	593
14	116
384	105
211	168
463	416
591	461
471	596
337	12
488	291
435	440
340	290
599	247
575	30
11	83
47	46
143	197
91	403
135	24
552	205
492	517
366	340
261	416
202	152
580	302
453	253
163	498
145	526
4	403
259	588
360	234
524	324
215	557
569	475
70	300
211	478
479	445
145	194
522	312
385	172
490	577
589	367
58	493
122	528
213	322
420	39
269	456
566	452
420	542
206	508
582	51
68	463
472	186
18	166
153	353
135	422
590	406
158	300
572	365
20	332
22	563
495	2
591	200
177	548
233	469
412	578
316	242
143	3
482	514
503	573
39	502
33	481
54	546
243	209
38	96
498	318
19	55
262	490
569	207
370	335
476	20
432	282
427	557
505	304
74	64
562	67
358	252
170	528
60	58
80	409
67	568
361	138
344	467
103	274
479	281
373	176
271	441
135	503
335	247
470	208
444	64
369	498
572	406
295	577
117	568
569	376
391	242
213	540
64	556
436	78
230	401
173	452
455	463
571	286
492	205
473	584
44	102
38	512
165	353
108	462
141	194
66	147
238	57
465	503
352	405
587	179
393	508
255	280
359	545
593	298
286	331
503	148
373	54
79	361
339	337
244	124
479	211
7	53
549	338
449	521
340	394
454	252
436	166
566	302
365	270
278	55
210	253
107	240
309	85
174	128
20	497
227	191
65	327
36	107
415	529
74	404
272	351
283	22
379	290
527	91
19	503
388	210
587	166
466	544
534	373
529	465
459	462
46	331
349	315
589	120
256	241
560	486
87	592
53	44
419	413
69	219
374	193
329	22
310	514
279	136
421	156
323	481
380	324
105	220
208	377
238	568
549	279
598	33
151	289
319	210
207	306
413	530
506	393
223	312
94	591
567	508
69	445
15	107
4	590
495	454
501	143
11	592
353	463
448	10
450	479
359	165
155	351
578	43
275	345
348	83
158	175
558	303
132	20
387	196
446	337
444	221
138	447
344	51
64	596
11	365
308	196
288	568
308	405
297	52
436	287
99	283
197	342
558	223
156	518
482	166
494	297
438	356
201	263
313	310
470	179
323	150
459	254
566	352
365	75
582	552
98	406
351	597
172	178
38	406
154	141
440	168
121	26
414	577
263	498
482	260
464	104
3	177
433	144
76	80
442	227
412	362
113	290
246	453
497	428
576	578
154	87
480	500
561	255
330	334
136	229
87	553
265	158
504	106
403	326
160	349
231	258
79	392
317	200
35	573
327	443
280	117
367	230
80	398
188	300
254	345
552	298
340	10
157	562
557	549
453	357
557	537
177	68
300	180
121	202
545	203
323	81
131	332
86	560
539	266
334	382
237	4
466	119
478	419
80	448
399	189
595	495
391	323
331	364
327	587
483	430
206	355
447	307
317	43
52	208
461	293
537	449
92	316
203	510
295	390
487	43
569	400
265	42
194	252
209	86
579	425
285	335
437	496
121	421
225	374
258	218
250	299
267	481
415	453
127	261
212	193
349	232
144	464
362	417
10	266
176	168
284	58
595	433
98	414
404	506
508	585
119	419
286	374
15	89
121	99
498	527
522	480
135	66
448	467
571	168
419	73
331	396
32	170
483	192
65	50
53	23
113	256
166	589
213	397
98	134
294	450
207	344
187	262
239	183
396	331
136	411
265	52
574	383
32	93
271	144
214	575
207	376
476	494
170	574
555	41
335	204
291	366
340	229
356	471
475	337
216	69
140	214
200	335
429	28
586	95
37	413
508	585
566	208
443	329
544	241
148	320
562	54
275	571
427	304
162	312
374	300
49	589
125	549
428	247
437	320
538	540
391	260
521	533
86	180
495	396
156	82
140	262
183	265
315	356
481	247
439	564
549	549
282	207
277	589
1	143
513	367
595	103
289	184
56	183
356	183
303	362
489	277
167	469
370	505
535	287
41	173
25	112
563	288
409	263
529	441
147	443
269	388
10	110
185	597
437	145
123	78
341	568
52	478
249	68
176	297
386	198
585	342
34	375
404	273
319	505
285	548
374	0
501	588
379	267
425	303
260	498
119	565
573	91
594	562
55	196
196	278
409	263
291	190
512	485
84	219
226	472
428	396
511	2
102	363
584	443
406	466
170	227
236	480
356	157
5	219
283	59
187	179
151	388
444	297
262	343
480	515
558	82
379	581
136	419
571	357
480	171
188	458
233	298
543	538
53	59
489	239
570	253
279	197
168	74
80	19
447	520
147	28
398	337
430	233
470	10
160	77
445	445
551	108
94	370
299	584
277	465
420	393
72	29
310	520
106	477
298	417
433	364
81	283
143	323
577	6
493	464
418	447
291	214
298	530
229	312
524	597
192	259
152	69
506	143
140	512
126	369
359	238
39	272
254	212
484	282
80	14
482	395
68	17
295	106
546	354
474	271
551	6
81	244
138	39
362	96
483	504
498	242
180	550
468	384
143	26
194	523
470	591
295	446
482	469
581	388
363	191
569	268
591	447
188	482
230	188
253	187
1	517
434	476
522	381
238	239
383	51
268	307
185	292
345	158
537	223
456	274
201	77
455	410
480	3
326	224
55	278
216	596
569	426
250	594
264	159
552	297
266	520
103	132
403	273
333	190
579	52
36	63
72	280
142	485
590	512
595	441
67	467
93	144
288	244
116	386
209	504
422	242
69	464
262	218
48	106
85	19
454	72
102	366
467	125
3	306
470	119
326	554
164	366
282	250
504	319
23	558
496	421
412	471
563	485
110	323
510	236
463	456
206	311
330	429
567	327
259	292
395	503
539	544
47	43
297	359
471	95
357	420
138	153
261	284
368	76
338	378
119	153
157	9
589	452
187	86
560	345
240	432
257	82
72	325
248	590
24	426
496	119
474	574
347	271
23	316
24	240
215	171
232	71
277	75
449	548
478	158
378	553
272	473
61	508
262	142
66	355
273	559
440	91
83	409
78	445
293	347
368	190
57	553
101	321
249	105
213	515
62	129
104	410
549	187
298	331
524	335
58	303
106	275
66	97
452	145
273	126
203	277
531	58
99	234
322	235
167	448
558	140
528	76
8	424
261	579
148	545
211	180
332	444
149	122
514	315
592	74
558	575
509	367
421	327
577	448
226	73
122	3
278	380
471	272
276	448
530	93
47	531
170	281
228	392
504	534
404	526
115	264
410	258
31	197
99	434
401	416
523	568
309	62
131	471
152	44
296	20
178	291
72	308
547	562
14	374
54	398
301	413
210	287
264	69
45	282
280	231
300	327
495	362
278	358
153	112
494	251
122	450
39	227
210	481
226	546
117	434
210	571
240	277
57	387
590	387
579	74
520	121
208	567
122	485
0	54
418	36
358	113
588	21
103	113
89	558
268	535
327	201
114	459
89	210
91	64
518	56
358	210
599	69
17	61
114	196
334	91
292	94
468	177
323	25
260	56
242	254
380	227
61	205
177	65
484	447
109	81
269	136
400	541
474	567
522	269
193	427
22	560
226	115
3	121
555	338
268	196
72	438
143	84
438	116
163	490
206	553
498	260
159	551
574	471
116	426
176	242
165	358
259	410
289	391
551	187
496	484
530	146
71	225
217	444
37	440
484	393
210	52
231	483
24	41
92	61
449	483
262	74
471	113
153	308
147	238
325	525
550	340
186	573
427	341
5	424
301	47
264	563
212	435
31	243
91	411
310	458
157	29
497	392
30	361
572	138
518	387
329	41
480	77
575	409
529	540
535	428
283	76
522	563
481	219
383	408
285	240
201	379
333	254
260	103
325	24
360	72
93	35
398	28
355	450
399	299
532	458
364	132
123	579
240	357
276	376
386	254
42	483
287	523
300	304
164	309
215	148
57	204
469	577
448	538
155	177
517	302
448	13
48	580
249	393
477	534
545	205
557	345
430	450
517	87
599	423
292	212
153	432
179	463
449	426
77	183
355	397
133	407
97	406
526	264
64	368
29	553
477	7
396	261
532	489
416	466
264	440
225	49
463	160
194	551
357	586
286	295
121	123
179	489
308	532
123	363
485	526
236	435
498	66
17	86
586	82
554	0
29	343
391	112
588	552
482	503
173	356
217	198
319	245
171	289
12	457
274	307
196	590
86	183
582	289
75	136
266	194
553	6
129	512
401	293
102	565
231	356
334	573
34	191
570	513
425	218
174	74
312	546
569	28
408	41
53	241
548	494
337	254
159	359
225	22
59	420
367	153
589	473
35	305
324	304
38	409
289	552
36	347
168	374
376	236
12	494
457	277
240	446
114	217
2	551
568	70
210	265
476	546
448	203
376	340
420	11
406	515
287	152
204	279
559	425
116	162
287	281
568	162
429	362
419	311
476	67
298	355
506	200
49	227
356	588
42	233
222	550
232	218
239	349
273	123
56	432
170	387
477	79
117	340
316	96
294	540
99	175
483	195
262	13
129	568
13	283
475	596
276	171
142	354
173	483
464	98
464	528
582	41
210	35
501	311
259	154
584	332
537	173
520	495
435	379
170	285
8	354
593	187
381	535
325	400
173	199
36	225
434	523
460	178
578	113
274	574
382	149
469	516
436	28
108	54
244	200
102	534
215	493
288	200
491	190
176	134
227	237
473	300
363	118
207	537
154	110
10	438
400	237
336	366
239	141
171	410
150	478
89	344
311	64
234	407
378	284
269	474
3	136
443	527
495	308
85	50
148	261
352	138
70	550
494	24
69	382
185	184
492	323
137	222
237	112
61	350
383	181
438	207
113	44
574	125
561	179
232	553
541	427
81	208
227	396
259	13
108	139
227	475
275	297
561	51
371	401
292	519
182	53
192	9
186	117
111	314
13	422
476	539
218	531
16	233
20	3
19	353
375	518
380	176
14	125
268	221
566	373
4	550
306	512
431	212
96	240
425	228
392	144
471	554
485	10
1	244
548	350
34	88
114	198
536	11
34	315
559	144
339	586
200	409
543	177
246	140
368	441
81	365
406	143
435	300
212	66
504	35
0	483
227	359
224	52
580	480
74	575
486	294
212	12
540	274
179	54
291	574
47	258
578	114
426	493
206	316
321	98
466	443
283	85
292	24
599	30
363	546
595	557
172	444
479	518
404	29
159	209
392	452
351	426
568	62
257	368
274	478
386	171
194	279
106	95
431	49
218	32
249	509
96	576
350	135
14	268
405	599
361	80
122	372
453	42
543	590
358	466
531	126
457	468
180	492
257	542
145	373
277	452
458	327
174	422
9	10
599	299
121	124
85	181
356	321
398	160
235	534
150	408
223	400
396	526
453	222
91	198
381	208
188	201
587	130
265	106
598	161
596	158
263	160
430	37
524	359
156	424
161	489
332	30
128	17
197	111
583	472
196	428
232	214
523	128
119	371
204	167
60	536
347	186
216	446
121	124
300	26
429	109
508	44
461	144
163	531
114	586
217	408
33	490
391	195
6	271
314	237
67	99
110	443
207	98
546	99
409	566
97	303
427	515
281	539
108	378
124	332
366	540
476	39
54	532
116	187
9	26
137	181
11	64
383	534
515	506
280	347
259	559
103	160
508	526
571	513
574	535
439	79
108	280
494	548
118	408
115	107
56	508
15	215
264	427
52	222
437	103
238	297
179	299
201	483
274	452
102	467
22	565
599	288
442	187
73	545
534	361
154	390
519	377
136	582
269	152
241	573
408	477
240	586
531	534
349	267
355	294
54	581
489	511
169	228
403	176
44	418
257	147
299	448
274	174
328	143
95	291
321	513
391	590
331	345
282	355
485	60
514	306
287	338
307	24
225	125
226	427
360	13
531	377
563	269
101	366
580	421
289	384
306	421
480	344
266	291
338	192
94	186
218	563
566	151
526	301
251	473
325	305
163	108
394	329
246	17
93	237
79	230
192	531
510	301
78	399
202	148
559	119
364	337
281	174
278	440
593	139
434	522
295	117
56	171
95	5
431	545
364	560
205	364
551	448
530	406
317	382
438	536
126	85
570	358
250	62
404	480
150	204
20	230
484	507
251	448
17	338
564	599
55	506
146	195
251	346
225	170
505	561
577	538
75	47
581	267
185	47
274	44
402	229
147	192
136	384
361	53
481	405
199	137
50	520
251	369
279	271
121	247
206	348
394	87
585	215
233	238
313	118
494	496
144	386
348	540
103	528
453	230
374	80
485	82
386	501
363	224
320	529
172	264
152	61
586	34
333	330
562	138
48	327
483	159
516	151
402	519
581	542
91	513
194	352
538	454
465	414
103	372
81	45
183	529
595	421
319	192
154	428
484	187
73	180
198	414
123	176
27	307
166	38
255	208
169	32
329	425
276	157
561	274
447	8
558	102
435	274
364	437
372	385
394	189
480	379
322	232
257	552
321	14
318	52
38	591
264	574
23	199
464	1
103	134
262	388
581	115
428	375
518	508
185	420
1	309
385	576
571	531
369	53
177	475
225	501
563	51
394	229
137	541
191	588
188	468
345	102
199	212
346	449
471	18
410	171
157	589
296	366
589	64
520	1
111	294
299	269
146	512
220	265
128	437
567	362
333	239
532	242
537	94
89	131
421	379
190	65
82	507
313	9
589	358
281	98
126	339
480	431
216	210
410	589
323	197
66	199
197	260
308	252
295	220
109	274
515	531
566	169
532	122
416	326
446	143
129	74
596	462
324	223
136	228
191	103
420	216
214	264
80	566
549	72
437	417
554	272
142	213
465	496
102	310
289	232
484	552
179	462
379	204
3	321
430	451
200	529
529	274
445	80
370	554
562	89
214	155
340	228
9	533
129	227
149	539
200	236
259	276
108	195
504	199
130	338
558	130
584	576
132	215
253	220
352	84
399	333
344	422
16	368
112	249
370	148
277	342
153	181
48	217
328	451
574	517
443	134
5	551
59	112
593	140
505	503
437	160
450	390
141	316
64	440
455	323
97	496
434	417
32	511
62	104
146	251
19	73
387	56
350	476
543	29
486	347
332	270
381	25
12	186
426	90
513	552
243	311
425	275
199	378
193	263
593	208
118	302
233	151
78	348
229	293
157	227
349	378
460	524
284	20
500	587
138	557
416	445
382	275
327	25
521	140
233	192
318	515
497	370
541	211
329	455
503	223
428	422
587	268
548	573
287	212
171	302
211	504
223	483
159	449
415	214
180	43
562	271
432	262
415	514
35	410
350	36
119	398
477	234
148	341
471	166
233	446
200	471
15	471
579	476
567	13
412	349
372	27
401	375
555	68
75	401
223	438
371	7
97	485
55	547
276	465
67	10
430	14
156	554
115	22
265	102
124	13
66	228
357	432
482	244
507	74
265	589
444	93
130	325
545	546
100	300
294	309
371	198
435	127
486	595
323	449
155	445
25	323
431	478
378	446
122	419
309	44
78	464
47	10
344	89
148	582
360	555
288	91
11	301
339	39
568	430
90	165
479	52
394	67
60	294
304	146
99	359
548	61
22	128
60	569
234	352
45	520
592	74
444	457
399	331
370	487
286	159
494	156
487	63
68	587
311	449
283	367
219	501
580	442
108	111
79	78
171	245
168	178
95	502
238	170
387	477
36	118
501	66
481	212
345	419
482	452
508	516
223	481
356	272
386	399
69	362
523	269
518	53
281	169
394	452
452	194
299	334
14	110
137	314
552	592
47	443
328	381
14	489
231	540
595	252
9	552
212	397
238	315
105	170
429	208
381	566
512	157
499	435
203	123
53	277
326	468
583	332
274	8
274	45
584	436
469	214
69	368
478	20
138	434
158	387
23	20
539	521
119	15
231	103
175	331
453	141
193	404
179	441
421	586
59	148
6	429
12	185
42	275
486	571
468	40
75	513
356	81
376	545
461	229
571	279
263	384
6	415
507	77
465	71
76	271
326	570
77	532
382	82
13	567
265	429
47	136
35	555
182	506
265	457
294	497
291	245
422	438
420	231
465	425
580	192
307	210
439	282
49	20
246	300
545	30
91	216
425	566
521	586
507	148
106	255
222	417
363	592
584	211
522	130
527	422
168	91
351	224
192	154
85	144
319	251
90	140
550	463
332	295
123	300
14	419
166	590
496	232
7	177
193	585
389	226
416	303
0	73
187	508
368	221
126	126
495	300
197	487
273	69
381	109
500	20
404	114
50	513
249	506
123	14
182	4
544	147
322	160
122	64
139	355
225	254
512	298
352	426
205	553
62	15
72	430
464	551
40	54
25	166
509	563
579	435
218	266
239	27
111	525
201	460
371	353
23	163
279	222
64	362
262	454
417	242
488	508
395	216
334	483
48	455
247	464
44	387
153	349
120	405
220	242
441	272
576	402
591	334
278	119
442	55
156	443
559	568
10	245
320	188
10	236
234	506
61	219
288	346
239	1
509	125
492	12
46	120
157	73
221	220
411	18
106	326
324	396
84	302
306	412
53	486
489	110
372	393
577	306
268	549
497	195
130	406
133	285
92	73
486	19
12	401
376	58
324	186
81	37
11	400
292	365
277	26
557	301
305	137
448	288
428	519
402	551
116	166
329	323
415	494
128	531
377	97
354	323
59	247
327	529
137	322
84	269
20	501
365	204
142	446
222	393
485	356
23	233
478	135
333	105
99	219
573	550
367	560
236	521
77	106
410	165
57	23
549	494
126	546
242	128
71	212
398	81
337	585
418	260
173	510
557	219
28	557
251	464
306	210
196	0
277	158
335	421
511	349
317	486
487	30
514	461
231	494
565	332
6	370
153	189
348	279
573	421
38	551
390	229
24	59
12	261
583	39
521	252
41	471
70	160
187	52
520	310
522	234
311	71
542	457
568	552
48	134
240	252
285	38
352	16
266	175
417	146
295	298
349	511
360	16
412	104
574	256
424	96
13	331
80	549
326	228
1	536
277	423
435	162
421	45
551	317
359	225
119	237
65	547
69	57
59	150
461	570
365	87
111	510
116	300
596	433
179	111
90	554
126	406
98	45
314	145
391	258
32	519
385	25
225	492
591	87
403	587
59	322
290	484
592	342
530	571
78	553
152	69
102	257
328	191
81	488
256	413
482	593
108	235
444	234
83	595
30	301
71	12
180	421
546	108
351	554
259	186
188	520
8	210
265	202
406	454
483	559
435	461
406	510
253	538
220	572
51	60
95	287
41	45
73	557
233	546
472	70
68	46
488	443
361	339
312	137
188	326
174	534
168	598
310	343
575	329
565	539
493	98
237	568
517	234
433	80
43	322
584	303
385	419
214	60
5	59
478	362
503	581
492	553
137	203
414	166
463	434
27	404
101	577
268	485
88	367
95	385
93	17
442	201
357	389
212	401
58	15
367	0
171	349
50	557
379	240
27	544
96	298
225	393
464	598
56	105
301	408
238	220
401	346
234	40
301	408
540	316
155	514
271	392
451	107
459	517
306	378
488	344
159	541
213	96
168	500
301	273
353	137
251	573
364	306
565	455
212	0
387	259
579	256
107	413
388	412
469	188
347	389
465	27
376	374
433	340
106	288
408	169
192	390
530	73
171	68
21	307
303	17
45	65
16	350
390	244
129	50
298	8
288	275
330	100
590	291
9	169
50	253
212	333
501	482
334	362
424	549
472	87
313	399
78	483
349	7
356	521
375	538
407	269
479	211
232	273
30	559
411	500
533	311
254	528
381	379
453	294
544	72
218	104
247	373
153	467
398	552
354	255
306	496
368	421
394	6
214	244
3	581
121	287
53	379
585	30
163	371
545	552
280	513
565	466
525	121
35	559
575	156
427	211
141	296
192	77
599	10
360	513
41	67
528	200
447	164
297	597
43	535
511	588
450	28
135	432
229	429
384	433
36	111
27	417
380	109
589	34
376	106
443	174
413	483
52	25
256	207
570	519
515	36
386	526
308	23
124	232
542	7
44	343
176	118
22	172
316	469
561	583
371	19
114	53
587	538
65	168
82	327
144	361
436	532
560	450
65	499
342	587
42	137
11	164
297	180
577	450
592	531
41	407
66	304
417	322
422	556
498	440
235	272
64	358
13	476
475	5
140	446
419	96
141	352
392	140
250	478
519	140
525	546
320	9
155	198
572	434
107	406
213	190
365	423
389	131
287	152
240	217
283	403
198	41
28	432
32	291
447	399
52	489
111	95
596	518
176	456
112	121
213	337
540	212
350	103
36	588
57	212
331	92
416	31
355	434
251	333
383	214
228	491
589	227
169	423
383	195
55	443
56	139
561	388
284	24
432	293
336	300
452	507
456	81
449	589
39	313
157	91
497	192
309	183
125	590
552	276
94	261
259	129
24	411
547	106
208	140
153	284
469	424
591	219
154	12
153	122
357	552
127	589
153	196
263	158
304	48
359	115
261	150
392	313
285	30
430	479
573	238
219	169
463	324
540	470
566	114
116	425
521	572
308	585
421	160
364	565
146	291
42	216
247	372
33	68
218	487
278	22
360	561
100	350
122	563
295	402
528	277
469	278
88	400
545	10
247	327
169	135
496	515
535	439
58	434
532	16
531	380
536	5
547	305
591	578
227	242
141	217
396	514
234	54
452	33
17	259
124	438
282	9
13	85
23	100
304	460
172	9
156	190
431	206
514	19
423	326
301	397
514	257
238	590
126	508
11	475
304	393
503	127
475	446
581	453
225	146
598	135
181	458
250	388
224	359
75	105
170	440
349	191
433	28
105	52
397	556
305	481
36	273
270	416
257	482
437	215
126	207
408	93
555	255
120	312
487	546
352	305
579	516
381	189
262	463
490	400
587	307
280	360
447	517
515	371
550	570
535	158
325	526
505	580
42	549
10	471
111	516
550	38
342	149
187	402
326	54
325	582
556	485
158	299
165	90
531	342
559	33
297	415
416	114
302	255
278	271
157	372
581	561
25	507
135	87
306	124
45	581
406	435
572	285
134	288
579	516
489	36
464	171
551	238
547	168
83	25
35	289
100	572
236	149
93	223
497	87
599	436
46	599
344	577
31	87
557	65
572	207
107	497
582	53
91	286
579	573
12	265
77	144
331	403
472	236
237	179
50	456
453	257
430	258
424	406
97	215
46	66
125	183
331	498
355	66
43	300
275	491
85	360
424	447
430	373
383	226
446	372
213	535
104	309
312	17
74	213
358	274
69	353
154	7
414	321
85	327
347	563
192	527
65	155
320	99
346	141
18	554
372	303
142	94
36	277
433	559
162	538
2	284
158	567
166	461
224	252
414	271
525	17
326	429
117	311
65	455
314	215
64	482
355	15
33	324
398	293
132	2
316	473
169	280
61	451
389	419
173	518
212	551
551	208
200	329
509	166
503	24
570	33
363	204
406	39
330	283
297	544
534	548
235	150
271	578
455	119
372	79
592	35
361	154
236	140
234	190
29	318
462	481
550	501
463	14
483	53
261	351
505	27
466	522
244	406
80	334
599	48
215	147
174	207
403	132
0	106
41	26
153	50
66	318
35	320
529	594
308	269
182	444
2	121
429	384
459	395
233	41
514	82
217	468
211	574
172	402
544	182
49	160
396	575
136	244
28	285
44	509
526	353
225	215
521	295
42	138
500	211
476	207
387	376
407	303
99	260
394	319
87	587
509	3
555	87
114	294
285	209
197	227
468	159
235	228
193	41
110	588
442	329
550	411
509	151
532	566
338	334
328	0
153	415
234	233
130	319
197	208
179	304
167	376
44	129
390	565
326	451
293	498
146	473
427	361
39	154
533	462
251	567
57	328
482	291
555	188
397	564
557	399
449	173
319	0
40	493
15	417
357	208
362	16
401	463
392	478
90	118
197	314
347	539
3	67
231	326
285	553
495	49
55	575
555	485
521	199
53	510
490	345
113	572
1	442
248	64
63	565
404	471
161	512
454	150
209	102
507	66
219	124
141	74
565	194
414	412
112	49
583	496
284	75
310	189
455	35
438	422
469	554
552	257
420	587
240	340
455	20
386	236
114	113
283	451
61	599
172	253
177	329
537	551
335	123
368	125
312	569
93	559
55	66
155	263
331	55
412	9
144	154
121	567
157	260
285	112
17	295
379	221
103	565
25	552
280	347
292	249
23	382
274	414
359	16
495	230
9	159
303	74
282	283
371	32
41	169
462	422
287	304
47	23
478	479
353	469
556	74
285	476
193	167
241	263
211	289
594	497
139	8
229	353
112	11
332	163
154	580
92	447
89	30
298	481
4	373
46	548
597	369
271	307
73	121
462	510
229	432
327	29
12	463
90	492
86	463
288	115
203	264
25	337
597	539
514	69
26	241
131	88
480	566
215	90
132	510
85	247
483	386
363	390
537	38
594	286
368	178
308	573
24	19
114	7
85	302
306	591
526	528
254	413
146	397
216	156
589	315
489	247
280	98
433	199
326	586
512	155
58	401
115	453
262	23
106	245
447	104
303	452
556	590
497	487
469	424
294	14
321	548
511	104
399	540
173	69
494	47
225	592
288	55
505	46
289	490
503	159
245	79
547	392
272	111
489	3
55	190
421	84
131	116
355	24
390	29
555	444
558	193
489	383
158	216
187	253
196	398
115	250
45	575
316	7
380	239
98	579
250	400
490	201
328	489
48	210
288	160
440	503
17	220
436	558
536	321
164	518
315	56
459	376
594	178
62	380
39	42
288	493
212	372
408	522
395	358
116	242
152	513
151	483
307	204
565	320
242	477
296	444
36	588
331	143
159	175
91	500
195	420
454	92
544	246
395	579
353	174
393	404
428	53
444	300
585	188
498	440
56	393
403	220
16	278
423	594
426	423
449	243
532	272
57	556
441	329
128	199
301	519
332	61
223	0
387	286
311	242
437	117
103	232
498	170
373	210
442	357
558	160
243	140
151	500
501	353
165	417
586	379
372	467
329	175
509	196
585	404
448	552
330	200
465	422
200	313
7	476
433	52
47	318
486	556
183	154
158	119
263	299
485	555
418	447
131	24
193	511
369	146
289	236
343	414
371	392
241	150
481	488
480	467
449	524
508	6
90	503
479	3
18	378
461	90
434	8
400	163
505	77
519	221
341	176
142	548
217	522
154	213
480	345
555	79
408	166
395	87
49	216
557	215
348	298
559	117
81	48
234	436
512	505
472	289
265	89
221	12
543	598
341	241
88	309
589	282
592	345
318	339
530	47
85	465
88	168
214	72
306	236
582	327
2	95
39	554
200	75
398	204
26	458
336	55
51	190
11	498
284	224
554	525
257	57
192	380
514	135
166	502
193	224
199	65
531	276
584	483
247	466
213	263
452	274
591	179
176	386
274	362
354	479
450	547
185	226
549	76
150	84
147	468
115	559
331	220
303	283
384	81
50	42
432	330
307	337
596	400
497	75
83	46
293	51
82	462
215	342
190	62
232	162
194	509
68	343
12	94
458	473
369	416
68	527
105	23
409	363
5	171
34	230
597	426
210	31
342	261
22	40
9	476
435	230
174	455
215	163
447	122
184	369
145	123
305	60
437	547
459	469
318	111
520	271
522	155
283	424
27	130
595	230
264	44
317	203
540	147
505	310
464	44
13	543
84	519
334	543
8	219
166	466
9	98
175	442
152	363
269	65
564	226
497	155
559	272
473	413
302	272
341	198
90	104
165	288
356	560
23	251
110	594
196	599
204	293
482	483
472	40
28	279
229	176
117	186
348	494
307	297
330	448
496	253
467	162
125	567
167	185
151	203
570	532
123	294
410	487
573	214
537	53
140	5
307	425
106	32
97	201
71	474
267	504
213	200
61	535
95	9
464	359
586	164
209	285
157	278
167	298
125	430
398	206
401	391
176	121
501	42
275	205
466	445
174	179
297	371
93	457
352	273
372	421
398	411
279	225
216	545
400	299
246	497
2	159
599	218
274	299
33	242
254	111
94	317
486	583
360	482
94	158
596	75
101	416
180	146
328	181
599	419
584	325
131	98
98	316
539	289
349	244
75	573
390	257
0	470
159	181
397	593
382	265
199	260
441	68
114	462
152	115
557	512
419	517
217	316
402	266
271	496
3	400
375	303
214	161
60	245
413	84
308	212
23	230
334	408
284	373
92	163
378	425
136	205
109	567
187	284
398	124
136	516
394	138
416	540
195	498
486	253
228	190
562	351
102	169
27	425
368	598
165	517
219	370
187	446
19	103
86	174
313	301
267	561
37	71
474	320
521	424
546	178
129	576
163	22
495	231
324	317
451	116
522	287
583	34
466	413
256	176
445	175
240	411
42	217
153	211
314	446
596	31
557	305
16	517
538	524
326	378
283	160
376	458
542	399
130	501
144	497
256	423
301	241
407	153
403	411
1	337
60	308
568	3
569	270
11	426
587	431
502	312
29	133
443	125
358	304
495	71
523	147
384	535
225	281
458	44
424	176
553	206
299	397
360	409
451	588
528	291
363	473
516	28
439	16
177	377
110	549
115	197
390	433
35	573
558	474
301	110
454	366
413	62
3	244
529	371
448	231
50	323
6	511
180	290
195	542
13	258
9	260
258	402
285	583
157	309
104	226
275	293
194	473
218	492
586	78
295	151
234	307
309	160
47	261
530	286
551	466
19	307
435	399
216	377
12	72
370	330
58	44
361	156
503	187
442	501
345	376
86	152
71	85
54	267
595	48
313	428
525	440
336	408
49	499
297	392
359	288
7	273
376	107
323	158
544	555
180	404
559	4
593	370
321	201
511	459
61	578
87	169
515	349
158	287
142	388
328	211
466	115
455	406
215	69
509	233
563	386
577	47
525	143
365	41
237	522
70	10
282	528
406	335
332	404
36	322
136	302
210	148
393	30
310	156
491	420
458	169
594	110
207	103
2	509
462	210
512	524
423	388
237	413
282	236
251	506
451	214
536	229
595	392
0	261
297	568
399	421
567	216
403	179
121	51
167	506
360	63
293	12
189	175
299	215
513	339
590	154
329	78
476	325
87	124
107	75
435	582
23	533
344	132
113	267
155	5
163	521
159	286
303	549
564	557
439	577
93	72
48	289
184	487
272	394
185	235
134	68
24	569
568	494
89	199
159	317
330	242
48	104
430	114
492	491
576	370
6	78
92	351
276	10
23	285
111	71
214	305
69	429
36	294
230	237
14	399
283	194
320	598
506	90
50	167
38	475
437	140
132	532
216	357
256	89
599	299
454	98
363	522
300	425
276	97
84	166
514	191
408	368
387	380
366	306
343	41
19	560
544	485
28	133
293	116
271	227
30	134
72	509
377	426
399	92
331	77
567	548
562	3
146	523
47	457
240	422
153	476
198	215
212	33
178	494
33	26
13	467
303	258
290	62
375	173
51	355
549	375
274	253
42	232
229	422
367	336
563	32
268	117
171	283
30	525
539	44
302	362
246	478
198	66
79	519
343	136
586	545
519	339
354	244
582	496
45	21
471	542
355	485
35	54
429	321
488	45
43	249
393	8
214	342
304	395
148	133
415	374
121	563
259	588
210	300
105	361
37	341
523	87
229	193
123	589
146	315
176	437
589	298
54	56
137	314
296	105
324	532
576	243
245	372
575	223
63	371
345	453
147	249
55	319
181	432
576	141
253	240
305	136
94	10
401	23
259	316
58	175
348	8
473	315
408	249
159	216
157	51
64	354
178	445
440	217
510	182
109	282
514	177
192	115
409	375
493	343
40	168
18	402
599	501
213	194
167	165
213	314
78	9
146	92
510	46
345	201
589	463
448	592
277	229
336	266
98	580
408	486
148	122
277	422
442	487
335	196
423	396
431	18
25	26
5	181
83	447
343	77
365	439
523	420
26	453
549	0
103	349
364	31
83	47
150	286
249	570
284	310
466	323
585	267
440	176
427	250
374	13
188	87
83	82
491	312
117	527
467	362
49	13
37	582
9	83
249	151
583	521
96	290
30	453
421	202
535	0
522	200
537	243
270	164
114	563
164	154
2	246
327	523
543	385
345	135
82	401
139	36
576	66
175	326
533	446
273	243
235	541
84	233
409	590
464	175
167	488
473	285
245	447
524	409
570	366
506	590
114	285
471	226
417	383
188	229
181	387
320	138
8	421
325	347
114	185
263	21
173	11
383	565
226	53
134	413
225	62
477	456
437	452
593	461
318	294
172	211
216	496
422	266
25	411
11	217
328	544
574	482
17	449
499	22
85	21
465	278
238	486
214	343
23	553
493	513
490	153
27	84
580	463
304	440
147	258
504	264
559	144
65	273
510	478
6	300
402	138
122	22
293	50
457	489
477	24
224	545
130	101
45	333
203	359
201	31
497	128
145	258
68	276
300	327
433	423
31	484
77	72
396	34
547	222
593	73
145	158
37	562
321	454
405	224
35	305
309	212
152	39
266	348
217	208
124	208
326	174
361	25
426	332
187	509
371	550
444	235
312	414
568	95
180	256
73	91
375	403
512	531
227	573
535	435
363	545
219	383
112	504
535	350
405	129
28	356
410	54
324	139
391	365
198	86
310	167
267	585
258	48
191	264
31	580
107	266
471	275
128	441
267	224
518	465
571	388
2	43
60	401
582	582
312	534
314	424
572	79
400	22
506	245
421	46
551	89
499	181
263	136
140	474
148	420
18	502
238	472
65	166
60	325
509	254
360	261
496	68
305	443
123	142
290	245
110	209
432	344
299	424
408	111
389	469
343	79
454	191
275	553
301	8
199	597
431	481
444	7
484	364
498	545
482	254
350	245
503	143
109	365
127	399
383	121
182	207
423	204
503	385
479	284
499	365
104	388
166	338
430	535
11	373
586	587
63	104
514	168
291	522
443	204
571	159
478	180
531	556
264	33
66	433
556	444
238	323
27	567
215	573
108	146
392	122
390	351
167	426
266	491
438	47
181	473
66	570
531	292
449	303
224	568
496	562
575	558
266	92
166	266
373	270
208	579
399	512
402	199
526	167
466	104
564	17
288	63
217	278
432	331
371	61
224	262
352	40
181	149
84	389
282	466
574	369
408	311
60	83
113	80
480	331
173	174
386	205
216	236
92	238
595	248
381	193
415	191
373	239
560	125
63	489
62	537
292	363
46	433
252	494
15	382
304	474
377	438
59	311
400	154
319	182
15	92
19	65
70	319
458	475
198	331
519	373
427	27
388	462
168	469
242	223
169	597
11	400
113	598
555	330
588	343
317	594
599	413
90	375
532	434
132	56
369	146
480	533
416	46
578	440
25	176
443	463
291	65
533	306
401	354
519	91
297	381
115	231
265	183
589	151
115	140
375	595
327	447
7	532
582	285
410	588
116	29
361	245
280	46
434	330
366	221
106	558
499	529
245	599
112	588
56	286
279	337
558	190
114	109
447	423
516	132
487	342
583	288
210	315
404	424
261	110
282	155
312	102
485	135
351	176
391	547
128	72
421	277
167	271
128	328
156	522
524	598
454	498
485	470
217	373
165	115
419	385
242	400
37	448
268	179
405	85
564	149
176	241
544	163
588	561
428	589
91	336
490	465
515	173
234	19
179	177
292	282
432	159
306	146
182	32
203	281
530	74
306	424
540	100
589	57
202	392
513	232
127	446
235	47
66	457
465	505
195	505
343	3
376	300
326	306
222	73
47	325
211	435
349	520
88	470
24	33
12	209
509	483
100	248
107	133
319	276
568	423
421	33
154	320
519	317
450	166
329	528
595	579
180	132
257	264
449	114
236	417
384	310
579	588
158	593
389	535
229	385
186	542
349	327
488	318
496	164
347	89
172	497
244	574
49	338
66	148
346	333
509	227
208	285
94	191
458	102
317	121
81	420
443	300
88	485
326	281
528	567
307	200
441	263
341	500
133	39
43	377
351	339
480	124
521	25
60	327
355	154
568	455
255	529
591	108
336	303
360	469
59	137
287	270
30	383
307	439
550	33
234	298
165	296
441	96
415	398
224	512
541	515
370	117
515	485
418	363
268	355
193	70
421	150
556	439
383	316
449	533
470	3
234	459
494	295
11	27
542	248
478	503
436	491
526	575
128	290
192	588
21	315
277	232
354	18
236	184
382	252
132	80
90	33
263	265
72	148
19	553
505	83
546	423
221	366
401	9
99	382
157	404
233	67
449	279
429	521
460	165
73	72
64	461
565	47
397	39
207	413
100	118
517	211
216	396
459	73
30	318
256	452
421	486
139	360
576	175
123	136
121	88
68	215
16	464
205	498
353	282
333	420
83	301
166	165
548	387
35	80
106	76
59	568
44	470
263	30
39	355
8	217
221	384
41	123
128	309
172	68
141	365
256	214
283	252
416	164
250	224
575	79
152	229
352	198
262	177
474	185
170	193
295	138
230	94
406	1
333	192
511	483
222	301
276	174
97	341
359	412
598	205
517	489
205	407
474	378
167	426
79	92
580	467
30	78
342	488
70	141
219	181
529	218
272	373
203	201
264	430
302	449
148	489
336	251
124	540
206	369
124	246
346	300
210	7
103	409
131	89
437	570
325	319
592	389
447	97
179	187
597	89
170	223
288	205
149	288
402	65
32	21
247	0
391	44
39	487
255	544
63	118
488	261
192	284
222	432
271	406
479	255
259	347
159	474
22	487
39	469
418	290
588	132
349	269
67	586
135	480
354	333
8	298
434	217
143	158
40	39
517	359
491	178
215	296
144	143
354	362
554	230
569	531
221	41
306	503
457	0
24	22
107	206
153	90
535	123
230	555
26	79
411	408
516	360
429	452
515	120
552	587
178	143
171	376
344	232
11	221
405	538
315	445
160	485
213	281
459	359
371	541
232	395
278	214
581	508
392	51
370	243
205	429
523	51
475	245
145	133
322	176
444	285
238	145
315	24
210	443
179	536
167	89
77	230
563	365
362	267
196	473
42	83
171	37
490	551
189	405
84	293
148	286
408	445
357	430
489	578
171	165
498	508
441	371
383	358
388	216
31	537
526	122
527	508
407	262
155	438
294	126
357	130
158	571
423	29
548	535
509	152
228	386
108	436
515	7
448	70
94	571
17	401
258	337
204	107
101	188
576	253
98	266
95	66
90	42
541	363
477	218
221	420
257	319
598	487
417	481
348	75
270	18
75	496
219	380
551	530
186	476
383	384
476	31
183	400
406	167
165	88
159	81
547	331
533	15
371	31
160	557
145	47
142	202
233	498
174	285
490	599
128	81
459	570
321	447
1	80
204	487
498	307
92	562
268	186
30	462
223	33
107	7
561	352
292	551
200	522
142	74
402	172
540	264
592	528
564	207
41	542
594	189
35	358
112	263
436	44
71	145
334	336
367	243
409	360
394	451
331	125
551	125
171	439
251	276
395	110
458	139
459	62
362	53
305	566
416	397
366	357
188	219
517	481
464	4
349	133
6	173
422	303
503	19
264	107
327	417
542	335
438	79
490	277
490	444
578	166
280	113
72	177
265	505
567	536
145	264
537	522
379	230
413	419
319	592
270	429
582	476
447	320
285	487
91	197
157	373
209	411
67	141
412	156
18	142
440	96
510	273
304	52
396	308
509	582
398	152
281	583
234	161
490	517
370	167
314	364
142	165
98	273
541	229
543	555
227	526
365	54
380	324
400	341
23	227
209	307
78	303
453	110
33	186
330	401
458	507
402	245
83	143
154	531
587	135
77	128
128	494
97	278
183	477
323	219
143	294
173	439
507	97
478	191
198	61
187	425
536	447
409	148
511	168
348	86
257	214
545	169
93	282
200	331
482	433
397	296
375	481
470	574
146	185
543	301
276	294
1	321
193	510
241	557
341	179
492	78
138	462
176	337
430	52
6	74
226	458
492	458
341	472
583	68
198	493
29	172
57	32
440	508
544	6
135	229
123	372
295	22
507	210
262	348
216	290
480	327
330	588
306	196
284	24
84	572
492	48
116	584
263	575
325	559
90	353
247	278
500	456
247	411
87	16
207	222
293	360
449	205
447	221
116	426
552	573
425	275
72	533
256	294
436	368
75	374
75	420
76	470
500	90
538	161
451	562
255	364
514	25
325	169
52	568
46	185
541	178
195	596
261	393
132	216
11	86
63	500
134	491
468	440
103	479
92	587
178	197
345	328
443	505
313	502
310	473
332	307
486	83
285	532
479	417
14	332
80	525
419	470
383	538
473	136
313	418
543	382
345	286
10	256
445	565
599	82
392	427
466	110
281	557
291	183
67	263
96	596
342	346
237	192
252	237
104	578
517	159
81	14
43	503
294	431
298	456
277	511
199	548
491	116
329	195
394	209
437	224
558	78
403	376
352	181
110	176
204	339
345	291
333	230
413	189
361	281
431	150
7	113
222	214
372	171
170	105
205	453
8	176
526	349
498	260
353	74
435	503
243	453
176	505
512	467
298	195
470	594
497	4
159	101
386	150
313	222
408	508
528	496
585	227
227	254
215	321
203	322
519	334
343	542
86	462
157	593
543	383
411	415
106	326
451	375
127	440
597	10
111	23
327	429
123	188
336	19
454	468
146	411
173	432
573	505
240	125
536	483
136	76
530	466
551	126
495	251
384	216
542	121
387	55
127	457
515	145
218	474
483	216
322	319
426	363
521	90
192	434
597	534
248	270
128	161
413	570
413	60
585	234
358	377
561	175
19	368
484	468
220	573
10	449
568	138
401	9
246	437
11	82
80	277
331	24
64	118
358	510
555	23
215	234
330	228
211	468
231	437
3	195
92	546
79	156
71	417
455	512
50	182
373	48
14	598
63	424
96	487
576	461
380	359
398	76
294	496
518	393
215	445
243	480
172	268
374	444
419	176
399	426
271	594
378	41
546	331
125	488
410	512
70	531
292	522
569	420
405	440
318	434
112	332
569	249
89	520
331	181
104	451
358	260
114	219
382	152
89	560
547	317
475	563
483	229
392	385
28	21
140	264
7	556
461	61
24	128
543	96
282	180
403	445
232	410
246	575
6	233
158	130
549	411
575	413
125	62
291	563
125	477
136	549
470	346
442	525
533	170
194	393
487	389
335	323
136	440
121	369
412	513
477	469
510	566
537	115
22	595
561	82
309	278
458	433
397	24
76	56
364	67
477	408
511	579
184	64
10	514
477	189
397	283
170	325
427	346
319	536
60	23
286	139
330	333
481	466
33	219
598	481
496	351
582	592
436	106
451	433
531	508
215	527
517	356
329	517
71	83
451	439
90	358
383	65
208	287
231	291
455	87
580	533
221	26
455	85
315	46
467	586
7	281
43	396
217	7
7	442
439	349
146	279
412	53
247	113
427	486
322	424
585	423
99	104
472	463
116	507
256	476
244	254
129	527
452	206
491	8
287	247
222	404
39	481
53	151
74	159
117	383
300	565
92	527
581	5
541	492
547	206
568	456
330	514
549	144
472	523
321	44
542	17
289	371
320	594
291	505
557	423
325	262
289	526
373	19
0	513
295	380
54	595
261	420
58	26
472	418
241	382
557	559
262	116
211	552
535	127
489	558
475	364
85	351
311	224
198	344
216	240
251	402
386	20
124	575
87	226
54	175
452	443
509	147
357	195
441	133
433	554
171	186
272	234
9	573
264	565
237	530
143	221
28	195
483	287
162	490
197	461
442	68
341	246
219	526
302	316
135	55
474	209
117	434
152	311
526	62
361	467
204	291
123	285
535	556
141	503
337	107
33	551
1	213
71	259
181	588
550	376
272	187
541	391
235	369
88	381
7	229
590	453
153	290
327	388
543	23
147	224
447	142
38	598
494	206
79	431
373	144
416	110
232	131
272	16
409	108
179	16
241	149
523	191
391	24
456	333
409	593
123	150
542	502
336	532
286	571
402	468
209	62
216	240
268	60
413	185
131	62
173	342
304	491
451	213
529	187
384	117
408	542
303	134
276	487
115	501
460	392
25	40
452	563
98	290
16	418
529	428
53	83
459	297
95	420
220	12
85	7
29	575
177	18
571	306
555	374
460	375
421	209
323	558
521	130
435	274
319	408
175	535
563	400
0	46
427	226
544	134
22	351
331	441
383	72
477	432
521	126
70	388
572	249
82	50
294	343
278	226
38	52
205	404
441	48
336	512
111	314
164	345
535	599
556	340
327	398
95	347
472	483
533	168
566	406
68	48
350	295
79	415
80	321
157	473
403	488
303	484
7	136
35	440
254	307
262	495
588	287
247	95
286	330
598	537
471	202
435	309
365	94
578	100
489	306
436	481
349	363
146	45
577	536
66	519
390	328
324	20
155	382
38	160
54	286
492	537
154	11
435	227
294	510
220	462
87	101
406	401
12	310
300	145
534	566
326	170
211	506
331	272
584	169
323	522
435	348
227	204
219	171
458	112
511	46
240	41
3	460
279	451
154	43
137	74
61	333
257	69
545	100
53	94
502	58
177	370
539	231
319	16
439	135
58	543
283	95
507	136
460	548
186	589
180	553
462	84
23	435
215	69
179	82
464	220
497	102
99	586
433	11
341	254
234	27
8	36
46	47
399	320
363	202
516	177
38	369
565	485
43	363
454	572
87	49
496	67
86	201
326	192
361	285
528	229
263	531
232	187
572	457
562	165
223	416
97	381
373	194
508	246
19	160
440	192
376	316
23	178
81	247
566	319
287	369
580	199
363	187
598	185
385	26
487	370
146	19
365	492
83	501
231	598
459	39
362	580
186	575
275	523
77	460
559	523
486	465
213	505
265	367
61	0
273	589
75	324
448	63
339	226
493	344
560	263
24	453
176	220
409	135
591	43
431	108
588	440
172	115
48	55
261	315
402	190
48	511
480	502
350	591
465	52
552	102
493	30
205	124
29	68
1	472
55	293
394	371
586	131
452	283
112	164
517	114
473	278
186	211
372	350
439	289
297	100
150	212
10	87
231	81
591	201
518	572
200	182
299	333
533	366
50	356
274	557
322	258
126	244
83	413
187	501
408	296
8	296
293	493
489	581
58	104
304	493
541	425
309	178
461	77
49	159
34	546
232	13
531	413
77	60
447	346
95	594
61	63
185	515
455	422
192	429
433	429
77	478
432	507
210	332
245	409
377	417
64	50
200	186
593	25
273	570
586	270
14	463
1	524
546	329
266	290
330	218
248	251
474	127
316	477
508	41
382	467
227	456
504	191
437	509
251	328
407	58
537	291
131	569
193	433
109	518
360	205
579	505
565	144
378	148
117	203
453	373
573	432
473	144
190	558
276	69
83	583
339	129
550	407
123	372
184	11
111	214
567	332
528	150
417	383
307	577
199	554
67	515
213	116
304	590
478	346
200	180
589	482
409	322
206	206
128	483
474	278
540	221
474	338
388	557
2	371
95	538
119	517
434	560
363	140
11	12
541	455
413	271
134	477
212	73
101	162
232	163
581	190
279	520
364	555
75	81
404	538
347	252
127	545
260	456
467	402
104	512
493	490
63	313
249	356
306	378
448	370
399	143
2	439
493	386
131	12
489	471
226	566
138	73
188	112
151	78
32	539
513	317
259	462
403	423
123	339
37	57
489	359
295	508
88	437
179	247
418	337
307	306
481	164
242	311
466	409
494	231
110	218
379	343
187	256
163	101
432	229
105	242
213	391
550	382
440	308
274	115
540	405
540	471
340	160
61	577
86	142
526	487
122	469
538	18
193	131
102	247
411	592
340	242
497	510
375	433
489	288
25	394
231	92
488	538
24	526
168	539
594	427
90	409
248	463
465	10
98	147
525	552
281	454
400	324
103	191
326	336
189	268
347	464
310	2
324	270
265	450
231	474
44	436
342	354
467	315
486	347
104	485
478	188
197	429
419	220
285	374
544	504
488	182
3	202
189	348
11	544
257	464
117	240
6	534
238	150
184	191
155	18
464	372
356	409
563	391
447	454
357	336
360	428
175	368
94	267
240	214
57	532
31	436
343	355
86	21
511	184
186	85
421	570
231	453
555	489
113	593
192	134
301	480
546	521
245	48
232	318
251	523
402	78
413	465
362	77
46	108
555	437
390	10
527	247
551	187
360	345
456	87
28	528
519	594
331	491
143	40
52	265
410	375
147	297
399	333
223	308
28	119
177	17
271	298
167	357
62	74
397	236
150	381
69	449
185	403
158	549
33	53
8	496
401	359
151	145
90	114
109	539
354	58
410	495
338	217
535	152
486	7
265	151
31	343
280	211
149	199
351	420
526	339
22	565
348	366
82	68
322	94
351	367
462	394
452	332
474	595
204	420
429	501
381	206
319	497
513	572
361	64
434	268
106	590
163	285
367	184
489	180
498	539
192	314
523	43
410	427
444	20
122	494
197	265
359	252
424	575
412	287
176	276
500	168
106	242
458	429
206	450
63	117
343	486
293	306
284	584
264	178
203	592
76	473
260	390
546	190
257	540
596	520
165	295
439	77
74	386
225	16
205	375
536	309
140	523
554	369
111	445
99	379
76	443
480	464
269	160
42	128
252	190
214	555
222	236
522	223
405	260
554	418
440	76
208	150
589	238
506	165
503	262
101	442
242	320
272	34
235	68
539	461
213	463
38	5
6	543
222	586
0	515
498	255
483	588
468	564
16	579
155	209
584	257
220	140
26	581
289	376
228	333
386	498
441	437
208	304
33	269
305	225
438	466
221	211
554	579
279	221
334	502
199	225
494	551
292	317
120	556
207	351
275	464
306	291
588	410
375	418
475	425
470	432
548	446
598	274
289	494
581	579
253	251
491	330
596	230
488	185
487	475
101	227
155	592
568	123
433	203
313	374
536	272
41	181
13	124
435	113
429	209
443	186
321	269
546	254
288	457
124	291
355	188
176	49
18	290
246	415
124	484
288	560
131	5
55	297
350	206
366	275
304	494
579	63
478	498
170	595
261	333
76	103
449	540
556	564
99	465
42	210
186	441
337	60
226	412
75	43
210	401
348	107
375	563
75	342
454	100
85	507
87	309
540	131
501	215
13	368
130	89
279	242
391	310
335	287
440	466
273	509
94	225
169	375
423	372
223	483
504	121
200	220
2	533
17	105
410	273
343	265
475	143
514	89
54	535
168	203
73	474
205	460
214	370
352	131
34	388
113	97
294	179
255	201
594	466
150	6
117	238
325	139
17	158
38	347
444	384
158	262
169	225
204	468
501	464
87	225
501	431
239	205
100	287
358	31
403	24
208	189
41	50
236	539
330	570
279	197
108	500
230	163
468	210
249	520
15	286
528	254
365	282
165	195
167	161
512	488
489	585
289	299
131	440
560	43
97	216
193	291
323	505
244	486
215	409
280	485
441	234
103	111
60	288
541	510
251	261
138	154
40	579
343	164
118	254
181	569
242	52
465	377
396	489
155	587
204	411
366	583
463	582
426	287
568	21
45	403
147	303
56	599
397	98
5	299
143	550
279	16
145	296
138	298
404	209
153	574
224	571
574	433
244	208
356	290
155	366
464	253
587	515
494	13
490	169
496	445
473	110
361	548
50	370
360	35
238	310
264	107
551	270
100	448
100	354
32	484
395	551
106	361
32	181
503	255
76	364
243	382
313	552
248	433
146	94
271	303
415	314
253	55
285	327
340	103
380	201
299	577
299	475
160	251
230	392
577	401
447	24
114	554
443	25
152	147
315	575
372	67
210	242
164	437
318	34
331	107
584	586
592	62
494	422
261	551
56	306
198	472
519	360
409	92
537	357
333	439
346	529
418	51
308	234
576	377
583	540
476	288
147	471
85	453
10	524
269	480
547	173
187	334
65	577
37	584
594	560
570	568
499	417
181	347
169	550
302	239
498	304
91	594
346	269
540	340
58	258
172	67
90	110
19	105
471	62
585	540
464	510
516	153
546	26
138	158
156	97
82	123
12	51
341	356
584	63
258	526
569	132
175	475
170	530
148	212
334	163
121	274
351	187
399	40
83	65
76	513
249	569
40	441
98	496
37	107
146	339
99	287
381	324
257	205
70	235
0	227
187	469
353	510
228	27
63	24
83	449
215	7
101	393
180	406
214	571
287	66
579	196
99	515
329	361
150	557
227	566
524	90
504	31
414	358
395	185
408	502
132	262
479	141
580	380
433	149
366	217
495	438
344	181
589	479
433	468
459	366
436	503
116	349
347	293
547	379
319	419
21	420
227	101
497	271
121	408
316	506
100	342
314	115
149	68
391	581
96	499
203	461
278	281
427	17
390	12
220	156
69	179
459	520
485	377
464	208
97	343
225	369
198	516
459	213
340	83
147	19
196	162
162	222
229	314
183	472
527	528
350	155
128	567
406	101
356	439
48	29
255	390
84	374
22	9
414	175
236	128
309	44
32	227
284	532
84	509
258	384
160	420
548	349
597	353
450	94
278	330
598	186
424	233
256	597
42	217
255	349
367	317
259	428
120	109
454	180
247	109
17	28
335	44
170	222
431	462
482	578
69	54
381	378
543	476
283	219
76	455
355	69
105	359
95	335
448	273
163	34
59	88
527	184
382	580
244	449
267	370
99	258
590	56
289	530
233	91
439	178
66	303
573	481
151	378
215	337
20	125
551	338
436	384
562	416
419	545
511	547
524	313
257	419
438	547
174	566
481	378
337	472
495	238
58	326
317	162
268	439
120	101
303	319
117	427
492	536
17	207
174	448
471	359
104	394
528	332
353	449
540	405
76	8
102	183
300	79
246	579
357	299
8	572
198	21
258	227
66	461
467	89
573	403
279	552
12	137
55	294
525	576
437	471
198	494
165	262
441	97
503	377
445	267
432	86
424	354
296	165
584	578
55	323
521	57
321	7
160	374
329	94
430	71
377	526
377	574
183	280
276	96
347	263
63	58
381	448
9	104
251	357
289	179
248	506
53	149
0	226
105	308
592	598
257	89
123	68
586	477
55	489
482	119
55	587
152	332
553	293
598	523
486	95
475	500
386	545
197	284
361	76
43	599
442	293
241	331
384	415
541	485
411	92
110	379
54	383
468	389
113	553
98	280
238	287
456	9
185	212
461	34
504	576
370	244
482	172
578	497
540	481
557	572
318	77
284	312
236	161
534	146
305	465
481	483
526	256
341	470
192	432
426	59
256	11
393	501
260	50
360	518
250	247
447	373
268	496
448	185
183	587
468	237
421	312
96	360
499	296
286	351
109	88
111	2
109	394
118	384
507	120
280	127
574	117
528	12
369	522
567	123
289	282
296	156
218	427
441	530
248	585
590	1
211	401
312	316
525	95
291	272
157	20
261	240
366	431
25	213
417	87
428	154
430	314
431	490
186	509
146	262
514	257
474	479
430	478
346	508
585	191
189	89
453	497
363	244
219	17
369	469
184	369
203	89
523	79
517	35
370	459
263	232
317	378
302	293
450	395
207	407
511	222
199	287
551	132
6	40
107	87
107	198
530	407
264	61
155	13
461	235
391	432
10	179
308	481
438	151
251	189
309	313
11	568
487	310
463	464
363	343
202	77
498	54
139	386
184	514
443	464
588	86
123	360
97	532
579	67
238	569
221	128
312	109
296	424
319	402
577	274
373	335
307	486
27	424
463	448
574	19
447	11
438	153
116	536
480	358
359	434
585	88
412	558
2	368
59	164
116	8
81	564
49	274
267	208
250	288
146	189
486	349
74	540
391	558
180	459
545	239
340	507
356	350
28	221
449	54
575	38
66	259
115	357
169	364
13	357
2	98
368	579
405	99
8	358
115	563
553	13
506	488
333	289
379	577
338	137
169	483
481	308
468	447
75	119
475	570
182	586
200	338
61	97
406	2
302	276
109	267
549	147
286	416
342	338
434	124
80	229
108	170
12	384
383	552
237	582
170	448
337	204
105	196
533	8
413	158
48	219
571	234
78	481
593	545
404	385
229	115
299	237
88	239
357	80
55	442
245	318
107	34
59	589
406	213
485	582
6	539
577	376
39	101
134	265
224	200
155	434
223	274
55	302
232	80
448	222
360	121
463	372
329	515
376	538
310	200
327	183
78	132
14	445
285	254
283	578
102	312
374	344
285	229
240	475
576	535
208	391
214	170
391	244
144	296
171	167
108	121
120	102
320	166
586	287
19	307
208	365
551	599
330	88
491	545
339	233
437	472
305	303
460	127
441	368
428	28
552	560
459	220
404	31
312	140
26	386
331	366
584	472
359	302
322	151
500	408
66	147
506	121
272	74
8	398
33	31
530	532
596	56
384	485
224	366
379	316
569	194
18	469
537	462
267	404
27	303
294	32
306	493
91	180
536	140
516	74
212	482
364	396
555	229
23	416
238	240
83	463
556	490
452	163
22	236
198	499
472	261
59	348
544	12
540	213
151	488
268	471
156	271
281	343
328	122
539	386
300	153
239	340
278	440
445	284
283	133
68	352
382	333
408	176
438	211
234	58
110	252
486	321
326	122
482	66
103	218
434	198
396	476
112	309
236	399
192	253
339	430
586	254
352	387
49	249
562	430
120	13
195	483
308	157
455	309
541	41
525	154
190	296
428	149
484	479
65	266
403	0
444	234
387	514
11	11
465	337
286	330
594	98
18	104
323	518
281	63
21	568
310	495
540	356
390	65
518	365
450	407
552	523
473	53
339	104
466	345
422	590
504	115
421	494
582	472
399	167
305	545
430	458
301	379
312	446
528	331
274	188
58	344
475	169
590	580
110	187
210	360
266	90
306	356
588	445
100	112
452	590
156	57
485	579
423	475
349	106
180	215
36	8
382	338
282	286
591	99
433	248
79	358
402	203
490	361
67	499
231	186
110	126
284	579
564	161
111	379
104	597
464	394
377	412
82	385
415	566
568	188
447	403
76	549
233	548
498	198
47	211
20	523
568	307
591	281
66	38
314	159
157	81
558	16
444	110
273	89
223	461
213	125
532	327
77	283
5	322
80	312
522	138
150	311
47	362
63	530
344	30
51	235
368	564
332	555
441	247
64	366
342	368
474	74
117	497
432	130
360	479
367	139
458	532
114	146
335	93
378	503
476	95
543	563
85	457
421	417
405	278
346	20
24	49
27	501
581	541
310	583
23	280
330	66
219	580
483	559
579	154
210	350
489	507
73	514
47	268
244	150
299	197
419	151
121	38
428	173
488	486
325	406
30	242
135	201
407	207
598	596
265	60
173	571
59	238
430	542
59	65
223	125
359	144
288	122
396	498
433	43
506	441
289	139
81	88
465	269
476	512
119	356
403	199
302	433
46	590
218	297
525	45
337	266
126	501
485	435
318	337
366	373
200	274
285	314
491	134
532	537
93	68
232	258
542	359
368	4
239	581
32	89
481	346
486	250
2	174
405	92
571	31
184	375
85	228
198	335
385	400
523	145
302	407
224	116
485	432
49	185
369	103
548	136
587	62
234	264
201	15
381	563
166	185
449	300
229	196
583	54
511	506
580	482
52	517
361	508
110	471
468	499
361	210
395	123
46	44
64	521
351	230
72	266
525	57
398	312
125	174
117	2
209	465
258	63
442	73
80	351
59	271
588	222
289	32
361	542
103	456
470	88
502	469
75	430
498	189
75	272
319	405
219	145
58	536
561	357
140	144
400	489
145	395
239	399
319	437
561	29
370	470
439	265
340	208
265	523
554	272
341	583
249	582
214	429
167	282
237	543
7	69
229	542
388	105
32	418
62	54
135	348
115	323
295	105
596	221
407	525
368	438
414	65
439	181
265	44
148	357
122	97
190	253
148	122
256	12
219	233
459	535
289	519
37	585
562	195
19	126
41	552
282	131
595	83
507	45
41	480
525	316
236	200
533	452
145	9
88	25
188	10
177	52
528	497
277	78
260	348
444	535
138	576
338	251
449	49
531	99
314	62
142	572
463	96
160	413
7	103
577	242
287	297
140	64
339	432
63	181
57	463
219	429
86	313
109	235
178	485
283	274
39	226
194	375
207	267
452	214
499	560
23	181
72	33
320	528
403	287
487	482
445	280
428	572
146	590
303	598
324	366
597	319
156	160
414	43
184	87
372	192
360	431
158	492
491	222
562	223
367	337
105	289
101	220
379	216
578	85
396	127
385	61
535	542
326	92
574	554
46	480
68	442
507	130
289	429
364	453
269	379
384	339
200	166
539	302
533	484
449	592
55	172
71	448
20	219
505	202
142	338
438	273
488	142
415	339
14	283
399	337
509	109
333	354
249	541
260	507
341	157
355	117
229	352
176	162
320	225
24	69
322	46
242	358
53	192
129	159
95	482
96	23
166	244
280	160
272	131
12	310
240	574
230	142
42	40
234	424
264	517
88	59
581	250
599	588
462	254
373	594
409	471
203	354
485	290
229	474
257	147
23	75
393	397
107	80
242	430
304	277
119	18
460	422
108	347
161	174
0	322
30	321
71	220
580	590
101	556
241	44
159	457
594	255
236	580
80	87
553	384
213	102
593	21
561	148
27	555
141	489
5	24
480	6
319	599
495	264
42	189
151	362
224	185
327	253
485	159
417	159
394	240
215	382
82	66
426	439
526	248
429	360
483	486
352	501
467	163
369	523
457	306
372	47
534	319
19	146
584	451
57	460
146	276
121	57
383	85
364	364
192	469
542	159
349	230
378	92
536	404
444	235
149	287
556	553
37	351
523	161
314	60
77	18
525	367
62	516
19	153
162	55
566	422
229	395
160	396
465	14
346	366
205	149
154	528
474	379
203	526
121	327
6	453
440	252
167	254
292	90
562	427
513	29
364	471
76	407
46	126
481	175
124	381
40	549
524	280
563	424
530	375
202	422
305	92
103	520
11	59
78	272
137	342
180	87
398	180
25	543
485	142
351	106
548	262
26	14
592	380
402	189
64	110
259	245
181	282
318	248
350	108
72	593
307	167
184	412
568	242
446	304
257	80
551	565
484	467
213	508
449	47
579	271
6	247
254	525
64	270
280	330
580	251
6	281
396	2
376	327
21	83
425	214
92	522
284	346
417	26
462	531
156	414
507	296
483	342
577	172
53	82
177	160
57	542
108	373
0	466
529	204
58	461
52	12
268	213
51	478
182	534
490	457
267	597
430	405
306	159
127	558
353	283
598	535
209	256
454	40
372	28
231	94
275	35
421	574
140	400
591	357
481	555
83	463
484	79
167	490
382	447
123	582
247	588
562	539
407	333
296	247
155	436
581	51
140	73
142	288
313	453
285	307
500	549
383	19
570	553
459	203
180	0
587	480
347	458
27	144
0	402
206	565
337	77
39	317
512	59
549	231
357	49
304	516
164	353
424	16
553	207
342	284
296	384
73	505
9	473
330	50
288	417
308	398
451	556
42	65
396	453
325	591
510	240
93	204
189	337
540	475
382	276
82	520
166	130
563	404
94	452
277	533
267	96
438	343
100	325
402	556
484	516
537	531
576	85
247	535
83	275
590	279
20	549
334	453
473	154
124	478
45	160
488	389
220	65
216	340
528	459
130	32
484	347
423	559
509	373
107	25
33	18
393	240
303	78
412	582
230	596
392	225
2	289
486	246
281	498
14	567
363	323
111	450
240	365
490	0
195	395
413	269
388	202
475	43
76	290
424	254
121	541
338	20
585	546
84	339
380	406
284	438
402	577
124	86
283	520
118	545
509	325
320	489
288	399
86	67
86	462
439	114
334	183
176	329
15	112
125	138
218	50
478	309
480	584
78	127
282	144
222	526
288	284
328	175
137	5
280	133
121	350
253	239
520	48
77	364
303	143
510	269
190	176
529	215
377	245
392	3
417	471
232	316
270	223
66	261
266	529
204	292
49	517
333	407
405	355
461	9
582	58
146	49
406	382
119	24
194	308
447	29
300	362
311	38
341	184
146	101
401	493
558	381
595	576
427	495
455	20
60	453
598	470
366	106
580	158
477	541
189	272
566	304
430	398
399	465
65	284
571	116
152	519
417	210
74	482
92	475
203	423
206	340
597	535
317	460
277	262
439	153
424	342
434	82
493	358
156	136
396	526
401	206
523	354
515	490
218	281
588	495
596	345
519	304
134	520
540	163
396	65
2	312
7	121
134	413
83	342
522	335
212	427
449	407
408	226
447	511
447	567
478	487
384	428
347	264
206	118
398	459
191	275
544	63
116	343
127	198
476	362
261	459
548	527
215	243
353	67
225	189
446	344
279	158
209	158
294	117
215	237
304	488
224	297
519	417
573	162
1	185
246	182
105	104
552	422
438	358
68	242
373	8
578	89
434	362
348	370
396	53
367	0
446	254
28	253
41	507
118	254
151	186
43	31
410	352
469	275
475	443
171	393
551	165
200	430
396	269
509	468
249	172
490	596
211	64
239	157
179	440
1	264
149	149
137	151
204	433
262	234
417	544
226	6
427	119
226	467
592	125
511	120
169	412
330	260
115	516
173	428
98	93
596	436
432	70
330	588
427	191
535	353
229	519
343	540
341	347
286	67
35	116
344	130
208	260
341	206
267	332
105	430
48	53
442	286
180	1
474	201
428	285
541	354
154	174
188	567
137	12
583	187
376	415
538	422
514	69
374	108
343	438
176	135
419	28
583	529
252	466
159	426
433	223
322	297
373	87
334	283
523	559
146	590
204	91
330	553
436	5
482	74
506	468
334	219
278	239
584	538
293	428
43	547
7	490
364	452
522	135
497	325
279	551
178	473
26	578
483	86
416	248
411	405
425	83
439	486
476	457
184	356
226	285
283	528
226	585
511	445
428	386
481	463
129	176
259	544
455	145
403	49
195	233
463	425
535	231
375	157
251	23
475	540
303	231
83	510
375	289
445	545
255	556
209	159
502	535
537	519
31	443
508	510
297	140
298	386
265	316
425	211
118	228
85	558
378	536
399	247
216	357
148	563
456	225
286	272
112	511
369	201
477	518
139	161
215	398
94	347
34	366
42	516
88	308
379	22
204	58
362	433
514	25
255	224
243	573
36	302
108	261
13	243
573	45
540	94
295	250
17	521
135	345
230	92
167	212
592	175
316	546
65	399
522	50
139	572
107	28
103	533
286	548
60	136
188	123
267	586
262	28
126	327
427	224
329	535
14	79
520	349
347	12
456	453
562	363
259	242
564	369
211	345
555	336
471	541
438	270
411	352
345	337
561	298
555	409
70	185
105	290
360	350
312	348
243	312
240	201
475	511
107	210
411	502
285	286
300	278
558	592
17	132
442	596
247	174
154	246
314	415
236	24
427	348
485	566
134	338
478	6
519	118
404	521
140	33
553	161
334	470
337	559
401	34
431	498
91	70
365	205
369	339
146	197
405	44
350	469
396	249
362	17
300	421
386	148
138	541
420	566
553	250
234	285
471	566
538	78
193	96
224	48
95	219
33	254
442	305
232	279
274	127
326	244
252	6
418	405
153	190
544	128
458	318
190	231
598	220
537	276
246	349
134	52
184	26
156	38
367	512
351	295
140	290
320	307
574	445
47	473
44	328
555	483
539	501
32	521
428	345
495	89
461	220
155	85
127	492
319	258
47	77
126	448
222	461
466	482
355	311
110	220
377	295
231	172
43	268
269	143
211	71
575	561
370	439
116	384
505	342
286	253
438	35
529	184
579	117
234	255
401	80
50	522
18	447
154	534
27	319
32	405
568	84
79	438
305	10
253	518
274	138
5	539
145	103
109	457
368	332
67	75
91	244
440	71
507	437
270	350
281	297
310	14
310	291
370	535
359	451
321	542
214	518
272	257
555	85
494	400
481	527
320	212
429	358
323	559
298	556
473	311
520	87
106	232
59	272
427	21
471	76
332	195
176	253
476	450
360	40
127	529
98	339
263	589
540	363
464	469
169	303
189	61
404	253
481	446
569	255
152	598
397	114
404	1
302	35
3	491
204	21
589	264
87	443
523	451
346	270
363	391
45	372
584	21
569	182
334	547
397	461
556	405
205	432
58	139
378	340
186	255
340	264
379	465
91	579
552	89
406	493
471	536
450	175
293	147
244	591
174	564
170	204
371	527
92	363
260	231
560	420
373	571
483	228
110	8
107	47
345	491
57	121
576	323
372	570
591	57
184	236
197	118
118	194
216	407
437	255
558	63
262	519
16	129
189	366
537	232
339	203
572	486
593	505
99	229
343	274
460	549
514	272
286	35
579	34
209	338
332	423
283	488
174	130
351	520
231	50
273	391
207	220
356	573
1	31
452	51
150	508
479	187
372	424
429	216
182	344
225	139
94	272
280	86
166	8
239	65
395	379
425	408
122	453
421	509
397	352
494	527
502	595
428	126
140	568
95	169
419	72
284	214
342	526
497	70
128	476
346	299
23	294
62	38
434	105
395	249
457	463
573	430
523	83
6	458
381	451
488	474
558	550
262	312
16	372
321	258
480	308
45	431
431	462
467	46
9	230
418	166
42	73
55	220
360	176
459	588
116	238
115	7
426	399
75	596
520	263
324	270
332	580
45	155
221	289
365	133
20	111
406	342
347	450
429	4
371	38
278	503
252	205
125	339
525	30
367	423
547	434
127	112
590	62
92	354
15	336
535	365
598	265
435	136
257	566
261	324
262	498
355	239
161	571
345	460
553	39
342	484
68	139
301	11
451	471
160	185
89	418
246	275
293	254
517	517
142	200
331	95
462	390
214	369
343	325
524	404
482	549
52	215
119	19
187	563
159	172
299	467
125	553
326	363
251	308
296	124
184	596
50	456
55	240
91	433
555	318
49	217
582	407
301	101
353	33
181	371
310	280
339	53
321	202
162	1
197	45
496	502
306	448
519	53
540	275
446	313
360	387
13	229
383	358
390	297
77	303
558	385
83	71
378	450
296	305
431	144
502	367
378	161
281	358
118	560
451	299
163	144
362	168
179	205
266	231
153	368
311	394
155	495
43	341
446	174
334	201
104	214
580	197
256	192
184	27
193	231
198	436
110	439
397	433
72	157
19	479
443	533
579	158
439	330
2	518
353	254
56	111
241	318
473	339
279	88
403	562
367	356
34	170
395	452
598	9
288	130
574	377
376	404
134	422
438	150
372	479
241	517
225	582
447	187
138	38
43	596
254	8
290	596
586	290
319	170
248	381
414	61
71	473
381	522
451	311
310	287
237	106
1	431
45	115
190	379
307	256
305	185
478	561
334	355
500	142
460	430
479	472
566	357
441	531
300	114
302	220
168	401
32	125
524	265
528	490
209	512
584	95
459	554
246	392
104	341
66	508
487	571
272	247
365	29
521	107
130	137
212	594
442	72
322	115
168	471
127	486
37	543
244	550
558	227
426	266
516	574
449	399
204	558
454	22
239	121
243	357
364	514
192	381
264	552
383	136
160	580
53	388
77	420
508	537
71	73
326	19
77	169
253	299
367	290
381	416
583	484
186	238
516	154
302	185
214	509
107	304
176	460
334	344
230	59
556	324
200	191
343	102
423	172
489	349
309	587
490	27
417	492
28	313
55	451
34	297
454	90
201	231
187	547
367	510
140	272
128	227
118	122
384	136
143	322
578	311
400	206
423	440
410	51
499	353
290	276
233	322
183	157
182	594
551	590
315	241
266	559
276	194
110	333
349	492
25	502
205	95
285	526
74	118
582	359
268	324
63	150
198	319
555	152
110	532
111	265
454	373
444	396
579	390
298	324
339	40
152	245
212	191
385	336
503	583
56	506
410	86
196	152
93	173
486	496
93	425
31	247
532	352
79	243
514	282
24	268
309	86
129	60
187	85
550	127
528	191
453	465
99	121
427	363
219	352
69	450
471	437
555	460
530	452
102	399
517	346
539	192
263	466
191	397
552	116
50	128
339	548
32	96
561	178
530	301
370	539
484	352
391	364
599	541
547	486
526	118
368	474
382	429
493	33
359	317
133	569
455	357
27	40
102	515
465	446
364	481
368	179
102	351
210	522
263	61
123	417
467	234
62	46
207	142
452	151
516	432
479	574
547	277
300	351
362	38
343	576
516	516
385	180
39	443
28	299
319	472
351	106
504	344
348	2
321	119
175	176
395	146
490	465
536	1
147	223
593	596
527	212
152	513
303	137
524	391
249	252
131	523
410	445
66	388
15	435
271	149
26	351
215	374
57	116
148	95
403	218
486	59
404	510
99	325
480	47
337	177
180	64
103	385
456	357
148	154
536	180
7	99
370	393
93	170
586	37
122	307
8	140
566	549
523	538
432	427
599	66
121	572
210	547
591	391
421	567
354	22
510	16
76	446
34	378
561	105
471	327
13	64
215	75
53	352
240	261
301	399
241	246
577	435
119	201
359	456
366	519
386	228
419	589
258	153
558	277
342	78
205	502
43	170
491	9
470	118
471	425
109	254
337	262
572	596
511	574
4	296
158	104
229	128
84	375
276	40
258	143
144	535
352	191
415	262
472	82
93	213
356	532
580	299
155	526
479	289
54	574
448	332
41	455
458	78
117	160
144	256
195	451
252	438
331	524
484	151
458	372
599	255
490	473
478	394
11	292
29	599
407	38
328	487
76	7
194	106
442	581
145	548
268	422
102	520
483	179
576	201
262	553
536	313
550	332
167	368
502	33
51	355
135	297
592	30
385	286
500	455
567	27
139	329
513	268
345	433
100	487
414	481
447	197
315	279
28	281
163	57
183	580
276	55
298	347
189	108
214	150
506	434
439	37
474	338
391	568
585	325
18	355
226	186
369	45
564	5
352	164
46	88
298	519
365	536
20	72
417	414
543	571
24	64
447	127
42	460
456	8
20	64
81	574
200	457
16	165
105	414
165	586
204	489
571	447
169	434
553	228
18	55
462	2
219	235
491	149
311	481
578	501
555	446
588	441
459	265
385	225
195	328
312	542
169	496
247	160
253	160
100	251
82	107
9	255
38	232
454	291
5	296
1	590
212	499
536	417
369	79
415	236
128	326
13	443
121	530
329	117
141	376
594	466
446	423
564	550
246	507
270	253
40	522
176	253
467	59
257	531
421	214
119	571
172	291
136	551
512	179
125	259
404	245
287	43
195	102
449	274
359	208
53	160
228	190
322	159
131	305
539	2
411	258
99	113
203	29
189	534
594	86
208	590
94	330
591	4
467	292
454	32
388	67
40	111
381	509
390	375
9	115
562	137
431	72
233	556
367	198
439	394
555	511
253	377
232	101
573	296
268	598
390	475
289	352
411	206
423	309
589	218
257	75
257	582
253	83
428	446
215	155
299	24
383	338
8	9
342	360
222	443
264	256
197	545
516	267
537	265
311	289
597	212
53	310
325	141
249	591
193	99
141	48
349	125
330	412
293	409
67	24
94	585
461	180
112	195
518	463
439	20
471	14
209	384
140	176
138	512
24	161
555	504
245	329
129	52
385	305
73	374
380	97
545	375
294	369
290	360
117	402
113	203
476	207
285	531
464	414
436	597
188	453
214	57
372	250
354	217
366	76
263	156
180	191
450	271
462	136
407	114
165	190
155	507
58	41
534	105
29	466
478	598
282	206
254	513
597	63
157	200
438	121
507	279
144	118
535	407
379	455
531	38
569	456
9	238
342	79
231	277
424	408
525	569
230	488
440	246
501	548
262	373
406	445
250	250
291	354
458	66
0	562
507	255
262	389
534	402
322	357
44	580
397	198
325	497
588	87
78	105
48	413
169	212
0	275
54	490
162	335
368	468
481	387
546	530
447	183
264	258
580	24
377	370
87	487
178	66
577	368
463	377
33	349
34	266
585	311
398	370
392	73
492	553
257	201
268	403
521	3
201	90
206	515
427	410
138	279
576	584
55	519
516	120
252	186
196	354
526	166
187	423
586	347
148	62
110	213
526	222
127	181
509	271
141	547
69	385
203	481
90	480
91	463
435	283
343	374
316	183
329	275
203	245
75	35
458	85
299	565
259	598
590	145
570	595
326	579
532	339
126	491
53	596
458	124
479	141
219	134
254	583
216	411
249	488
112	595
467	92
476	261
87	95
26	490
362	324
483	255
370	483
310	423
389	18
126	538
556	35
462	327
598	430
445	513
473	131
317	105
67	390
173	223
334	215
142	366
290	476
354	516
573	30
280	370
478	309
548	182
215	121
188	539
304	350
278	130
335	594
301	343
437	399
474	490
285	64
510	8
390	441
494	173
520	455
583	152
27	113
433	244
106	306
368	303
519	204
293	360
192	43
84	530
127	379
303	479
543	582
511	243
378	190
514	535
464	484
504	317
321	10
295	599
140	531
583	463
472	237
448	274
111	216
511	62
251	350
0	172
392	399
381	340
33	407
4	269
471	238
94	157
180	365
164	99
174	552
580	438
599	284
122	418
312	62
58	455
494	29
113	229
477	245
163	480
281	217
134	363
595	284
270	36
552	404
171	557
222	380
564	274
279	381
174	100
496	32
496	481
172	154
526	29
337	140
453	209
588	478
46	198
232	376
252	342
257	493
519	40
295	292
83	302
374	212
42	340
442	443
54	359
88	75
307	432
456	402
81	428
126	588
167	153
488	447
434	31
362	403
166	312
85	124
156	21
94	101
417	503
530	155
375	551
167	35
436	363
510	257
104	325
53	494
373	65
113	413
311	10
24	402
210	586
116	431
195	205
500	413
247	128
309	91
519	396
173	462
157	137
144	245
592	8
131	0
219	433
102	493
205	13
543	166
457	577
265	210
421	472
180	30
351	380
21	400
132	417
446	312
370	334
185	220
389	409
246	62
511	181
107	484
416	450
347	195
190	362
311	161
165	379
321	406
263	598
328	446
383	251
246	110
168	319
325	176
314	91
207	108
52	498
565	365
373	223
383	558
244	40
195	423
120	179
569	576
442	531
290	344
183	159
144	50
41	79
81	245
268	356
477	599
190	203
207	525
16	190
337	129
33	543
215	297
226	106
86	0
196	86
141	531
525	559
185	442
178	43
79	313
351	318
251	513
177	277
53	72
108	116
267	218
536	572
481	443
158	581
101	378
337	299
391	163
592	288
189	417
255	342
525	341
581	575
372	432
425	123
60	98
86	13
210	348
301	299
12	568
401	24
489	226
301	599
99	419
2	534
24	427
53	517
183	80
21	49
29	191
386	202
95	46
361	461
401	243
268	166
117	173
62	350
256	389
396	349
230	120
407	357
574	156
446	219
391	76
409	121
138	474
128	324
562	168
377	584
518	204
545	107
599	269
138	29
228	54
2	538
539	406
292	369
370	280
424	84
523	558
533	492
182	494
423	144
73	150
340	442
491	273
216	534
134	21
560	568
26	208
467	81
374	424
364	45
185	76
229	29
271	450
582	420
311	349
99	495
585	258
347	190
133	384
189	482
254	281
397	354
62	353
499	238
483	491
148	431
55	386
139	505
117	331
432	350
551	12
384	520
213	113
389	242
335	411
532	403
284	349
484	89
419	45
350	86
519	498
536	385
503	288
356	228
99	486
302	470
235	576
578	564
401	294
99	200
143	544
561	62
411	52
106	159
439	46
400	556
340	290
163	193
127	65
534	115
492	558
396	7
191	196
469	97
209	262
332	62
31	530
240	542
223	331
370	257
108	369
382	525
392	7
66	17
417	425
539	546
148	480
79	391
94	244
510	594
74	397
434	518
172	413
405	56
164	77
121	563
87	75
58	580
599	181
400	254
122	477
265	387
544	464
523	561
326	140
7	316
175	582
585	581
146	462
244	399
567	128
490	385
459	247
585	573
52	103
497	397
30	407
146	84
235	466
187	408
313	113
461	282
373	94
158	271
197	247
241	567
315	117
354	479
310	185
479	157
371	42
131	288
40	213
540	569
33	473
332	586
51	189
276	337
6	177
116	312
440	390
496	381
52	27
573	241
58	477
377	15
192	385
471	532
62	481
586	29
326	490
361	17
370	542
265	228
424	434
160	148
393	518
389	556
351	156
518	563
404	31
537	16
31	82
196	452
290	321
335	12
119	272
591	474
41	439
214	23
254	598
590	167
322	451
181	577
159	429
409	361
512	443
540	67
181	158
139	6
81	512
177	219
279	496
393	497
363	100
168	471
461	481
361	445
271	537
458	383
16	281
323	566
42	518
191	477
437	436
163	197
134	179
107	85
290	430
188	42
141	521
260	319
511	334
197	345
142	60
209	210
399	173
312	408
93	131
356	345
596	470
238	284
23	548
169	479
373	389
547	305
202	450
596	76
2	98
48	393
153	17
150	415
318	333
547	177
94	389
297	195
484	289
264	305
6	184
223	140
107	34
283	290
400	579
574	265
562	465
275	239
69	90
478	137
219	196
177	158
281	394
456	568
123	456
262	30
8	492
281	224
168	129
72	553
153	233
124	290
361	326
196	377
190	125
27	581
474	247
53	332
394	390
191	491
309	88
531	385
545	563
546	280
568	222
405	377
578	527
532	132
493	526
223	377
72	117
243	430
365	26
75	541
364	211
480	40
76	589
532	20
524	433
344	567
168	76
110	536
351	233
464	210
65	172
95	28
150	318
480	248
82	128
345	342
301	134
113	380
406	491
301	220
327	530
310	466
283	151
24	120
68	99
302	129
514	182
281	454
454	68
496	440
300	127
448	595
375	20
493	90
22	5
233	437
476	242
472	188
357	517
319	183
525	329
25	220
83	334
336	579
418	419
125	417
159	128
55	271
566	296
543	375
520	199
484	147
376	270
210	562
299	216
582	327
413	231
164	255
104	24
577	71
71	504
213	264
552	410
368	176
352	246
573	374
569	423
355	378
542	40
576	222
176	220
257	205
473	354
309	23
517	161
112	30
504	382
2	464
482	487
415	145
87	42
474	236
36	343
394	78
268	278
55	47