366	162
373	244
305	83
218	284
161	303
285	69
318	218
507	385
285	28
226	380
366	330
151	499
293	175
304	31
287	332
316	177
282	371
402	380
321	68
349	440
336	126
372	199
381	384
282	352
352	481
470	344
320	103
105	380
202	371
245	149
208	229
406	209
397	291
395	422
424	314
270	93
402	507
157	262
357	188
401	479
218	148
307	274
257	145
306	430
328	100
222	161
129	418
306	61
483	514
249	402
480	454
290	502
309	516
249	459
328	177
264	103
182	509
160	343
297	301
291	443
165	410
340	428
394	195
270	314
397	195
453	298
301	516
355	429
239	502
440	489
465	458
304	72
309	266
368	314
267	235
387	172
225	163
345	86
239	161
297	261
318	62
204	470
340	513
189	199
106	428
260	186
257	461
415	456
201	232
122	505
335	168
109	491
158	512
533	482
292	111
88	416
353	377
331	65
209	331
300	45
360	352
289	102
235	435
385	303
352	157
108	484
43	487
194	474
356	110
194	200
360	500
344	417
275	76
139	479
283	196
373	183
247	287
356	195
305	106
192	306
286	271
480	403
297	25
294	125
324	56
371	339
265	110
254	479
361	161
124	451
328	54
424	306
202	193
302	13
369	263
521	476
304	94
361	150
124	351
158	310
284	410
307	87
384	266
245	249
326	477
12	507
336	405
369	267
437	255
278	184
293	82
217	267
61	503
262	499
508	458
345	276
139	487
370	145
377	143
203	232
370	168
405	368
265	147
335	423
259	381
250	487
393	200
316	132
383	422
223	202
197	212
105	352
196	322
236	197
346	441
384	178
309	222
306	295
300	9
357	277
288	352
415	324
299	148
288	168
257	115
160	262
113	445
280	90
351	354
275	147
414	364
288	69
409	242
527	461
131	328
295	145
62	442
355	248
300	424
522	442
278	61
127	311
309	223
247	211
114	421
534	491
197	209
207	462
447	299
341	207
546	477
332	351
183	345
292	263
298	38
333	215
387	240
421	403
335	260
315	103
302	131
90	376
242	119
154	403
155	385
247	140
278	422
299	111
232	277
406	190
159	383
538	436
153	332
286	36
211	320
340	320
281	417
284	230
380	311
383	267
439	371
340	149
411	257
223	215
284	319
433	449
249	371
458	306
401	306
238	112
497	398
363	499
330	230
296	115
277	519
322	106
356	110
441	357
229	326
366	119
261	80
366	132
360	185
465	490
369	255
511	519
291	147
292	349
288	344
259	243
300	208
187	350
280	138
453	305
100	494
144	488
265	452
296	118
293	37
319	416
368	309
294	409
186	474
216	303
549	518
318	504
324	196
330	456
268	237
294	33
302	384
272	128
230	474
323	85
430	305
287	310
303	332
508	362
322	170
409	329
258	500
134	347
331	312
318	177
383	274
302	74
232	188
237	516
339	96
337	74
353	133
107	455
277	344
169	420
395	327
128	345
300	4
364	222
280	152
285	73
299	65
435	435
317	32
346	401
393	339
326	50
300	73
378	300
326	269
283	88
294	88
221	161
314	101
210	399
285	149
278	295
165	257
397	210
300	13
277	102
295	239
356	261
358	150
469	472
141	516
308	102
436	443
111	455
306	73
311	349
244	135
137	352
273	156
299	80
565	513
320	163
119	358
401	254
469	339
456	479
442	249
389	257
280	251
173	449
289	78
307	22
165	283
436	316
320	270
307	397
206	299
237	253
399	405
292	84
190	285
265	353
93	505
304	199
199	260
235	339
424	513
226	324
313	132
426	341
194	444
323	424
320	112
318	346
291	167
234	179
310	32
314	490
252	89
434	385
102	442
326	208
321	47
295	410
113	435
304	125
229	205
348	243
298	44
369	127
132	349
238	387
258	223
374	386
261	306
421	279
273	209
295	441
144	393
453	319
425	369
359	410
300	76
298	235
158	442
375	221
269	184
188	261
245	105
323	363
99	422
471	317
321	73
282	42
60	510
263	119
391	316
284	56
295	26
59	467
312	49
291	20
175	489
247	375
336	377
172	353
200	216
266	483
442	384
321	310
273	61
385	454
241	130
22	486
299	10
285	375
419	255
267	351
180	373
219	334
403	235
72	428
377	385
269	375
458	307
240	428
355	257
197	372
164	387
192	503
305	32
271	140
6	513
341	455
241	325
263	108
183	292
242	146
512	471
168	261
255	213
348	93
357	173
256	242
262	416
169	489
310	499
395	384
310	349
351	96
288	161
293	15
365	302
279	72
285	61
298	134
316	218
185	238
259	104
393	280
205	410
346	186
300	326
122	468
374	390
87	380
234	177
343	241
332	68
552	469
170	259
233	406
342	428
291	115
313	54
240	508
302	148
323	244
286	98
151	274
316	80
273	54
493	348
572	513
362	164
474	323
134	447
267	281
355	232
389	183
280	331
225	198
22	490
316	44
420	319
300	5
313	115
312	64
300	236
346	285
414	203
405	348
302	18
274	174
317	290
291	17
294	211
117	345
130	314
257	349
334	190
319	183
324	119
188	341
314	52
145	446
406	267
304	35
311	31
315	400
379	159
421	358
383	358
288	88
214	196
414	289
290	60
258	99
356	308
61	431
384	375
314	125
550	461
310	49
44	474
271	390
278	178
142	315
225	199
296	23
365	331
157	254
219	216
171	347
394	177
309	45
200	411
551	496
307	87
461	410
185	209
274	97
205	459
91	397
274	51
224	287
462	343
308	134
323	55
432	441
328	78
209	307
287	35
230	146
378	517
265	326
329	417
300	2
307	254
431	252
190	396
172	365
300	295
355	231
389	203
194	206
317	215
319	368
288	453
307	237
171	351
290	127
324	292
277	55
171	345
544	505
286	45
388	333
278	405
116	352
308	67
433	280
170	337
364	257
451	300
310	297
437	345
285	58
287	45
407	249
315	513
413	411
265	270
586	516
391	186
442	251
379	220
256	354
266	64
300	5
294	22
336	151
227	152
284	377
363	511
195	272
261	93
497	416
196	203
341	460
178	228
302	46
269	279
439	408
338	194
191	305
57	474
303	338
147	425
262	101
150	364
291	36
85	380
320	174
424	235
317	131
248	227
226	240
238	177
55	516
302	6
358	364
246	381
448	288
313	28
205	183
292	144
262	285
227	211
379	167
268	293
295	33
146	293
436	334
237	188
237	365
303	48
331	260
375	175
412	341
276	306
304	120
293	238
326	142
296	64
360	112
280	37
311	344
419	241
299	90
245	393
381	253
367	160
279	44
423	406
265	488
361	114
345	300
263	86
346	293
237	452
173	338
472	356
414	426
345	348
161	300
494	401
436	446
253	164
448	319
332	241
336	138
178	231
397	222
561	486
292	85
211	164
210	256
528	408
253	285
456	468
297	41
356	216
310	357
542	483
263	183
292	293
432	338
488	463
339	224
196	189
374	347
273	66
196	314
274	86
164	460
240	450
246	491
310	104
364	447
284	92
177	335
234	234
390	190
295	12
409	222
365	383
221	297
162	497
305	104
319	235
94	408
325	280
404	479
286	354
300	1
529	444
194	287
196	379
246	311
300	16
391	188
291	331
299	8
209	170
212	197
245	260
314	261
380	161
313	221
214	249
109	474
272	129
318	88
287	475
157	318
233	282
345	222
211	453
184	402
493	457
176	248
339	145
354	371
214	203
506	476
295	279
416	512
349	171
122	414
245	223
224	203
316	380
273	83
310	136
172	235
394	243
322	73
333	290
301	8
435	239
174	275
300	2
293	18
315	59
194	310
374	513
334	187
165	469
266	384
431	242
392	256
295	304
161	477
252	267
530	418
363	333
283	508
73	457
271	452
143	458
239	249
301	17
233	261
295	18
157	274
326	168
411	201
384	260
246	236
341	173
331	513
451	403
438	297
268	337
351	129
379	329
230	484
447	500
362	293
247	273
108	394
341	261
260	503
80	388
369	358
167	245
394	284
316	53
139	288
371	220
387	427
227	345
327	136
350	359
148	413
277	132
451	273
293	90
285	46
237	209
319	144
271	411
165	326
244	192
279	68
206	222
311	125
361	339
308	94
255	311
320	203
357	284
332	73
416	303
386	188
64	455
407	267
291	59
251	373
162	405
336	103
302	202
474	364
541	513
410	313
347	145
207	384
543	451
397	200
167	260
246	267
263	69
192	282
381	232
193	300
245	463
299	8
185	329
224	182
179	321
238	135
503	384
304	10
196	403
395	273
272	165
318	69
262	134
188	322
463	511
414	280
332	138
461	400
245	158
170	358
349	88
537	429
306	63
231	516
167	414
473	488
194	279
211	500
291	118
82	449
341	367
350	165
313	131
438	320
356	300
446	269
314	162
268	179
513	461
386	154
296	32
262	287
258	141
92	402
347	228
420	232
553	510
449	350
292	150
203	337
73	435
374	357
395	445
286	101
216	229
296	447
283	68
224	248
317	102
324	292
343	145
438	294
242	112
448	319
304	36
356	115
393	477
203	342
303	16
308	52
199	273
437	278
347	142
244	108
523	512
136	418
416	328
341	216
293	364
234	327
385	277
315	278
270	181
437	355
168	290
338	455
356	160
489	381
282	365
132	376
335	114
304	115
292	140
141	374
438	511
363	152
377	309
306	12
327	235
252	458
467	311
272	81
423	469
289	88
288	481
252	91
302	27
205	435
274	267
304	459
369	304
329	327
139	474
272	67
260	138
305	11
283	196
346	261
118	435
272	438
299	13
443	315
284	68
222	287
256	391
393	465
237	202
264	385
273	239
365	348
186	268
293	46
332	238
112	402
306	28
221	343
395	229
264	261
305	186
293	25
295	519
391	326
346	119
391	471
386	400
321	61
299	13
512	513
465	443
477	478
330	67
322	187
288	415
129	359
93	420
293	429
142	278
303	22
63	469
185	203
246	356
216	447
375	207
461	337
280	99
206	423
428	351
339	165
466	448
130	357
271	58
276	65
128	498
335	145
199	189
302	35
567	514
507	380
259	245
392	174
34	502
315	36
223	500
141	399
88	410
181	352
315	277
300	4
302	86
223	400
295	279
300	2
380	482
60	500
262	96
198	314
242	155
226	181
322	106
333	113
346	248
447	473
212	318
345	122
181	499
67	511
264	140
300	6
280	51
413	233
291	35
304	22
223	196
433	262
77	506
349	137
379	294
336	209
123	330
232	299
179	363
253	175
306	201
332	107
331	81
290	101
297	9
308	86
306	21
269	95
359	161
265	66
378	458
307	115
300	47
285	228
264	88
187	199
267	297
375	222
366	213
282	37
213	287
271	429
476	330
434	397
106	474
192	399
170	276
410	402
466	374
275	67
310	84
144	321
304	17
313	125
328	80
227	251
538	503
274	315
264	73
134	316
281	257
351	214
247	180
305	497
244	102
457	377
297	18
251	177
152	280
265	200
212	380
312	324
369	274
507	387
280	335
338	202
280	83
253	201
276	71
288	22
273	461
315	181
300	23
193	287
494	397
346	373
313	41
358	124
309	78
225	192
228	344
326	55
484	329
297	41
325	269
240	231
368	493
249	209
166	285
330	350
317	60
217	326
349	209
326	160
378	455
291	22
353	97
198	213
261	383
268	64
238	373
362	401
93	505
296	11
122	314
113	360
304	415
310	22
446	472
329	171
96	448
401	409
322	53
219	434
235	130
268	173
358	106
175	485
309	52
218	272
412	332
327	49
221	220
317	187
301	15
329	235
282	331
409	213
180	462
30	484
300	18
460	380
287	307
306	165
486	481
348	97
222	303
282	59
155	456
349	210
12	513
299	203
402	253
289	321
300	64
309	26
269	59
430	380
252	89
410	374
347	203
269	93
375	319
265	313
346	142
488	417
334	71
218	166
283	425
305	41
153	390
163	324
247	518
254	384
255	458
382	156
264	462
300	488
588	519
225	301
303	80
308	15
288	107
265	507
148	375
355	338
249	387
252	285
49	499
234	220
326	146
307	61
265	106
285	35
286	87
311	41
402	327
102	369
287	112
308	350
277	500
256	90
115	339
61	506
116	485
345	86
470	435
286	148
276	390
327	302
204	358
288	364
463	287
280	513
254	125
226	243
289	139
251	321
279	118
287	367
361	229
348	321
361	507
349	300
341	142
267	93
448	358
262	207
340	94
322	308
201	507
121	410
233	288
141	331
237	267
394	203
328	179
456	403
309	462
453	429
300	287
66	416
536	515
65	465
487	480
313	93
397	185
492	354
420	298
80	435
392	368
285	83
181	423
248	361
426	403
300	3
281	372
356	183
292	20
304	11
297	62
348	447
101	435
329	252
181	264
295	344
300	9
215	268
380	381
182	448
297	10
255	184
163	284
443	300
325	57
205	337
203	300
271	67
323	309
336	138
335	279
88	435
420	220
146	455
229	515
301	3
188	262
425	431
141	288
199	307
320	158
300	3
518	470
308	89
240	138
315	39
326	71
250	403
382	201
299	223
297	47
312	95
211	239
289	69
328	182
489	503
195	333
505	434
318	57
160	296
570	512
289	196
300	23
129	398
474	349
205	190
273	60
316	216
131	349
280	208
104	439
309	54
346	316
381	168
331	151
375	346
397	350
340	93
273	155
251	101
318	138
275	69
203	274
232	210
437	239
359	183
149	482
373	234
179	245
276	219
271	370
302	101
258	235
284	85
406	311
401	225
269	156
429	255
284	237
302	9
285	54
188	215
32	482
207	361
408	341
70	403
275	113
274	487
323	203
314	36
300	2
337	130
211	274
260	129
250	92
386	227
493	414
133	462
271	220
143	423
434	246
284	465
228	397
259	84
286	73
431	434
202	416
297	120
431	490
451	419
225	359
245	143
574	492
274	389
279	138
280	485
326	499
429	283
213	200
359	114
329	457
498	475
226	361
356	339
324	106
271	60
266	159
403	330
351	220
241	161
315	64
378	270
388	339
376	254
504	371
242	302
283	71
201	345
382	476
560	502
299	72
359	164
204	311
304	46
276	70
425	461
301	73
398	227
112	350
287	54
356	416
438	291
329	61
300	35
277	274
391	164
243	229
403	412
242	238
395	502
416	416
246	127
294	238
305	320
72	418
300	32
269	281
307	46
278	452
485	451
264	196
355	309
151	278
371	138
268	138
227	318
490	345
284	499
285	78
265	326
412	312
453	294
335	70
229	140
309	195
410	368
311	22
368	164
176	415
209	401
369	256
300	4
424	273
59	503
226	171
290	319
349	306
428	351
508	464
211	219
300	2
308	58
277	64
348	381
320	85
206	254
236	126
283	115
231	399
440	296
304	44
315	112
331	77
300	3
499	518
329	372
257	296
358	293
380	211
298	15
118	474
353	416
145	452
326	435
409	491
110	385
316	88
369	133
279	165
441	299
171	326
159	286
486	435
438	408
377	325
303	15
295	509
286	26
265	502
350	323
461	429
306	17
330	156
300	319
276	183
171	410
361	183
129	381
147	458
494	435
21	519
314	47
445	280
326	52
35	482
482	341
137	410
432	365
407	229
192	479
501	449
293	510
292	38
196	207
343	139
401	445
316	436
418	248
593	514
288	65
397	438
300	78
445	398
336	248
168	430
271	122
302	487
223	153
372	358
299	10
524	428
296	31
420	290
39	505
249	119
361	110
330	261
198	420
356	131
417	261
308	22
368	209
357	145
303	39
286	33
370	513
267	62
222	242
65	436
410	333
230	187
201	285
403	275
227	457
65	468
88	387
347	144
308	151
166	371
301	428
200	332
290	124
289	125
423	497
226	297
233	513
377	187
151	323
255	277
375	418
395	307
311	47
171	329
168	478
297	28
346	122
361	500
304	160
241	303
265	93
306	140
298	103
309	85
509	377
319	131
502	454
270	170
470	315
244	124
378	172
541	513
166	316
175	235
446	280
185	210
343	181
210	294
143	291
291	19
202	272
235	255
138	506
413	237
50	474
63	454
313	132
303	23
286	160
327	377
275	227
326	111
303	182
300	9
304	10
347	121
349	125
312	88
416	353
173	244
226	298
199	463
312	51
174	263
275	515
303	442
134	359
307	80
246	111
260	210
260	464
343	288
230	147
346	83
304	15
350	96
196	481
277	137
97	400
291	138
348	191
373	430
362	128
361	202
300	47
292	20
204	481
297	36
215	285
296	299
327	154
47	513
313	34
228	246
113	326
293	24
247	376
291	458
338	149
262	89
249	491
499	371
299	156
440	328
96	416
301	19
436	271
216	242
240	387
292	108
289	476
143	274
226	261
284	100
122	345
226	359
356	510
425	487
210	209
332	70
28	501
548	460
307	344
373	342
464	296
346	83
103	470
311	28
251	158
335	475
332	305
307	173
307	30
511	486
307	77
268	384
259	120
366	414
78	461
299	267
425	303
114	359
298	99
423	397
297	10
254	112
356	332
523	411
290	148
335	125
306	22
329	224
321	43
261	91
145	281
249	213
304	35
327	256
193	463
174	266
412	359
148	406
276	87
284	494
324	76
284	64
261	141
417	278
267	128
314	85
248	96
218	199
255	132
233	442
436	500
388	416
188	402
384	184
355	109
415	260
493	370
349	183
367	216
411	198
180	244
38	511
292	20
402	497
341	362
148	471
250	154
330	317
355	135
306	226
249	112
268	125
230	132
481	377
310	73
297	493
408	311
280	368
293	495
293	275
240	442
443	374
219	255
338	390
243	454
102	481
281	67
320	287
122	424
390	177
245	100
164	260
336	151
400	365
327	206
316	178
300	21
327	349
410	344
178	511
336	321
280	154
252	492
377	140
300	2
333	341
314	412
307	27
239	390
301	24
298	8
276	90
236	340
340	387
365	177
316	183
305	24
199	332
449	305
124	477
365	397
264	161
286	32
80	487
269	73
318	261
380	144
281	148
310	204
439	345
359	204
417	208
310	360
396	200
291	52
345	153
346	506
32	479
34	474
417	311
276	298
155	451
193	354
204	236
262	385
542	485
287	257
560	483
320	494
356	497
241	127
345	383
126	445
133	425
430	249
385	442
339	110
184	299
434	293
93	458
443	330
359	131
338	287
304	54
278	54
334	416
181	209
202	473
510	490
337	101
259	443
462	421
412	517
305	30
363	160
228	163
295	171
336	193
77	456
80	471
492	387
256	390
278	445
354	416
316	427
362	148
251	113
359	353
242	134
486	356
235	174
338	155
387	267
306	393
265	406
505	365
481	398
251	86
371	255
307	131
266	84
349	182
247	497
456	490
306	280
287	151
534	411
52	511
94	396
330	499
333	217
523	428
295	168
55	439
300	160
242	214
463	295
213	248
439	256
112	449
272	377
494	368
243	129
467	400
170	284
186	306
161	304
281	417
309	72
48	513
335	171
279	200
210	183
301	3
309	35
154	496
256	120
399	505
264	219
348	481
279	71
270	178
432	519
151	293
300	2
304	28
378	150
330	91
259	291
226	193
378	142
295	74
242	351
414	234
408	480
292	108
290	244
352	336
406	287
166	256
316	118
313	41
267	481
344	93
377	149
274	109
224	279
386	198
42	503
454	390
260	313
296	12
293	495
186	304
165	404
276	203
300	22
309	70
188	389
389	487
422	382
299	225
159	293
300	2
485	419
141	455
60	447
249	503
300	84
396	169
51	459
355	176
230	124
359	112
313	349
353	162
546	468
347	281
287	293
321	114
379	475
354	105
412	518
295	17
106	501
231	170
300	7
356	209
460	434
520	505
332	160
302	6
325	184
486	380
423	387
242	170
305	31
323	81
201	477
209	203
194	490
204	416
277	259
133	512
344	170
296	18
301	8
346	200
390	208
349	151
466	445
306	46
302	42
355	300
323	461
309	35
169	322
534	461
192	203
301	23
285	69
98	492
405	236
244	100
305	55
523	468
73	470
125	364
322	118
429	389
355	158
356	131
484	435
483	391
217	364
290	180
184	335
285	39
278	56
195	226
291	177
389	273
303	75
346	128
335	315
327	118
391	197
293	48
328	209
220	183
191	455
311	31
327	55
498	435
339	102
268	66
426	398
428	459
188	234
316	73
130	303
515	412
512	479
284	132
334	166
309	54
147	277
259	168
214	201
253	287
122	332
341	98
451	311
149	313
313	93
260	170
310	56
270	353
224	421
488	427
235	383
312	37
364	118
406	513
297	41
406	389
297	29
301	86
376	201
303	466
412	215
182	290
413	360
295	306
258	305
192	335
302	301
354	142
223	170
300	1
90	394
308	472
314	138
204	268
244	416
267	107
234	297
227	239
236	158
342	157
318	34
305	11
390	242
92	402
264	100
315	218
360	487
107	368
293	390
232	214
151	365
238	236
213	180
381	439
363	454
214	351
164	256
243	203
346	235
362	209
197	405
273	347
299	3
340	177
334	88
257	76
331	104
369	304
293	64
191	288
261	94
44	453
52	515
310	328
304	74
300	28
287	25
304	175
283	47
487	356
222	295
370	244
90	417
312	190
355	134
288	51
418	225
330	186
268	317
320	168
371	275
437	246
145	384
117	408
376	321
251	227
374	394
300	4
338	145
442	388
309	125
190	516
344	210
317	33
309	303
232	191
261	133
216	247
240	173
331	96
359	323
211	196
496	362
248	389
408	194
337	93
372	156
383	147
286	144
349	366
288	66
292	40
223	150
473	338
242	311
277	94
440	298
298	6
403	338
234	318
306	43
377	306
320	286
282	102
298	25
500	397
220	177
484	427
218	159
406	218
264	112
509	485
360	157
263	428
213	187
367	151
288	455
168	455
301	208
341	206
326	142
264	154
242	166
233	300
66	491
255	239
305	377
133	389
95	455
152	267
300	89
361	369
302	199
196	345
337	228
406	233
89	392
490	372
101	501
362	242
463	307
300	8
196	432
141	291
361	166
399	353
312	22
219	209
199	302
322	270
346	176
420	410
360	210
447	481
326	157
193	440
89	443
462	472
319	119
339	115
205	238
230	190
312	67
128	335
337	88
358	151
456	351
271	269
404	299
298	119
281	38
295	28
294	48
408	291
158	404
131	397
277	266
346	190
368	149
554	466
393	231
65	496
379	250
259	348
324	55
317	500
398	172
333	435
249	330
208	334
306	118
407	304
249	265
232	302
155	388
336	137
263	117
358	106
290	27
184	234
420	280
458	480
302	316
292	190
311	29
119	455
341	240
379	488
306	15
304	11
137	286
290	242
264	412
161	507
283	95
274	148
250	274
267	82
310	86
216	211
278	306
379	224
403	438
300	22
136	497
524	513
357	111
401	206
345	239
307	339
283	259
337	118
164	388
288	170
294	28
400	379
391	497
295	37
406	219
306	63
417	472
254	430
301	97
109	398
326	259
192	332
357	233
134	387
160	442
247	367
325	93
272	141
387	513
216	319
417	225
213	189
517	413
315	34
173	466
471	388
219	403
315	69
285	65
363	187
288	107
355	149
373	231
291	86
296	151
373	255
99	511
387	191
472	461
352	509
326	238
314	232
319	496
308	25
559	501
460	287
481	480
305	13
297	184
316	41
281	360
345	420
253	126
487	328
398	279
283	33
370	230
457	505
309	239
236	362
338	224
289	57
310	86
325	73
238	423
229	248
251	91
219	192
179	219
288	135
301	449
260	257
90	462
329	508
119	502
297	53
335	79
77	447
278	238
150	300
511	461
276	58
277	65
183	289
338	179
343	368
158	436
117	334
425	309
267	62
299	27
300	2
294	56
387	279
305	15
300	280
493	435
279	274
327	236
304	237
350	324
378	147
314	276
68	468
332	247
309	269
346	290
497	405
328	335
321	80
316	329
254	143
423	261
302	163
192	233
433	435
272	284
385	180
402	337
422	234
325	74
219	172
309	19
343	182
429	505
277	52
407	335
263	93
227	262
306	35
212	445
337	450
407	496
340	169
335	137
267	64
378	218
366	119
274	443
250	268
362	323
152	319
499	473
484	390
443	487
434	441
254	141
167	341
345	326
359	128
324	231
289	40
300	492
302	117
338	435
304	34
77	452
255	481
306	99
108	499
467	372
257	160
440	292
262	93
229	399
157	315
233	486
320	220
436	346
267	118
234	245
542	442
285	47
325	248
301	56
349	152
222	174
61	494
460	513
291	20
345	379
412	244
250	450
248	96
308	50
354	205
215	410
39	474
545	442
99	414
534	428
492	463
520	403
270	74
377	223
299	22
308	23
523	429
149	356
147	301
113	371
161	296
287	39
217	501
253	313
113	373
249	399
144	472
292	32
391	494
297	77
291	34
282	251
282	45
289	26
278	398
286	60
427	302
427	477
295	117
260	254
302	20
244	118
444	327
447	314
337	283
381	409
308	17
298	383
277	50
289	251
255	292
433	239
383	145
455	333
390	455
367	155
22	485
153	438
499	403
323	106
267	448
498	347
111	428
285	154
319	69
344	245
205	479
177	387
444	369
168	319
280	410
192	339
161	250
145	392
383	506
99	409
246	345
377	325
224	355
215	152
216	172
167	451
239	159
429	274
348	125
291	66
247	432
425	402
347	240
270	280
218	183
297	80
173	403
294	24
132	480
317	71
367	410
212	181
305	79
311	307
325	48
345	271
232	321
271	73
180	424
271	91
320	71
150	274
253	104
357	190
449	385
299	6
222	163
339	267
320	87
543	430
338	248
347	112
439	345
119	474
187	341
282	290
154	365
480	395
291	71
298	41
475	462
309	60
326	175
400	330
393	226
293	267
298	10
202	186
435	474
455	321
348	267
290	152
521	518
295	25
306	83
368	140
259	286
339	336
394	343
290	131
287	67
404	323
120	494
268	115
398	220
272	147
337	148
46	498
333	149
278	98
313	30
251	88
305	25
153	430
312	35
222	218
314	58
388	216
380	383
281	40
305	78
300	96
445	385
208	282
309	96
158	315
420	231
264	358
348	287
303	29
291	196
298	47
246	252
266	178
107	356
378	224
281	66
300	6
286	31
242	152
204	168
333	432
75	409
236	433
201	384
481	359
300	1
238	374
348	209
472	370
454	428
397	361
223	139
310	501
132	423
309	20
402	340
98	365
165	343
247	453
399	222
384	213
323	73
242	212
358	135
213	415
284	30
356	125
344	218
261	75
218	320
353	102
278	237
408	397
57	455
349	392
284	165
224	435
332	379
355	241
309	309
391	173
305	500
268	59
433	246
218	390
236	306
593	519
38	493
440	297
274	55
293	129
257	93
340	135
339	95
298	6
519	466
262	164
502	428
295	165
292	31
292	296
245	339
262	157
118	424
118	425
322	216
351	504
123	466
202	208
265	267
386	175
419	235
217	203
462	455
363	246
278	56
292	18
520	412
395	369
253	203
283	45
281	120
109	416
374	478
240	235
185	459
294	15
245	481
380	313
347	132
289	302
190	192
419	339
351	160
516	410
269	67
309	202
238	406
323	189
555	513
283	92
290	249
404	389
397	374
279	69
264	139
290	170
290	36
139	501
318	115
217	287
302	112
162	249
365	436
365	134
277	43
376	455
438	504
373	375
297	9
381	246
435	463
311	184
374	235
315	103
251	300
177	226
227	423
411	229
266	261
321	151
310	194
224	152
264	128
321	309
84	429
273	66
386	418
383	153
196	308
296	15
328	105
238	111
343	208
383	248
194	315
482	435
296	12
274	70
366	232
132	519
403	378
196	310
223	274
279	210
488	474
312	35
314	97
495	373
264	414
266	468
352	94
277	337
458	410
303	47
326	164
155	363
372	184
335	174
364	282
295	95
471	300
383	420
327	341
258	197
251	317
365	198
489	355
193	470
296	28
349	130
345	91
284	306
354	475
251	461
389	415
315	149
373	512
238	217
521	448
414	514
241	370
481	437
365	154
113	364
396	301
495	359
387	423
293	325
292	28
101	392
253	172
361	180
343	515
305	56
359	108
268	106
195	329
512	401
396	228
299	22
179	419
45	485
236	203
314	129
245	165
300	2
410	374
219	315
222	510
318	179
254	104
551	494
379	357
272	329
387	152
315	518
350	403
297	14
303	35
194	198
295	16
47	481
217	147
200	265
370	145
226	209
507	505
316	97
406	326
347	242
292	490
341	222
430	233
421	246
338	140
61	494
295	35
365	364
60	496
210	227
393	264
403	397
299	9
59	500
102	461
358	118
233	216
472	492
374	360
311	204
560	457
123	368
516	426
306	359
177	334
283	42
218	170
257	246
379	230
383	285
203	496
251	273
288	455
386	188
286	236
197	227
122	343
277	64
170	494
359	270
480	403
334	483
335	437
323	262
319	132
345	346
329	90
325	285
538	427
439	399
498	466
236	229
284	33
514	429
332	64
292	123
320	246
456	388
250	104
239	126
171	433
355	313
310	21
333	227
294	25
180	290
429	334
306	43
382	213
304	142
349	406
246	179
333	423
158	326
369	228
437	391
248	165
272	158
339	320
388	467
308	46
280	383
451	350
475	416
251	157
260	515
269	138
42	501
327	99
300	3
300	245
168	362
298	14
241	127
222	474
349	87
355	413
184	242
350	157
261	135
290	44
234	442
151	291
124	311
323	98
262	342
488	429
393	252
296	340
310	514
332	388
533	480
335	136
329	119
439	278
288	70
458	416
247	195
143	300
592	507
209	384
337	159
86	460
405	482
174	279
191	254
277	80
302	29
356	463
328	399
309	206
330	124
270	262
287	32
141	411
235	327
318	128
226	234
298	21
411	242
295	99
314	435
506	448
40	494
185	500
189	306
63	477
238	343
318	151
445	309
208	295
195	512
312	43
300	1
295	218
388	265
266	88
316	98
260	228
442	266
220	297
163	321
209	181
266	291
331	331
370	460
84	435
145	282
230	408
300	8
322	293
346	84
232	216
360	180
235	289
279	285
292	27
472	475
263	111
419	262
202	256
141	446
242	233
377	206
388	335
308	154
333	78
337	273
364	242
213	274
105	359
338	370
296	22
327	277
201	306
306	369
332	67
116	421
353	376
283	310
128	364
285	427
392	399
534	513
282	77
178	474
300	164
348	229
443	382
284	96
285	396
358	158
301	10
361	145
271	315
333	190
566	485
371	297
343	83
519	441
236	426
326	377
301	42
136	435
220	315
56	427
254	86
272	133
286	81
297	41
375	352
126	393
232	148
373	292
310	146
525	410
276	155
329	300
315	43
377	184
481	391
327	136
390	310
189	406
366	225
240	267
274	48
258	501
218	187
161	358
259	107
249	93
436	282
294	56
292	117
318	216
300	83
296	119
312	31
169	405
394	504
267	67
237	370
300	43
268	67
261	192
481	385
286	203
279	171
303	15
51	496
383	397
127	432
418	390
308	37
351	505
299	47
317	256
140	391
310	49
354	461
325	401
302	97
285	86
222	287
297	8
287	304
109	401
324	72
171	295
304	192
298	10
269	112
181	240
358	125
448	276
390	164
204	252
259	79
283	137
373	177
220	166
479	411
289	39
314	168
542	446
304	72
359	202
336	260
509	448
457	434
427	376
301	79
225	154
295	63
283	97
402	240
357	313
150	488
228	135
55	465
287	145
74	455
289	54
409	461
184	214
280	136
137	519
382	224
309	368
149	339
90	492
210	232
258	324
189	499
384	375
256	255
275	59
323	232
331	463
366	218
304	57
219	351
387	367
301	165
384	175
316	65
167	274
357	438
315	210
300	2
181	218
83	503
290	51
61	513
158	399
419	376
364	382
337	516
127	486
323	82
489	393
305	14
381	308
308	498
331	181
283	236
400	182
90	433
163	284
288	381
303	32
208	263
326	214
296	16
170	430
298	25
374	306
204	306
212	282
399	308
460	357
280	373
297	99
251	218
403	301
557	457
364	372
313	27
212	463
311	118
352	151
322	228
463	358
283	408
351	367
286	140
129	504
339	264
318	226
260	122
288	106
186	329
313	33
300	5
191	390
285	125
340	513
304	132
190	213
116	376
338	332
539	479
323	166
200	371
119	497
429	347
43	449
305	22
437	440
314	221
338	129
320	125
192	287
196	297
498	433
244	277
481	317
243	466
374	255
296	177
341	204
231	498
252	133
268	156
298	172
363	160
329	84
440	446
139	382
377	136
302	155
285	81
185	221
360	183
150	322
237	131
274	235
331	119
275	366
120	339
174	413
302	151
474	498
339	503
297	46
339	71
352	114
295	139
253	210
148	479
398	347
398	332
66	448
207	303
128	305
342	80
300	80
306	316
541	426
321	101
329	194
274	186
300	329
160	488
391	373
279	174
296	306
262	134
332	239
544	435
286	471
442	334
502	487
208	450
182	320
308	25
293	41
410	254
372	390
331	86
375	342
298	73
314	436
355	123
306	259
321	122
218	487
319	290
287	395
404	442
397	313
285	349
298	85
459	293
270	95
300	26
276	52
350	114
250	131
399	218
380	188
254	97
120	477
268	160
245	190
227	188
286	215
461	287
430	364
184	266
298	115
260	386
289	22
279	97
228	326
339	203
298	9
327	119
194	432
325	58
267	152
210	361
247	316
513	403
434	319
365	468
306	336
331	153
291	42
297	42
383	380
267	75
292	21
328	138
334	374
268	410
263	305
328	101
357	164
252	163
296	149
106	500
466	496
231	169
250	92
263	90
447	504
321	177
327	304
362	170
87	478
439	313
311	464
363	138
424	307
457	442
503	474
270	97
526	397
239	236
297	481
265	170
454	345
513	456
297	207
45	507
277	199
278	326
294	179
82	486
255	388
422	266
411	386
296	9
246	345
310	82
291	106
292	387
264	280
389	350
186	226
167	241
181	211
535	493
343	322
295	14
265	67
538	486
178	328
73	444
471	511
341	438
312	413
295	161
370	243
356	423
287	465
303	30
307	25
314	28
331	86
329	89
416	230
280	164
474	326
446	384
391	229
294	206
348	93
476	425
329	262
319	395
291	69
72	443
209	162
166	267
327	408
403	490
263	204
362	299
433	372
418	494
510	410
174	401
289	475
389	351
295	431
196	193
58	452
567	476
327	57
270	75
245	328
195	240
402	312
58	481
489	464
301	7
403	252
425	245
300	60
193	498
151	321
281	86
295	10
315	33
207	272
408	228
187	400
354	426
348	491
352	175
231	366
260	169
175	236
476	511
331	115
235	258
159	338
304	34
19	504
366	229
201	423
238	145
303	401
378	170
491	434
303	74
256	228
182	351
24	489
251	113
278	333
468	505
476	509
387	271
358	158
205	219
292	164
264	81
302	39
390	256
342	136
258	131
178	216
398	517
298	99
296	63
278	140
288	185
365	188
135	503
211	397
146	330
309	59
273	61
340	184
74	413
120	477
362	124
249	134
330	60
24	507
119	515
341	225
307	20
305	47
194	248
220	367
498	430
278	380
413	308
434	498
240	482
415	395
300	3
470	327
529	495
368	124
289	503
312	27
448	357
148	373
148	293
171	416
530	436
316	70
399	338
223	333
504	450
281	63
349	112
183	429
280	128
249	163
356	205
269	479
530	509
364	150
424	311
253	118
112	392
288	163
316	262
257	112
298	151
254	406
500	517
149	324
336	441
258	170
294	338
424	423
400	248
336	65
481	380
306	26
285	220
482	398
381	397
370	442
290	64
283	242
326	231
277	164
306	138
309	49
313	317
227	302
236	159
387	330
319	187
293	63
185	267
319	119
347	229
238	366
384	466
277	160
218	512
161	415
308	23
320	372
274	222
357	114
293	101
69	481
235	205
214	165
483	328
291	353
126	335
300	57
271	449
350	344
222	137
402	207
377	140
315	32
396	326
246	142
362	215
426	466
329	79
280	221
151	317
378	223
273	75
304	11
440	293
374	296
437	337
222	349
307	16
300	1
276	116
196	343
300	174
239	417
262	132
271	346
209	445
118	376
467	292
365	269
272	183
274	81
413	326
342	176
314	235
262	425
310	100
85	473
287	35
131	450
263	74
205	276
178	481
140	424
301	25
105	351
360	176
251	430
304	9
183	240
306	49
293	325
174	386
261	211
226	255
308	135
421	225
382	155
237	318
382	475
389	270
295	22
333	189
302	7
385	197
199	242
263	241
295	14
314	119
403	473
352	302
204	216
412	475
392	204
326	439
255	288
281	158
354	131
238	112
498	379
309	47
314	84
220	353
299	117
303	106
306	49
229	502
335	233
486	496
349	144
287	498
365	510
541	482
301	5
397	388
334	116
165	442
252	104
196	345
297	380
265	365
303	42
151	300
270	407
297	216
290	362
286	67
147	353
299	90
235	156
288	202
476	340
411	513
292	51
293	18
168	349
243	366
146	463
244	320
178	410
362	499
296	24
400	275
364	387
276	66
272	97
432	327
311	273
300	106
296	28
28	486
129	502
418	351
375	148
540	432
358	207
242	467
345	157
204	292
352	227
238	428
506	416
354	205
178	282
342	277
286	104
393	307
26	491
331	98
346	106
234	448
99	515
226	298
134	320
329	96
350	449
457	333
310	114
103	500
252	219
200	206
302	393
303	32
323	45
548	487
66	487
461	412
164	465
307	343
369	146
308	216
114	329
100	397
281	35
404	439
325	119
381	464
175	515
210	512
276	159
170	274
318	184
179	302
266	146
181	334
289	71
53	442
267	159
361	429
321	378
129	455
435	442
332	100
585	509
443	416
262	99
258	210
381	199
409	271
220	165
191	470
512	370
53	494
293	309
375	371
253	513
166	261
123	311
306	17
451	339
192	295
286	451
191	204
164	330
311	125
33	504
300	1
284	286
298	29
297	192
334	308
357	181
407	326
320	73
292	68
326	67
141	368
402	364
283	65
369	312
402	455
119	318
369	500
329	185
358	125
276	317
167	288
316	267
357	354
439	507
89	389
247	148
300	21
358	463
391	351
311	282
271	138
303	143
397	188
237	115
270	176
295	33
316	30
464	306
174	497
390	286
404	476
288	422
171	292
407	224
367	177
344	496
244	110
409	440
454	486
334	296
315	344
240	112
283	43
314	145
268	417
397	449
213	216
391	354
277	302
318	371
223	410
153	356
220	412
279	52
28	511
261	332
356	131
239	267
252	408
131	433
292	432
293	384
207	445
287	94
283	419
308	60
424	498
297	14
284	429
504	437
83	469
518	387
299	277
419	317
281	137
344	82
247	377
240	196
237	141
510	447
460	498
330	179
405	402
134	347
362	397
285	81
288	468
128	301
282	91
275	287
389	441
152	323
465	377
301	4
131	326
392	218
302	33
109	490
188	411
237	476
192	303
374	371
192	297
184	503
384	217
283	261
551	442
137	455
157	259
386	158
300	7
301	147
225	390
156	480
250	134
315	135
375	381
130	303
34	479
381	507
353	192
210	200
394	472
306	34
70	438
368	237
58	504
233	151
381	157
453	291
300	67
300	2
168	231
481	442
293	48
232	247
351	148
384	377
441	311
265	97
305	23
141	410
347	469
307	268
409	308
300	9
335	131
482	409
439	387
88	390
277	470
530	493
300	9
109	364
542	442
241	442
400	280
276	82
195	234
287	28
284	92
330	78
325	100
203	424
251	351
308	138
132	364
183	300
340	141
252	316
183	266
360	161
239	145
171	497
224	443
452	281
414	276
88	445
115	409
391	270
298	100
293	114
111	445
433	326
116	346
189	249
295	22
229	132
270	372
274	493
332	183
300	90
169	246
148	337
301	402
203	215
272	81
348	236
503	359
300	277
55	471
397	255
259	366
131	395
398	476
330	119
148	501
305	70
115	367
251	145
72	438
171	306
250	349
355	154
303	12
219	182
412	517
457	399
261	291
375	291
311	459
196	487
331	149
214	186
291	302
437	291
267	381
386	403
253	86
339	457
164	302
326	377
296	137
243	246
296	41
274	171
440	486
229	185
136	320
325	145
181	348
329	72
355	166
310	235
306	507
521	428
487	381
524	398
345	86
344	186
303	9
361	229
306	25
322	124
278	43
294	65
413	313
257	142
177	220
312	388
126	320
535	449
390	190
428	471
408	519
342	353
388	512
345	82
338	88
442	340
307	105
450	385
341	140
467	323
217	269
256	288
76	457
466	386
448	335
204	478
127	369
366	280
404	332
220	208
325	45
248	150
247	127
244	296
176	227
374	277
393	450
475	460
188	350
236	197
314	59
426	230
402	327
271	145
445	501
299	14
400	284
492	476
210	455
204	315
24	481
333	117
378	260
351	111
51	461
195	204
349	86
105	426
363	147
200	350
318	44
150	436
192	285
343	289
327	320
227	469
192	226
428	247
251	138
298	10
348	88
309	340
373	454
340	80
284	223
336	97
296	310
157	378
271	196
357	235
339	125
222	196
309	30
371	288
266	119
291	149
329	80
233	129
248	143
228	176
294	63
245	123
302	14
300	5
433	306
106	477
199	260
414	338
359	212
338	195
232	293
221	416
278	468
318	176
244	194
124	344
405	487
348	300
306	25
317	99
184	410
322	60
231	430
304	22
502	508
258	197
338	78
328	364
345	169
311	158
201	481
398	251
320	300
285	33
412	245
356	102
447	438
160	336
229	357
303	168
302	21
251	90
273	204
435	334
160	369
131	470
300	9
9	512
294	164
267	240
288	239
360	417
301	501
307	14
335	222
342	235
189	397
409	456
243	219
300	26
297	445
206	368
333	197
283	183
280	127
432	519
213	228
297	10
272	53
388	188
223	213
201	193
293	22
123	358
195	285
318	345
378	371
473	449
182	300
310	32
444	328
78	453
462	408
357	196
321	49
430	488
301	95
271	394
284	106
343	280
311	323
286	73
302	7
316	58
493	431
274	114
335	199
314	283
278	181
383	280
440	387
80	432
386	242
232	138
309	41
448	260
304	38
413	508
229	283
279	111
315	55
281	184
315	32
299	55
310	29
310	400
144	332
306	110
356	516
142	296
331	366
307	23
396	406
284	30
195	201
78	409
424	465
293	14
551	478
327	429
391	241
352	312
349	343
313	45
232	140
432	472
325	81
305	424
323	342
300	2
375	184
432	490
390	264
280	244
391	214
270	195
226	146
279	472
329	301
178	494
147	344
302	40
422	448
432	461
179	223
221	331
296	88
299	24
325	87
98	356
413	322
375	143
239	229
248	193
352	132
307	139
131	432
64	469
301	325
419	307
394	388
386	297
331	156
439	323
175	257
405	271
471	324
324	98
178	248
406	201
264	229
24	483
206	179
396	177
468	467
135	347
147	270
334	500
209	435
296	204
327	58
301	22
399	199
443	267
303	10
164	363
294	48
276	137
326	158
490	363
66	436
407	293
164	284
250	359
417	414
316	57
300	4
443	391
295	73
403	197
271	112
405	248
429	384
330	223
186	483
297	268
302	8
174	491
293	16
172	252
242	412
345	92
392	213
361	214
323	336
175	341
361	267
215	216
324	206
421	248
317	35
317	219
151	461
371	231
284	34
197	393
356	112
287	442
271	152
274	132
345	223
470	312
100	488
203	327
312	61
281	164
385	405
324	46
345	115
116	340
311	27
261	101
165	482
115	397
40	500
342	125
244	125
354	173
152	292
330	462
532	442
265	485
467	496
349	261
285	77
357	106
319	215
296	20
229	222
270	77
275	61
293	266
209	351
285	33
383	327
138	440
431	477
283	112
287	82
282	34
276	334
263	107
259	269
267	467
293	210
311	487
317	211
239	270
406	351
343	509
240	369
261	481
275	90
292	73
363	180
325	100
536	507
300	4
300	8
325	97
218	145
337	86
253	101
294	61
328	96
475	440
262	96
378	494
263	84
310	31
329	377
320	192
255	191
298	127
406	236
246	383
180	225
233	123
327	75
434	322
209	342
366	125
192	220
301	13
204	453
255	161
274	302
42	474
249	118
151	511
265	177
371	209
407	431
540	426
179	317
293	48
368	132
398	289
439	410
504	478
344	332
312	41
271	78
304	55
265	71
323	209
302	13
321	67
287	50
421	319
536	505
311	331
326	266
267	336
438	255
348	190
312	88
80	473
292	69
396	288
187	356
345	84
287	130
170	232
227	205
338	261
279	61
152	360
296	41
297	27
407	210
121	451
407	498
496	349
300	2
515	416
296	73
286	282
467	386
515	397
353	481
308	18
136	479
274	59
490	513
275	173
437	286
121	345
300	3
300	425
73	414
442	423
45	489
337	127
350	162
587	506
185	239
333	356
297	349
324	82
437	477
273	238
301	14
361	417
168	280
297	20
354	96
393	176
393	443
298	16
411	230
300	80
304	452
463	416
384	201
457	410
260	92
441	272
179	258
185	321
402	257
298	48
308	22
290	352
254	287
427	228
160	352
506	481
330	336
300	15
537	483
301	48
333	119
50	477
128	427
300	41
294	64
404	451
283	59
317	273
211	264
327	267
309	235
411	407
491	384
330	298
76	410
306	188
144	416
320	240
285	39
227	226
552	486
433	364
437	367
53	469
346	125
475	507
82	476
304	49
363	373
337	275
370	377
366	254
304	158
363	235
177	379
280	59
337	67
295	378
373	191
330	241
277	336
291	254
201	243
392	344
423	293
195	275
479	351
397	499
289	134
123	324
281	421
329	63
311	173
308	88
324	274
210	368
267	341
358	103
409	260
295	102
269	425
358	514
474	500
367	370
567	470
310	108
184	255
212	260
389	486
228	194
211	185
345	318
55	503
212	231
268	65
120	377
158	432
319	462
474	475
276	99
126	377
301	21
388	519
305	30
313	36
372	303
523	405
360	143
34	467
377	252
327	433
171	302
272	112
310	38
287	218
436	484
388	437
303	14
329	156
385	502
73	494
326	280
226	225
369	424
297	470
458	465
351	99
117	416
320	36
310	47
310	92
283	184
429	311
65	429
183	346
256	192
499	432
283	397
272	71
204	240
237	519
300	209
42	474
486	432
131	459
305	75
237	142
359	107
310	103
361	182
512	493
300	14
273	288
301	5
273	487
115	370
171	408
293	183
306	16
376	170
312	23
429	375
224	270
202	320
270	160
242	500
223	154
410	360
272	215
290	499
345	160
264	143
368	426
518	420
307	122
350	357
310	137
321	54
355	284
364	476
315	94
294	117
220	313
379	217
242	419
286	147
316	107
368	366
404	436
232	186
233	443
267	95
233	203
307	411
410	210
266	88
218	261
374	408
326	230
471	341
413	245
446	277
408	325
310	42
319	45
357	128
300	19
270	224
187	216
123	374
287	107
227	195
330	152
319	170
315	396
326	93
473	302
287	197
192	269
343	299
82	477
359	332
348	310
287	119
300	10
142	297
302	435
248	171
281	263
87	449
74	426
154	474
270	390
231	153
188	208
336	80
174	314
230	362
341	85
297	274
312	35
300	32
381	175
300	9
369	267
265	197
365	115
128	445
223	453
316	48
228	241
262	73
452	484
361	255
332	201
175	443
264	377
366	293
308	15
236	204
71	504
404	184
199	252
404	503
235	159
135	489
326	145
262	448
304	40
404	376
278	80
329	504
322	133
314	294
183	312
338	433
331	87
275	59
492	437
323	128
470	326
271	133
402	192
97	394
242	241
257	93
322	86
244	117
457	420
415	258
312	412
286	144
162	500
248	217
110	399
129	302
339	111
224	473
539	416
311	27
188	326
478	374
183	327
285	313
324	61
348	187
343	140
353	134
312	61
350	186
185	236
453	442
242	316
334	81
274	390
220	162
191	427
436	382
298	24
309	86
422	247
364	491
271	358
85	492
187	409
397	263
250	412
199	228
295	21
461	355
308	124
203	412
81	490
362	243
181	262
389	454
230	507
319	86
196	251
427	404
356	252
293	15
317	56
348	164
176	327
213	409
309	81
508	442
299	356
354	120
86	386
465	319
472	351
333	62
428	352
404	481
430	407
246	421
144	337
470	462
124	494
335	356
305	56
257	139
358	461
446	410
326	61
108	437
171	251
449	497
300	27
311	209
332	195
204	380
224	440
288	106
370	190
359	253
185	241
149	314
416	327
469	337
317	218
412	280
305	74
512	416
208	254
303	20
262	365
434	264
426	260
300	6
507	475
470	304
253	132
298	127
129	420
316	50
277	426
413	378
237	224
264	381
304	43
387	318
257	93
125	309
154	256
188	267
302	345
492	400
496	442
285	248
313	448
348	113
317	356
327	198
232	312
382	459
362	145
293	67
321	86
314	504
261	358
355	483
267	112
463	336
431	287
193	232
452	379
226	377
553	503
300	162
251	172
269	326
135	382
123	404
384	422
264	74
329	248
452	351
272	304
261	99
469	329
339	100
313	38
278	362
310	88
363	378
303	187
465	433
327	337
484	481
375	475
137	319
569	474
212	158
283	75
310	163
131	344
221	154
199	507
302	60
363	308
392	215
338	86
325	173
558	456
324	270
131	463
232	242
385	171
285	230
263	257
221	384
458	466
131	332
323	485
421	213
348	259
413	344
360	307
328	62
300	17
406	268
538	434
232	315
319	45
326	226
123	476
292	38
283	41
264	471
253	158
316	41
343	96
251	263
479	455
368	338
311	28
277	238
458	506
260	148
346	202
322	75
255	82
210	277
295	59
218	150
294	295
365	403
332	93
342	91
269	93
336	107
337	83
282	74
113	442
299	184
289	147
296	18
243	135
322	84
260	85
280	37
384	171
275	154
313	416
202	179
352	316
179	419
328	167
202	358
336	434
114	421
523	426
300	20
175	351
325	403
532	442
250	222
338	409
251	92
309	255
310	117
307	39
228	251
273	518
384	514
329	97
249	429
467	341
377	342
51	518
319	358
300	4
284	483
294	46
397	212
331	59
109	478
204	293
415	283
261	94
502	498
248	120
199	503
590	507
233	242
331	148
284	261
287	87
287	48
244	205
357	217
373	393
223	181
291	109
438	387
337	355
292	67
309	66
106	367
272	166
274	307
324	137
246	240
298	7
182	481
323	69
286	229
247	200
431	249
549	435
284	38
323	188
360	368
290	274
307	16
572	493
294	141
421	333
518	456
273	79
333	343
160	505
270	70
286	102
224	211
209	270
224	471
242	511
267	127
386	227
568	487
362	138
312	28
284	487
81	420
429	343
524	508
398	334
260	107
466	489
430	273
453	436
326	67
202	186
255	187
339	76
260	157
12	501
361	262
370	245
312	300
297	145
348	300
300	78
261	193
518	460
238	494
392	278
301	103
332	76
80	519
283	99
312	42
284	40
381	145
203	261
292	42
284	138
302	172
361	464
105	383
313	272
542	447
312	36
382	145
367	143
314	375
199	193
332	282
195	344
129	345
275	48
113	343
310	251
128	332
330	308
313	271
305	291
348	156
254	267
247	132
45	516
306	22
217	428
208	313
332	94
373	501
305	99
544	435
321	67
308	237
216	171
307	40
285	50
305	208
144	498
304	27
247	186
357	254
216	165
260	113
301	9
223	150
332	332
252	305
248	99
183	345
386	421
199	322
458	293
339	119
591	516
400	327
304	177
219	215
299	3
478	408
295	300
444	251
323	235
110	497
275	90
336	92
295	242
205	204
132	423
445	384
262	121
232	151
238	166
387	191
309	135
237	222
129	437
327	55
448	410
135	437
321	390
323	294
172	519
295	328
350	164
72	414
299	262
493	463
252	102
292	453
298	55
148	332
310	168
105	351
249	291
203	185
336	67
296	272
349	145
213	181
388	229
305	49
276	227
371	204
277	336
378	382
304	56
298	27
229	126
380	390
328	56
224	399
401	401
406	370
225	209
236	113
216	151
307	112
237	326
309	293
567	518
204	268
242	117
325	73
249	311
314	79
327	75
169	327
345	147
161	490
308	100
297	319
337	92
483	517
252	373
111	466
255	103
301	179
300	51
326	171
309	218
343	166
410	403
501	429
190	239
379	188
353	236
412	290
460	297
222	474
477	404
193	284
342	490
402	259
454	434
456	487
451	504
378	415
363	119
332	137
439	382
314	341
126	339
307	290
278	385
301	315
413	399
218	170
249	289
272	181
328	102
405	472
285	91
399	303
181	214
280	85
89	435
370	333
302	431
268	155
451	295
180	516
280	80
497	434
291	38
138	443
184	385
374	206
166	390
489	468
248	335
339	171
165	428
434	342
288	75
116	359
241	123
236	327
286	58
361	182
313	39
94	482
246	247
141	314
273	123
255	166
133	510
300	66
354	359
278	96
304	278
369	226
157	495
398	455
323	464
236	219
411	357
298	7
446	280
429	411
315	70
282	103
352	283
184	206
159	385
281	440
240	164
517	400
297	106
292	293
263	122
272	127
318	47
265	164
306	274
294	28
235	345
311	56
175	333
221	290
489	330
393	373
273	49
185	317
306	145
399	216
335	119
243	232
343	506
186	235
328	54
305	421
247	108
288	100
300	93
141	417
265	384
344	430
174	285
313	103
247	235
173	300
355	151
351	177
297	262
291	97
239	152
231	254
306	21
380	206
295	53
473	312
299	3
255	289
179	228
299	66
334	253
268	76
267	364
363	400
126	358
312	42
344	407
334	245
314	260
364	144
348	181
257	102
173	328
79	497
352	384
384	304
141	344
170	509
360	254
271	419
384	321
338	104
180	337
251	213
111	517
122	397
378	255
278	177
245	116
212	380
309	54
483	370
503	434
326	245
300	19
333	498
237	272
302	9
216	374
295	10
376	478
284	265
100	352
406	351
308	106
306	235
493	375
233	236
148	438
339	287
374	155
199	315
408	297
217	416
310	82
524	490
328	146
224	155
294	133
184	517
349	98
265	178
239	474
82	490
262	201
410	248
401	209
247	148
267	138
409	193
78	479
487	429
218	289
332	308
164	395
397	170
490	466
458	361
375	318
105	452
290	50
97	464
295	94
552	444
283	421
500	365
180	278
97	369
351	189
351	176
62	500
116	506
494	430
272	158
320	252
252	472
392	254
204	463
381	260
341	414
308	216
285	37
296	18
250	215
353	500
416	339
300	14
279	216
417	243
417	255
153	423
140	344
346	313
339	92
317	34
233	345
272	364
187	233
307	27
256	323
300	2
345	352
212	203
462	362
452	291
297	34
427	359
260	354
282	275
312	76
200	409
281	80
100	391
343	99
254	395
375	209
301	6
120	479
490	474
396	184
466	453
304	53
310	146
312	186
350	127
296	435
205	511
253	396
238	199
239	119
220	415
358	169
449	296
313	51
177	236
237	205
247	170
243	410
485	448
297	514
260	321
474	510
473	445
123	493
77	413
320	84
314	351
255	237
386	155
342	100
339	281
276	170
462	507
349	89
297	11
361	307
107	363
279	50
273	336
300	122
208	345
218	235
280	43
237	139
324	50
321	203
284	249
236	178
303	132
272	55
356	368
331	206
433	464
255	100
352	511
44	507
382	339
337	176
432	492
289	93
383	423
113	447
301	15
292	31
299	4
268	168
413	222
226	137
299	221
259	222
530	435
283	109
110	508
437	473
282	332
314	51
412	452
335	195
339	433
304	368
261	390
329	141
339	74
354	357
387	162
330	345
300	152
282	111
363	304
216	293
291	74
318	362
300	2
114	380
280	54
214	277
429	351
428	479
298	21
304	9
279	222
309	32
229	431
447	450
97	435
527	448
321	152
302	30
458	285
113	336
146	416
277	58
300	30
358	169
412	305
505	386
272	254
283	37
213	218
421	486
308	408
408	290
266	86
471	369
330	166
354	345
384	490
300	274
330	270
410	242
347	193
217	178
336	275
123	420
361	145
279	131
376	414
209	325
187	486
230	506
233	184
461	428
321	86
303	61
289	76
416	365
382	295
396	457
398	248
391	363
331	303
410	494
234	241
382	148
401	238
310	110
305	79
263	513
317	454
396	404
147	306
357	106
334	85
204	183
411	258
300	148
355	124
257	95
281	59
188	423
400	194
487	397
340	90
243	316
264	103
401	193
263	81
296	102
298	117
362	138
285	82
413	336
480	453
395	192
295	122
303	146
212	340
293	88
439	291
226	166
304	414
300	425
232	315
452	345
338	149
290	28
263	119
243	225
264	119
514	411
317	178
166	333
354	379
293	280
353	449
181	300
311	41
287	78
287	485
209	265
253	112
210	185
279	448
419	494
198	184
370	236
341	106
43	449
407	188
293	293
332	78
314	92
253	95
338	241
293	47
345	393
267	133
319	194
292	47
171	412
271	129
337	354
146	269
142	293
230	133
472	437
179	469
316	128
338	279
304	300
527	446
387	162
239	169
187	327
283	418
250	507
253	397
359	151
278	208
170	346
449	319
316	146
227	145
226	167
267	480
224	182
176	452
300	331
292	20
320	39
265	158
355	117
442	488
378	190
300	9
246	263
255	192
431	314
330	77
364	482
487	444
358	338
293	84
323	88
324	220
387	282
170	318
299	59
319	80
235	120
386	280
178	409
448	403
115	461
306	139
198	326
233	198
495	458
436	274
315	64
374	208
245	378
305	12
257	208
406	232
353	172
266	75
240	366
298	12
303	11
429	280
289	210
323	187
325	477
323	56
312	118
306	54
291	19
319	37
216	271
113	327
307	216
142	360
334	79
283	480
312	77
379	413
99	416
303	501
448	361
318	362
241	116
301	22
299	86
319	353
105	419
318	82
393	346
104	476
282	45
49	484
432	293
391	209
67	498
297	39
232	279
468	294
310	468
307	48
308	75
344	149
410	285
322	454
206	188
556	501
515	462
297	323
219	280
147	269
308	423
316	187
264	156
344	226
298	186
263	441
132	412
501	479
302	145
300	2
319	257
261	481
351	236
591	517
385	235
532	443
489	402
285	287
276	467
296	138
100	435
251	187
293	46
457	448
110	335
298	98
317	216
166	379
303	114
104	401
438	380
376	148
204	310
325	173
236	125
194	445
200	464
282	416
296	31
414	330
207	502
52	494
331	263
500	490
305	31
241	259
161	415
333	78
273	138
275	498
285	130
306	14
467	514
323	70
492	397
333	136
331	243
385	219
156	321
246	158
336	333
394	287
193	381
129	364
314	39
315	54
161	435
124	448
296	53
295	14
309	337
196	256
350	208
251	106
219	394
313	54
229	457
195	248
295	303
321	329
515	377
360	231
207	220
59	444
197	489
330	332
231	198
172	287
522	402
257	140
204	331
286	306
338	153
379	379
300	23
362	173
64	481
357	203
308	26
459	405
387	258
262	68
161	497
303	220
273	221
323	80
274	86
198	474
281	223
268	78
314	500
384	161
275	194
378	183
470	423
464	310
335	466
474	429
310	35
295	15
292	107
222	316
292	28
338	119
307	105
300	2
309	342
401	486
301	9
278	397
201	473
304	306
274	203
263	140
262	235
300	2
355	371
280	84
293	15
25	491
239	509
265	78
387	225
346	291
312	242
332	186
335	196
316	300
166	378
530	497
447	319
407	296
367	305
317	92
438	421
399	223
341	169
301	13
359	316
346	391
256	164
352	104
187	247
228	138
526	503
295	52
293	244
577	500
432	392
294	174
362	155
301	372
330	156
181	342
416	216
305	494
494	351
244	317
224	337
252	384
300	2
96	461
250	145
179	305
338	112
281	151
284	217
170	485
236	240
138	461
226	329
110	427
47	455
394	467
395	204
284	53
181	418
287	112
153	378
250	221
322	204
326	340
301	6
63	441
342	240
325	111
262	179
300	30
301	15
151	345
289	296
388	248
305	25
300	196
561	488
385	280
316	342
265	293
266	78
293	423
249	452
286	79
299	4
163	319
106	430
378	341
289	370
291	25
394	195
301	6
301	68
253	353
253	144
230	358
298	82
291	102
314	481
507	407
322	229
295	215
219	419
289	510
104	346
247	129
317	183
432	326
334	250
361	183
475	327
331	442
382	353
326	67
300	89
434	265
346	273
282	264
364	283
258	97
270	498
349	113
336	72
53	436
382	315
305	111
313	497
340	375
258	222
367	132
147	487
387	229
466	499
40	496
276	293
101	502
446	479
112	342
271	68
351	288
391	161
239	177
283	56
194	358
280	57
343	494
352	289
447	257
207	459
332	176
401	231
259	458
403	244
85	384
340	94
419	250
325	207
354	507
379	140
507	369
425	325
323	100
332	283
336	314
198	433
136	351
275	55
338	132
331	328
380	483
308	25
463	460
401	509
300	1
337	198
373	264
112	355
60	435
449	261
398	319
304	68
136	377
78	416
224	326
229	181
245	189
242	384
291	18
389	336
251	419
231	425
294	99
313	407
312	76
334	392
479	342
312	54
189	200
285	507
292	53
353	121
268	202
485	326
363	318
326	64
229	408
252	313
379	470
299	4
265	149
231	297
272	271
141	282
369	448
418	300
213	239
372	464
388	210
76	508
285	28
298	14
342	187
412	298
296	117
290	71
300	242
447	284
329	58
307	379
182	364
176	508
304	20
231	470
188	250
416	305
444	461
440	375
277	356
536	461
512	418
515	442
196	351
44	457
361	287
299	15
408	261
309	492
377	282
203	217
212	279
233	130
169	360
283	505
287	113
302	23
522	515
308	61
307	47
445	288
301	83
297	24
224	506
300	166
300	106
313	158
314	119
299	233
437	442
357	294
291	290
271	67
273	63
130	440
156	251
473	496
300	183
317	124
254	138
185	403
562	501
285	448
413	293
412	500
199	297
248	502
255	105
381	354
276	301
396	188
300	359
366	220
380	372
275	345
398	249
529	503
394	272
61	466
209	461
117	468
313	252
309	69
406	423
334	233
203	503
385	464
220	190
148	499
296	221
430	397
202	415
308	54
244	159
306	32
244	127
80	507
276	397
346	190
417	469
417	261
339	294
379	218
549	472
114	472
283	499
469	318
355	112
320	81
355	128
307	216
373	286
244	105
231	329
330	138
245	271
320	204
214	183
251	242
440	281
333	75
416	285
343	165
297	77
537	513
83	470
294	24
330	123
312	375
338	80
167	264
244	178
327	151
392	257
556	468
111	358
52	513
165	251
122	350
171	496
305	206
120	334
353	316
395	176
286	201
173	249
299	125
198	346
290	125
270	62
327	511
187	455
371	150
274	108
230	513
181	353
450	419
515	386
332	221
65	518
340	212
313	49
160	278
382	239
316	45
442	372
388	164
353	153
317	36
201	403
235	235
356	187
315	29
209	168
321	46
376	163
325	116
359	146
255	81
318	48
291	407
331	144
280	248
146	296
387	477
228	132
295	197
317	417
305	39
271	151
337	500
261	147
239	382
228	228
67	423
261	199
318	226
475	408
359	218
154	360
405	361
325	63
329	75
283	263
348	137
349	151
246	463
249	300
265	261
288	113
157	453
474	412
84	402
288	169
456	422
178	253
373	172
385	372
199	226
198	403
286	84
185	242
530	465
345	273
432	251
354	166
314	49
86	469
308	45
277	242
125	403
201	269
319	471
349	158
179	331
279	478
303	11
300	197
257	173
162	457
359	163
228	301
179	219
274	98
476	334
300	139
286	126
185	488
293	363
304	57
326	68
371	279
306	22
181	280
341	103
153	269
289	71
300	21
276	98
367	119
444	269
267	81
251	123
285	28
251	164
280	293
277	42
287	300
161	371
255	352
310	272
164	453
328	128
284	198
372	215
134	467
348	326
424	358
261	253
223	209
523	497
337	250
301	144
298	55
473	509
298	82
282	99
374	513
271	505
65	454
258	273
468	501
293	14
289	23
238	148
249	126
312	23
377	433
256	196
181	435
312	269
337	72
274	244
301	129
266	113
475	330
230	165
133	428
247	368
330	254
412	332
368	277
334	287
330	88
538	436
303	35
300	3
316	46
296	39
203	184
255	86
295	256
352	163
78	499
455	454
240	204
140	427
327	151
430	380
294	41
278	187
237	157
326	57
365	190
405	392
378	253
311	23
313	26
181	462
317	32
256	123
381	369
526	419
300	170
287	28
258	317
303	26
334	374
366	428
331	64
378	156
446	256
299	19
254	269
266	145
320	127
306	40
410	234
487	464
344	190
431	425
397	302
294	46
227	149
384	222
447	275
308	46
316	31
329	223
129	350
284	390
300	40
316	79
300	15
317	231
308	222
428	452
350	108
214	462
182	291
206	497
276	126
266	78
281	136
161	242
300	33
335	209
493	507
292	397
313	114
302	7
355	126
574	503
471	344
305	32
344	512
482	351
265	81
300	48
343	97
388	314
198	261
323	47
31	515
263	434
274	67
553	486
153	501
329	78
447	497
301	31
434	324
299	6
334	91
239	233
215	395
255	510
236	346
187	198
439	512
312	96
198	250
206	229
147	493
327	152
295	382
283	371
273	78
300	35
358	296
203	290
385	156
302	266
268	189
356	110
202	382
234	429
262	122
314	78
245	352
67	510
492	338
238	190
366	192
201	442
467	357
337	402
296	26
265	86
207	175
310	283
147	297
323	47
201	342
125	331
206	314
266	145
292	143
138	409
340	326
296	236
302	120
467	292
267	177
254	100
298	140
486	485
310	93
301	7
291	58
294	70
321	256
508	519
484	443
257	132
256	100
364	408
300	39
503	476
300	2
308	18
204	256
274	163
496	476
304	16
233	475
480	475
283	59
354	444
247	519
314	134
432	476
360	386
302	9
291	63
261	489
331	364
253	165
296	40
337	76
72	443
174	417
387	398
323	120
337	73
136	361
537	428
340	73
340	400
459	313
229	240
555	451
303	69
289	170
274	90
294	159
314	163
256	190
303	15
333	98
253	125
478	346
387	513
425	395
460	432
316	184
266	190
300	196
350	137
306	122
434	426
402	202
136	288
241	416
249	476
299	85
427	507
360	337
149	264
339	91
223	317
291	330
503	498
379	158
98	421
276	435
251	164
446	298
346	196
321	49
336	102
333	87
322	97
307	61
300	82
315	29
341	468
455	313
227	148
303	7
246	151
390	188
357	124
251	507
65	418
287	110
479	370
299	31
80	479
250	283
242	248
310	42
210	232
251	163
280	85
82	406
303	60
268	221
318	50
313	183
246	204
129	328
273	304
299	86
373	184
96	483
319	55
358	229
326	440
501	461
296	11
464	313
288	139
249	145
273	313
294	49
229	143
325	46
241	497
300	161
275	416
169	343
293	111
166	497
215	239
108	487
294	41
297	459
482	353
345	439
311	347
276	102
302	17
294	32
299	64
316	30
314	287
554	500
174	486
443	324
307	28
329	304
208	191
303	488
277	223
534	480
283	57
227	312
312	485
238	150
294	32
534	500
300	2
354	456
309	107
282	364
300	28
290	363
193	214
315	334
208	177
313	158
300	13
279	51
411	262
390	468
498	486
280	364
523	449
217	448
285	406
353	498
170	371
320	228
360	110
267	147
185	448
300	6
224	514
561	481
378	208
498	397
242	154
302	6
232	503
275	129
269	442
294	147
131	305
406	377
302	8
135	353
404	210
61	428
374	185
366	512
300	15
89	390
304	154
324	358
375	342
560	511
252	146
376	167
342	253
453	346
286	138
268	257
354	282
273	272
315	40
333	472
282	35
347	183
407	293
321	88
162	271
563	500
462	443
335	112
302	198
116	455
187	509
300	112
302	65
285	38
269	108
447	351
301	434
58	427
269	408
211	176
308	122
326	373
491	485
73	497
369	377
286	47
317	77
300	3
126	375
384	164
264	203
319	210
449	414
186	416
241	168
263	203
125	309
299	160
285	229
375	247
199	177
253	138
229	313
363	166
335	145
156	304
279	157
527	461
279	146
334	138
500	442
327	172
181	429
224	489
420	338
111	432
494	497
303	11
252	236
246	229
318	44
287	90
302	392
278	392
458	280
252	160
112	406
286	165
325	198
353	310
391	306
485	447
295	111
271	213
492	513
356	347
388	494
299	35
393	184
240	107
440	490
261	372
300	139
213	338
338	347
344	107
232	173
297	225
425	340
152	265
176	460
492	367
331	116
430	314
294	20
280	129
273	193
298	145
393	164
286	327
305	79
351	110
390	355
501	409
105	421
151	272
322	120
300	381
187	238
281	61
403	345
360	163
388	370
306	18
295	12
524	475
315	320
334	131
242	299
317	392
296	13
321	89
243	460
345	395
298	98
163	267
332	219
228	406
335	230
284	409
220	231
229	241
382	434
279	88
412	196
290	33
240	203
222	140
108	441
315	161
470	440
256	321
332	206
315	109
427	390
281	450
274	103
129	484
244	153
257	183
322	351
393	202
237	191
440	327
304	59
86	433
321	73
305	33
362	183
129	341
349	92
181	469
326	74
411	477
324	95
199	276
310	48
254	507
284	276
142	457
265	93
222	446
420	216
328	149
138	403
312	366
445	416
75	411
329	85
307	292
288	333
366	245
205	196
411	331
270	124
333	241
293	17
193	437
376	186
144	351
240	513
109	381
411	501
108	463
436	343
300	2
377	175
333	463
288	395
320	277
299	127
405	230
321	257
175	378
200	351
461	420
107	397
409	231
240	403
236	258
346	98
228	338
214	206
26	502
404	231
308	248
237	145
312	33
235	241
346	86
278	135
424	416
281	99
296	134
306	22
323	115
316	140
269	91
223	205
348	306
300	11
332	163
322	41
300	106
385	183
362	185
320	68
127	326
334	81
317	33
366	174
112	437
193	306
296	126
310	129
338	493
467	313
170	414
271	116
284	35
275	80
227	308
397	435
296	13
403	405
312	54
283	89
269	81
129	383
300	113
214	211
206	259
352	107
314	278
244	313
307	477
85	414
303	77
222	465
268	183
302	104
416	467
574	487
355	100
279	67
294	77
183	340
369	207
230	420
399	306
277	134
280	505
544	429
279	223
403	377
136	499
277	323
365	172
412	445
192	475
118	389
87	486
361	140
231	332
370	138
299	135
213	241
305	452
248	516
295	16
172	227
107	356
306	80
455	360
465	384
348	180
337	67
182	312
212	177
379	369
494	442
116	372
193	266
459	394
166	332
210	471
350	304
261	123
268	85
181	209
278	61
354	275
493	508
351	222
387	314
496	437
273	67
396	237
245	360
85	513
278	251
364	311
299	156
313	431
232	172
208	422
245	207
299	401
316	48
217	390
284	69
299	4
201	468
281	115
331	350
304	149
410	492
413	217
295	406
253	214
36	478
404	242
449	442
92	427
249	94
289	68
301	190
241	151
194	229
393	226
109	502
258	177
190	329
142	437
407	512
451	391
390	344
154	413
365	189
306	27
239	142
285	253
393	280
162	364
303	15
104	475
305	305
307	106
410	242
294	254
133	360
483	481
283	445
355	164
252	103
353	296
203	174
296	462
209	268
445	459
371	427
300	15
536	442
541	420
270	54
276	164
325	472
483	351
113	410
414	497
169	248
256	112
307	46
229	264
472	307
223	164
88	404
362	145
377	280
375	151
392	458
322	164
352	241
50	508
303	38
236	431
258	212
291	94
386	391
308	50
315	63
314	125
284	33
293	52
316	35
87	475
449	516
350	188
315	325
217	177
324	117
361	137
260	196
409	358
218	345
300	4
350	323
146	508
275	494
303	23
148	300
275	230
288	98
175	323
302	384
294	48
309	128
285	242
45	454
229	130
155	466
166	519
115	373
324	212
270	64
222	153
361	494
276	75
300	2
223	199
333	88
177	243
306	59
233	160
387	465
284	407
366	192
240	163
259	398
263	97
290	358
359	327
329	231
297	10
274	147
73	479
224	174
313	401
336	127
339	319
366	332
284	102
194	470
323	119
161	329
269	385
300	23
285	467
189	330
226	181
323	86
433	390
412	361
165	369
316	65
352	452
250	345
454	435
299	33
167	259
318	211
358	300
323	63
141	340
308	102
284	33
328	99
269	267
323	158
252	106
277	186
327	349
295	155
299	20
280	255
129	504
300	3
465	342
82	427
297	7
403	184
359	413
266	116
394	256
308	503
296	362
318	63
441	261
356	206
332	154
70	453
413	371
82	410
354	267
339	360
512	412
272	111
265	220
313	384
387	455
171	406
358	492
77	502
420	272
316	253
473	345
315	469
269	61
257	294
275	51
292	32
360	424
339	131
375	250
268	114
292	80
251	260
514	372
252	153
281	64
245	399
368	400
324	63
122	318
153	416
334	468
259	476
347	421
472	498
65	449
175	223
303	68
388	383
291	93
236	274
265	397
317	144
156	423
319	35
475	445
356	400
270	390
439	476
263	171
373	491
503	471
320	368
261	113
234	495
287	49
363	180
319	173
399	220
234	497
317	128
229	218
333	93
271	60
115	415
334	67
387	198
535	496
264	183
305	86
303	105
212	388
334	74
184	477
337	308
244	166
365	202
283	168
397	208
193	287
328	53
297	13
223	312
252	158
239	384
286	41
253	339
133	457
383	181
304	170
267	74
293	20
241	409
332	180
438	458
595	514
289	409
204	293
56	519
510	405
318	99
286	36
169	234
437	363
374	468
477	420
321	224
319	161
259	80
307	390
367	483
316	46
279	39
371	432
283	55
355	165
303	205
393	165
300	3
232	158
323	174
292	73
219	160
119	363
310	347
294	402
384	294
289	235
332	274
379	371
246	132
300	97
285	197
236	156
278	102
147	505
439	376
300	48
209	276
197	216
414	215
261	71
302	29
187	499
121	321
130	385
325	132
202	283
201	342
119	475
453	391
305	15
177	356
436	293
385	175
365	229
306	30
406	262
255	103
532	437
368	257
305	27
298	5
305	503
237	356
366	138
207	412
250	194
317	46
475	314
454	481
374	135
366	503
331	182
298	36
379	216
330	369
318	83
126	519
302	15
109	458
366	371
325	274
404	196
304	45
288	440
248	248
324	55
142	334
332	132
299	69
230	342
346	187
299	4
358	203
158	276
305	177
203	323
463	454
220	245
230	299
436	328
329	190
483	329
195	487
342	381
283	132
264	67
347	185
110	486
158	270
290	24
410	390
306	38
256	403
265	382
508	442
363	240
439	487
222	243
255	355
337	93
452	265
269	119
242	498
156	251
175	391
343	320
73	481
292	87
145	300
342	274
120	451
126	509
338	234
322	68
294	209
274	103
235	196
304	55
300	142
323	59
312	74
372	133
334	204
318	261
303	151
543	442
321	62
256	305
218	401
94	469
298	74
237	471
127	458
344	112
238	174
302	488
330	163
300	79
353	184
491	443
371	169
110	483
292	49
334	210
500	495
303	13
470	299
532	508
336	135
303	116
388	173
268	288
258	310
299	282
309	479
300	294
143	416
197	345
87	433
354	327
268	183
313	127
325	177
75	474
204	250
342	164
398	259
279	371
320	152
339	135
300	24
22	509
33	466
8	518
245	365
357	423
387	336
309	22
272	93
280	194
128	499
300	2
53	510
309	21
257	418
207	435
201	519
17	503
284	84
281	96
234	145
312	345
379	273
331	294
492	352
442	274
309	103
260	99
324	235
300	2
417	447
300	72
328	164
471	488
297	30
278	62
415	508
255	233
301	14
300	147
260	287
318	273
382	461
231	201
291	131
483	367
307	29
333	433
164	340
223	323
333	89
337	252
282	495
197	203
316	181
421	399
279	43
289	474
337	254
284	357
303	385
201	276
122	419
258	93
233	149
274	66
246	99
443	269
338	80
153	327
307	24
337	73
259	498
161	325
380	252
100	385
440	508
306	300
342	82
239	303
247	106
269	387
322	309
296	74
391	491
115	346
309	430
403	237
298	245
418	261
64	514
410	448
156	295
334	90
288	44
270	408
385	482
213	423
146	274
313	41
251	276
368	134
244	102
351	261
324	174
304	49
279	278
356	226
383	191
328	86
219	497
359	179
212	180
243	104
291	151
91	475
386	198
367	261
195	485
309	110
278	157
339	158
336	470
246	170
284	46
272	83
341	144
188	274
437	280
401	282
292	24
362	518
500	364
237	378
157	284
237	332
337	110
349	121
227	162
288	38
330	96
427	392
375	141
482	515
515	489
183	397
418	209
212	398
296	22
317	407
479	313
591	506
252	93
535	440
401	376
330	224
311	41
343	482
248	98
233	125
274	219
264	499
562	475
26	511
315	377
318	287
178	394
223	202
498	495
293	232
224	321
402	405
271	69
119	441
308	222
130	490
382	241
351	468
324	68
375	178
307	423
432	274
399	259
293	29
191	446
125	519
353	191
344	193
298	112
378	229
221	471
220	274
317	59
276	50
308	54
328	488
199	409
65	440
221	151
311	38
234	231
529	462
444	255
311	190
147	397
97	442
301	503
287	114
310	28
291	20
509	442
167	409
387	192
302	68
294	366
354	110
261	345
432	256
312	47
301	3
459	277
340	119
300	5
176	338
233	455
421	485
267	166
541	494
184	211
307	444
336	169
296	468
301	43
239	225
287	182
310	33
108	340
388	234
344	99
324	319
195	434
235	188
225	437
346	392
379	323
331	388
180	271
302	475
307	60
466	470
395	499
79	495
296	12
301	22
413	235
371	326
301	80
401	297
366	132
257	352
113	336
238	519
223	194
388	450
340	148
450	517
209	443
268	82
353	251
536	499
266	116
84	424
363	169
376	392
370	343
420	473
407	211
248	321
252	109
342	89
196	276
14	507
499	395
507	490
210	408
389	344
229	133
369	394
312	114
346	84
172	460
313	504
351	143
281	410
499	423
335	181
466	350
258	410
297	275
197	286
134	298
293	20
199	390
331	423
313	225
457	367
334	107
224	370
215	426
310	80
45	513
348	285
116	349
206	245
311	90
317	128
420	214
281	49
274	145
556	513
442	453
144	295
104	350
230	355
317	432
308	156
121	474
314	32
279	41
300	1
249	296
309	190
301	6
317	326
524	448
240	267
414	385
219	392
286	113
356	183
327	134
357	113
343	214
323	400
347	224
248	222
261	476
270	72
498	370
488	403
429	329
211	489
382	239
336	308
478	326
31	498
318	84
421	281
370	384
161	414
141	507
557	497
345	144
296	119
314	240
268	165
283	196
337	191
351	106
280	423
320	408
410	387
349	517
284	54
336	121
92	384
265	190
152	420
311	108
304	12
411	491
294	62
147	364
186	315
201	176
270	100
327	410
359	251
208	224
387	428
363	113
369	216
172	262
316	93
433	347
168	315
290	460
323	118
275	59
280	36
385	395
436	385
300	453
221	244
418	358
403	331
452	336
194	242
325	65
392	323
436	375
449	376
451	385
256	106
303	11
298	14
333	190
246	97
331	267
296	13
218	282
218	238
307	27
494	418
437	508
336	171
176	329
460	507
499	519
267	96
410	395
312	310
361	167
409	209
300	10
380	292
363	166
179	425
292	460
292	49
224	293
283	52
460	429
489	334
307	52
288	102
350	445
265	136
383	175
432	344
242	242
239	486
302	11
247	272
502	475
240	221
185	300
368	251
251	125
440	421
217	344
249	283
289	167
119	316
300	43
163	519
477	440
273	366
273	91
407	280
440	509
292	318
266	351
281	227
89	507
359	211
330	198
350	198
210	164
39	511
337	425
331	144
139	307
376	371
129	358
300	19
333	242
244	375
250	326
550	509
312	33
238	371
362	312
379	448
273	94
432	266
260	193
229	384
201	250
364	237
318	405
285	44
156	301
328	496
134	349
360	132
320	53
303	313
175	359
431	308
97	517
336	265
305	146
110	359
528	517
291	282
231	188
369	147
57	458
397	461
469	320
305	20
306	220
317	466
320	66
377	448
362	289
254	474
240	156
340	404
301	40
355	176
427	248
311	268
319	171
289	21
385	171
340	101
172	235
431	366
325	231
321	96
317	122
238	480
299	22
507	399
446	271
501	507
462	462
433	508
167	236
318	96
215	161
210	221
317	274
364	147
301	5
89	516
262	84
195	391
261	254
277	278
286	145
181	507
300	37
300	75
403	506
224	383
135	382
339	230
239	465
532	487
447	402
275	299
374	332
276	300
197	319
291	120
477	516
322	348
225	200
321	39
276	229
228	328
236	191
65	458
168	409
303	146
257	334
346	398
391	410
429	339
271	123
325	339
277	90
283	317
284	393
411	217
186	239
138	333
33	493
372	216
306	14
213	178
300	186
266	360
176	397
218	250
558	486
393	164
249	125
352	239
151	375
304	38
370	393
262	247
365	193
353	332
157	451
328	244
261	300
79	430
262	203
107	416
255	183
454	483
294	130
48	504
309	93
299	5
292	422
295	381
300	2
303	507
251	209
298	5
348	178
87	511
202	396
295	42
130	304
247	256
152	405
341	329
160	318
206	239
416	516
375	445
323	232
161	472
363	192
510	431
351	295
275	125
311	356
300	110
291	97
388	449
333	73
292	26
248	435
204	196
335	412
331	335
219	152
317	51
127	415
298	5
186	319
244	291
344	194
359	219
564	464
300	186
316	203
296	11
229	171
297	14
365	137
131	468
243	284
334	67
118	424
490	433
312	39
250	102
383	482
334	287
277	84
310	94
295	220
297	22
289	80
281	35
400	423
248	254
304	27
345	101
492	386
340	107
321	411
391	390
367	334
266	65
151	282
442	414
406	330
289	253
170	472
249	275
273	167
274	436
110	387
465	420
492	500
245	164
303	414
279	67
440	405
222	141
342	383
298	67
303	55
356	108
492	452
407	359
189	242
195	385
300	183
324	65
81	439
485	459
378	319
484	456
271	508
183	219
207	228
549	487
162	252
376	468
357	114
402	291
251	202
307	44
201	184
138	424
214	443
174	319
186	205
178	280
488	358
237	209
335	235
267	151
401	476
110	461
351	396
310	392
289	25
233	329
485	374
317	34
463	339
304	38
156	372
320	60
253	91
408	292
263	309
342	199
440	283
172	467
263	280
270	58
225	278
299	249
245	213
290	35
57	431
395	224
240	212
294	50
240	232
239	204
345	364
507	456
274	53
337	231
383	242
383	400
358	170
218	248
286	230
314	339
248	453
353	318
4	518
357	102
226	275
252	106
323	53
165	497
300	5
324	86
486	351
304	99
317	48
345	126
291	88
366	245
238	176
306	14
320	99
328	407
344	129
409	226
321	183
377	373
305	145
166	496
175	311
376	206
311	52
300	334
330	198
315	61
436	359
281	41
374	435
203	172
301	6
197	454
281	128
378	339
213	230
115	326
254	119
551	488
454	434
97	449
190	375
218	401
399	276
272	65
346	168
347	233
233	404
331	313
250	427
228	126
321	44
283	151
518	428
302	8
148	331
235	196
470	337
161	243
429	361
304	318
231	222
551	509
392	409
294	16
171	391
296	10
494	486
324	61
199	394
239	417
209	186
261	92
323	203
145	430
128	342
312	56
307	54
290	92
241	238
314	38
329	189
265	245
283	175
272	211
295	110
195	425
199	207
320	112
264	469
459	384
154	494
394	232
187	239
300	56
116	481
307	335
324	403
277	50
294	164
517	454
206	382
268	201
334	293
201	242
305	97
230	260
335	278
276	504
400	344
199	263
258	410
328	50
395	221
463	358
300	126
293	49
494	339
334	373
237	397
321	80
248	301
265	409
176	481
134	396
211	515
457	445
315	222
137	284
300	9
523	474
272	53
344	147
388	481
402	495
289	58
476	306
364	114
260	197
276	124
388	164
336	485
174	474
261	242
300	20
413	248
286	228
359	123
211	216
223	486
308	29
441	315
134	292
441	410
289	129
215	350
380	418
360	209
86	439
234	381
290	48
192	270
303	468
348	293
218	151
481	500
206	305
347	183
245	159
374	154
504	379
332	76
393	196
271	53
273	223
122	427
109	429
309	28
451	501
355	258
329	278
514	389
275	62
265	215
296	41
176	448
334	316
317	85
320	47
303	9
240	193
294	283
280	78
217	374
492	502
342	417
301	176
286	42
346	167
302	472
225	363
562	457
314	191
315	208
313	127
508	443
406	497
122	454
310	248
357	136
378	150
306	57
48	517
297	59
495	364
183	468
219	519
353	106
183	280
300	125
216	198
367	259
303	99
333	272
339	193
191	276
362	183
340	173
53	504
232	170
321	203
202	200
300	194
253	84
442	275
234	398
212	445
245	280
288	31
92	368
113	410
266	181
250	222
491	473
286	111
363	386
290	157
402	209
298	253
159	503
299	387
256	241
269	343
441	380
300	2
323	240
60	492
266	68
336	137
312	360
233	293
283	35
300	472
322	362
204	183
311	56
248	114
365	165
452	274
299	4
391	325
153	325
220	446
319	50
371	343
300	373
286	41
221	216
133	461
212	248
295	21
259	456
385	382
276	211
264	146
291	127
503	487
151	336
384	390
298	330
408	458
470	338
232	337
274	258
298	15
299	5
492	390
244	287
206	266
249	94
498	481
214	166
155	288
505	418
296	41
417	244
326	243
323	260
35	489
236	177
316	184
427	296
305	339
265	235
178	462
258	82
407	199
298	133
263	172
224	355
256	99
391	177
245	236
263	131
343	347
285	44
278	219
365	386
332	274
183	254
434	283
88	480
286	345
310	410
220	485
258	153
208	294
242	373
394	267
288	87
148	422
340	91
374	476
304	32
326	98
213	187
519	397
209	474
248	117
201	187
212	266
337	336
301	509
319	79
141	319
195	330
384	168
327	236
346	93
342	318
447	335
442	306
153	420
202	362
302	41
284	439
281	39
276	142
204	467
308	190
281	99
336	393
277	472
230	329
268	119
372	476
114	413
300	316
300	93
418	413
377	279
321	403
338	327
321	40
472	306
369	328
337	351
195	241
372	302
199	332
255	184
189	226
176	456
262	427
286	119
321	175
275	329
188	244
327	215
538	479
348	139
327	93
112	380
244	225
504	358
283	85
321	113
440	309
255	112
305	24
345	417
543	491
146	277
359	280
478	507
248	440
439	416
264	340
398	190
401	482
541	482
532	500
224	353
300	52
169	254
393	384
308	46
302	73
85	519
306	16
410	337
399	218
210	459
332	107
126	461
247	265
252	384
394	248
341	97
452	388
263	154
226	255
318	67
318	290
242	450
278	42
270	143
243	243
246	233
252	506
310	38
204	359
325	484
400	440
104	345
266	332
275	105
251	91
351	151
299	102
301	10
517	444
318	422
291	56
291	57
270	471
316	29
214	314
382	411
484	371
245	99
95	507
303	16
71	412
300	41
245	104
181	474
343	324
225	187
494	445
524	417
113	511
469	503
306	102
451	415
424	384
18	506
203	307
338	345
453	410
219	279
315	149
351	325
309	56
283	38
357	349
389	310
315	371
181	320
183	296
343	190
413	508
277	64
40	482
258	269
184	351
412	261
295	13
291	35
373	316
292	242
319	57
253	108
323	324
286	37
297	242
518	499
415	267
364	170
273	128
387	371
324	98
302	363
289	132
310	40
303	19
99	414
152	290
286	35
163	288
284	214
276	66
187	235
324	286
387	269
341	359
306	516
409	304
300	1
193	407
351	507
200	351
306	220
88	484
175	332
210	371
242	473
367	229
199	345
179	326
295	17
318	46
143	466
252	287
267	143
320	381
404	356
478	371
302	237
185	451
233	324
539	427
227	311
303	65
281	507
300	14
261	470
314	80
513	420
452	352
346	279
258	148
217	390
285	55
508	381
415	245
269	63
136	384
253	163
295	71
304	55
352	281
486	408
186	287
313	234
374	489
427	391
313	117
386	334
323	132
297	488
392	190
155	258
266	396
293	32
33	476
452	465
568	493
273	248
206	229
290	199
454	318
192	361
367	264
145	382
394	306
371	266
205	494
257	209
237	146
310	20
110	446
317	379
122	519
268	86
300	22
295	18
172	250
292	25
430	451
522	416
328	116
290	360
257	115
164	272
349	130
221	358
304	354
114	519
395	208
378	235
360	255
219	183
402	351
349	177
414	336
299	332
201	256
274	77
420	265
357	382
281	49
226	234
249	157
489	421
290	249
226	190
346	137
258	438
349	322
434	314
256	85
299	8
288	500
456	286
213	194
347	105
359	338
370	240
295	464
266	264
416	306
382	195
47	461
572	492
277	65
83	428
274	299
508	433
356	115
501	380
423	248
218	167
425	269
139	504
254	109
311	280
259	145
135	337
83	473
254	201
216	508
286	216
300	20
334	104
222	379
330	60
241	112
290	210
326	81
257	469
177	352
236	141
386	390
321	73
366	274
37	466
353	144
300	2
355	335
520	429
362	275
510	396
263	91
290	19
203	338
283	106
328	174
383	203
296	33
221	419
524	390
303	517
462	353
362	151
210	196
343	203
474	360
458	275
182	508
414	232
330	92
282	192
405	335
551	492
189	371
323	82
274	384
189	252
276	203
590	519
300	385
285	41
302	19
294	481
240	138
422	218
406	461
370	358
262	113
340	268
192	465
313	183
278	129
270	114
288	28
254	351
179	417
309	37
209	218
265	175
200	224
442	298
208	220
209	173
341	110
365	330
245	427
370	302
376	234
166	285
247	246
357	242
297	12
249	438
264	293
277	450
304	19
414	297
288	37
299	449
253	400
278	502
301	17
299	193
175	315
167	285
230	200
299	97
236	436
508	483
350	489
269	176
468	323
372	287
297	54
296	173
572	519
212	233
280	167
273	160
356	116
194	358
179	407
437	513
275	158
371	332
173	351
408	227
391	506
430	266
332	500
179	519
185	291
300	21
278	101
179	503
309	169
346	284
180	451
213	385
310	513
197	283
567	512
384	372
420	267
188	243
273	220
237	418
261	89
577	510
294	176
362	166
286	250
379	499
448	274
263	418
338	330
365	455
301	3
222	512
375	223
291	101
384	222
328	337
332	274
306	25
415	212
406	379
367	179
499	351
350	446
233	179
268	154
327	280
278	255
273	462
94	428
128	414
440	300
239	357
129	419
307	374
290	235
344	330
358	266
345	355
285	46
325	378
401	413
364	444
300	2
177	256
383	228
288	117
280	379
304	162
182	331
272	62
244	514
290	49
286	86
299	87
304	429
301	15
276	462
362	435
296	208
375	507
470	399
447	318
299	5
222	352
354	285
402	433
326	258
343	386
489	408
238	401
206	417
266	169
376	196
214	461
303	142
282	87
296	18
323	124
304	32
350	129
284	58
160	260
191	395
317	70
202	261
303	29
499	417
383	425
36	472
577	488
270	470
411	458
184	351
342	158
272	54
451	326
293	29
152	466
120	318
138	518
290	99
172	344
232	499
263	229
292	97
356	254
305	73
311	140
430	407
279	110
237	363
516	380
258	448
216	164
268	64
245	278
222	325
399	265
234	471
63	420
268	408
282	55
216	325
263	66
336	391
287	56
401	338
303	18
317	86
212	243
235	203
225	339
389	291
338	422
187	314
393	388
214	190
251	490
310	285
352	183
191	338
307	73
305	57
283	67
231	140
320	43
383	434
423	428
322	421
391	519
272	101
297	280
250	247
293	81
246	254
293	86
249	149
424	335
532	494
304	20
377	153
338	494
300	1
370	410
288	60
531	417
134	505
475	429
73	499
554	474
247	274
294	16
311	370
274	66
352	235
196	205
228	247
295	37
332	66
420	288
282	73
202	228
301	73
167	399
321	227
265	336
274	294
98	504
447	313
339	138
307	81
504	398
237	144
314	38
274	81
344	150
238	267
403	305
194	367
374	244
205	362
286	451
286	406
331	62
313	380
552	512
315	75
323	111
300	2
285	67
284	252
447	443
261	119
307	115
245	336
327	58
268	136
267	121
245	125
498	399
414	416
273	135
287	123
246	352
322	48
477	403
304	32