308	61
312	80
305	272
533	470
276	248
381	192
270	298
266	313
130	364
296	80
225	146
365	154
276	161
228	236
223	364
229	149
322	55
277	120
293	18
212	313
86	440
540	418
411	372
443	353
436	421
394	329
328	279
311	81
270	488
342	263
381	281
293	87
69	466
157	461
558	452
391	416
110	491
187	410
241	463
316	80
308	204
177	437
385	254
269	360
359	438
183	378
458	284
278	111
341	329
130	500
395	420
207	219
377	261
223	181
562	465
288	32
161	409
434	308
394	176
284	218
131	398
419	424
275	154
325	72
383	153
320	270
286	30
365	190
253	133
269	325
308	62
271	98
257	383
270	186
290	461
184	439
306	31
267	174
300	6
358	419
300	21
397	235
316	222
262	274
218	183
230	247
281	76
251	96
273	417
257	289
258	444
311	258
297	410
143	330
440	425
439	384
239	230
295	143
402	403
275	59
392	183
171	315
546	490
403	518
398	237
397	176
220	397
486	492
503	503
422	278
346	481
372	448
560	457
342	360
329	244
135	313
316	264
305	271
288	40
165	266
258	139
396	436
354	407
381	412
280	69
445	394
294	39
303	119
179	507
179	303
278	166
251	344
153	387
210	211
277	80
370	192
386	153
271	249
225	299
323	106
315	209
162	382
349	238
517	407
281	179
237	283
299	68
287	51
334	134
206	424
245	152
472	343
526	479
358	164
394	380
424	219
299	16
343	410
440	418
502	403
120	362
395	172
403	474
365	140
473	402
351	356
272	272
257	288
527	452
183	425
358	184
297	41
303	503
298	94
296	15
237	134
384	154
298	41
128	438
253	168
314	364
319	384
410	326
283	54
220	233
212	287
333	118
199	265
311	69
308	24
354	105
258	97
287	423
371	143
367	263
366	464
256	245
172	274
199	416
275	179
397	265
269	118
216	453
344	306
266	357
557	472
423	271
319	132
307	308
325	353
341	264
303	398
84	501
302	23
245	170
382	213
182	487
325	190
242	128
223	297
559	487
490	477
444	474
312	22
385	505
327	149
300	1
481	384
495	413
584	511
227	231
183	472
223	177
323	500
106	408
241	296
237	216
229	278
176	297
278	92
306	15
357	231
235	414
410	301
129	306
160	245
284	381
352	268
287	363
312	31
289	28
375	491
357	183
428	305
446	408
368	235
453	357
220	339
45	446
489	373
201	271
273	480
514	519
443	392
307	213
353	170
335	80
327	298
117	383
275	132
358	194
229	370
416	352
454	418
177	393
457	485
422	253
323	48
186	387
156	384
324	73
256	214
188	437
329	373
245	142
258	468
82	428
278	84
260	266
315	320
310	22
339	89
51	487
175	309
206	216
221	202
353	272
262	364
446	382
311	343
176	230
486	509
246	200
534	410
239	381
198	435
184	323
328	279
275	95
204	303
261	102
115	328
232	454
242	216
244	354
326	515
314	32
417	406
305	345
274	77
308	41
337	237
102	466
335	519
479	338
305	23
321	130
571	507
322	343
291	35
299	54
179	288
313	39
173	443
168	332
226	131
380	181
308	55
197	317
391	449
382	364
499	396
451	401
215	263
193	259
348	159
287	32
202	449
236	467
281	145
260	341
264	176
208	338
351	162
250	96
243	157
335	69
425	319
300	325
471	415
269	112
300	6
319	230
301	111
112	463
297	7
228	298
534	507
383	288
315	80
207	221
301	36
350	155
380	211
239	222
215	337
483	380
397	234
342	243
426	220
478	424
307	70
383	214
86	397
342	486
185	409
190	384
470	384
404	391
304	14
168	236
289	35
254	150
180	519
355	132
321	49
442	302
260	235
246	175
427	357
199	188
262	89
160	341
211	215
306	18
185	489
248	302
304	471
329	120
329	83
388	451
183	233
228	297
372	150
308	96
153	496
294	12
330	385
210	379
105	442
268	151
203	200
493	457
383	397
166	439
320	54
201	370
165	293
193	188
188	377
238	280
83	474
452	299
344	377
303	164
437	274
402	353
142	408
322	118
166	488
401	336
377	138
270	125
570	513
322	52
380	192
318	111
352	150
347	389
451	401
564	480
295	266
386	397
364	229
361	119
285	379
335	69
139	373
182	513
259	99
372	395
158	311
393	261
342	154
254	506
157	263
462	383
526	517
289	276
372	213
216	304
300	115
387	234
121	358
242	419
446	348
311	54
465	354
468	428
270	395
208	240
242	271
270	286
305	30
279	87
318	42
183	228
409	216
177	463
355	142
299	93
75	441
305	248
528	483
183	442
300	4
470	507
241	414
301	345
227	335
298	5
297	434
66	434
292	27
332	260
296	98
257	82
112	458
291	22
328	438
83	516
472	403
240	373
161	367
403	286
269	135
223	175
435	448
308	491
125	401
318	53
96	356
291	20
333	135
242	152
298	12
263	99
300	1
304	73
351	334
390	253
163	309
289	28
324	514
231	366
551	470
247	266
311	235
186	498
411	283
180	377
450	302
421	317
112	488
312	37
292	193
188	339
272	189
360	336
298	346
312	134
344	364
418	254
296	111
255	140
169	462
133	306
257	188
226	454
302	111
511	467
353	209
195	487
344	516
436	294
357	332
246	125
305	14
354	137
477	372
291	185
301	41
300	3
141	407
367	208
416	337
274	66
289	106
330	179
83	416
414	236
265	80
279	168
389	310
265	261
225	275
284	158
385	434
316	39
563	468
110	367
360	298
322	69
189	372
291	58
285	54
182	467
275	119
539	441
333	67
287	487
524	479
494	513
325	320
251	86
152	354
300	41
358	339
310	248
196	262
257	106
236	212
393	252
282	265
290	399
300	5
272	415
391	202
151	277
141	378
42	506
104	351
74	410
541	502
284	188
219	254
57	473
122	409
418	237
111	407
299	485
221	177
318	134
336	223
299	16
459	304
426	494
197	251
344	88
219	175
274	103
324	48
287	47
475	416
286	125
263	209
261	99
232	168
368	269
258	95
96	358
336	308
61	421
340	93
470	519
392	270
354	230
341	448
339	107
334	80
308	241
438	449
446	332
159	251
299	3
394	512
394	327
381	252
423	256
257	406
39	459
238	428
457	382
261	264
483	325
128	306
338	190
138	464
325	59
246	239
171	306
570	519
329	151
339	294
315	342
446	269
196	216
190	430
431	435
342	212
300	316
191	235
136	333
197	353
217	178
270	186
264	410
391	211
268	145
341	107
304	67
235	303
274	158
224	145
319	98
115	448
402	236
373	259
290	138
389	431
162	492
254	196
158	293
335	114
163	327
209	369
520	397
167	460
250	132
315	36
322	480
302	198
300	1
300	17
517	382
288	96
261	103
187	203
273	319
323	80
292	15
286	495
290	42
531	458
158	351
393	246
507	480
316	31
474	492
369	222
346	273
482	390
317	56
191	248
328	118
342	462
242	170
285	84
328	140
412	473
437	274
476	325
329	209
300	34
421	516
369	125
324	450
375	338
208	209
186	254
299	58
377	245
258	516
306	62
530	518
290	78
196	331
306	442
393	277
337	235
274	312
529	423
396	249
249	317
273	196
272	82
371	424
109	367
308	96
428	339
319	38
251	389
332	300
318	357
414	270
108	470
247	160
85	394
307	170
246	113
375	177
282	235
238	206
200	365
271	182
272	183
326	200
302	433
326	72
212	371
316	91
152	306
255	211
355	308
183	232
306	21
282	314
136	449
321	62
105	409
433	403
343	164
524	414
544	489
281	61
529	406
294	37
376	243
295	12
304	32
299	478
329	187
413	389
195	306
281	491
397	451
266	118
300	2
158	493
293	39
340	209
321	41
437	339
264	472
182	341
300	8
214	174
36	510
340	502
242	354
189	440
300	286
318	73
404	210
179	494
371	152
258	338
285	61
254	184
442	293
223	240
343	150
218	312
331	417
197	367
320	334
285	34
194	429
317	84
344	85
223	195
494	346
420	417
437	280
238	137
196	271
297	10
318	251
395	225
243	196
268	348
439	487
410	306
420	486
310	53
362	202
337	164
450	352
79	453
404	184
365	439
252	442
298	328
427	253
498	478
144	282
76	435
420	217
490	503
527	405
441	453
174	517
238	189
138	451
285	38
296	353
408	411
303	11
383	172
290	24
165	251
345	451
316	230
299	402
228	145
225	355
332	166
293	170
387	489
282	137
470	397
35	481
380	423
459	319
250	204
265	185
200	426
316	33
423	436
297	361
72	514
438	461
421	215
393	187
247	318
297	217
350	196
350	274
242	459
378	209
463	519
293	265
301	5
284	54
338	469
294	108
347	235
128	326
299	90
300	2
285	29
358	306
258	277
127	461
397	472
452	378
285	45
439	455
300	55
40	505
140	368
501	382
257	150
304	11
345	219
228	400
295	19
340	391
347	84
315	437
251	462
311	328
293	48
288	167
196	321
285	56
89	455
300	3
382	344
393	312
97	432
144	512
334	439
422	434
217	188
280	83
301	15
218	471
402	414
249	480
250	208
348	185
308	199
124	310
412	464
305	28
301	116
108	433
298	22
303	89
204	232
252	484
241	114
295	18
278	385
371	137
213	193
210	243
526	471
451	293